START
Repeated 0 time
f2=0.476943 a2=0.523057
f3=0.173077 a3=0.349980
f4=0.084312 a4=0.265668
f5=0.048263 a5=0.217405
f6=0.030596 a6=0.186809
f7=0.020811 a7=0.165998
f8=0.014904 a8=0.151093
f9=0.011103 a9=0.139990
f10=0.139990
[ 0.476943,  0.173077,  0.084312,  0.048263,  0.030596,  0.020811,  0.014904,  0.011103, 0.139990]
0.139990 == 0.139990

total 92464 nodes
[ 0.000032,  0.480209,  0.170553,  0.084368,  0.044936,  0.033646,  0.018083,  0.015812,  0.012740,  0.139622,  0.000000,  0.000000,  0.000000,  0.000000,  0.000000,  0.000000,  0.000000,  0.000000,  0.000000,  0.000000,  0.000000,  0.000000,  0.000000,  0.000000,  0.000000,  0.000000,  0.000000,  0.000000,  0.000000,  0.000000,  0.000000,  0.000000,  0.000000,  0.000000,  0.000000,  0.000000,  0.000000,  0.000000,  0.000000,  0.000000,  0.000000,  0.000000,  0.000000,  0.000000,  0.000000,  0.000000,  0.000000,  0.000000,  0.000000,  0.000000,  0.000000,  0.000000,  0.000000,  0.000000,  0.000000,  0.000000,  0.000000,  0.000000,  0.000000,  0.000000,  0.000000,  0.000000,  0.000000,  0.000000,  0.000000,  0.000000,  0.000000,  0.000000,  0.000000,  0.000000,  0.000000,  0.000000,  0.000000,  0.000000,  0.000000,  0.000000,  0.000000,  0.000000,  0.000000,  0.000000,  0.000000,  0.000000,  0.000000,  0.000000,  0.000000,  0.000000,  0.000000,  0.000000,  0.000000,  0.000000,  0.000000,  0.000000,  0.000000,  0.000000,  0.000000,  0.000000,  0.000000,  0.000000,  0.000000,  0.000000 ]
checksum = 1.000000
Repeated 1 time
f2=0.476943 a2=0.523057
f3=0.173077 a3=0.349980
f4=0.084312 a4=0.265668
f5=0.048263 a5=0.217405
f6=0.030596 a6=0.186809
f7=0.020811 a7=0.165998
f8=0.014904 a8=0.151093
f9=0.011103 a9=0.139990
f10=0.139990
[ 0.476943,  0.173077,  0.084312,  0.048263,  0.030596,  0.020811,  0.014904,  0.011103, 0.139990]
0.139990 == 0.139990

total 91844 nodes
[ 0.000131,  0.478551,  0.164485,  0.090458,  0.052927,  0.023333,  0.020197,  0.018390,  0.011683,  0.139846,  0.000000,  0.000000,  0.000000,  0.000000,  0.000000,  0.000000,  0.000000,  0.000000,  0.000000,  0.000000,  0.000000,  0.000000,  0.000000,  0.000000,  0.000000,  0.000000,  0.000000,  0.000000,  0.000000,  0.000000,  0.000000,  0.000000,  0.000000,  0.000000,  0.000000,  0.000000,  0.000000,  0.000000,  0.000000,  0.000000,  0.000000,  0.000000,  0.000000,  0.000000,  0.000000,  0.000000,  0.000000,  0.000000,  0.000000,  0.000000,  0.000000,  0.000000,  0.000000,  0.000000,  0.000000,  0.000000,  0.000000,  0.000000,  0.000000,  0.000000,  0.000000,  0.000000,  0.000000,  0.000000,  0.000000,  0.000000,  0.000000,  0.000000,  0.000000,  0.000000,  0.000000,  0.000000,  0.000000,  0.000000,  0.000000,  0.000000,  0.000000,  0.000000,  0.000000,  0.000000,  0.000000,  0.000000,  0.000000,  0.000000,  0.000000,  0.000000,  0.000000,  0.000000,  0.000000,  0.000000,  0.000000,  0.000000,  0.000000,  0.000000,  0.000000,  0.000000,  0.000000,  0.000000,  0.000000,  0.000000 ]
checksum = 1.000000
Repeated 2 time
f2=0.476943 a2=0.523057
f3=0.173077 a3=0.349980
f4=0.084312 a4=0.265668
f5=0.048263 a5=0.217405
f6=0.030596 a6=0.186809
f7=0.020811 a7=0.165998
f8=0.014904 a8=0.151093
f9=0.011103 a9=0.139990
f10=0.139990
[ 0.476943,  0.173077,  0.084312,  0.048263,  0.030596,  0.020811,  0.014904,  0.011103, 0.139990]
0.139990 == 0.139990

total 92116 nodes
[ 0.000065,  0.475911,  0.174769,  0.081766,  0.051196,  0.027932,  0.021473,  0.015491,  0.013776,  0.137620,  0.000000,  0.000000,  0.000000,  0.000000,  0.000000,  0.000000,  0.000000,  0.000000,  0.000000,  0.000000,  0.000000,  0.000000,  0.000000,  0.000000,  0.000000,  0.000000,  0.000000,  0.000000,  0.000000,  0.000000,  0.000000,  0.000000,  0.000000,  0.000000,  0.000000,  0.000000,  0.000000,  0.000000,  0.000000,  0.000000,  0.000000,  0.000000,  0.000000,  0.000000,  0.000000,  0.000000,  0.000000,  0.000000,  0.000000,  0.000000,  0.000000,  0.000000,  0.000000,  0.000000,  0.000000,  0.000000,  0.000000,  0.000000,  0.000000,  0.000000,  0.000000,  0.000000,  0.000000,  0.000000,  0.000000,  0.000000,  0.000000,  0.000000,  0.000000,  0.000000,  4: command not found
nohup: ignoring input
