Repeated 0 time
f2=0.476943 a2=0.523057
f3=0.173077 a3=0.349980
f4=0.084312 a4=0.265668
f5=0.048263 a5=0.217405
f6=0.030596 a6=0.186809
f7=0.020811 a7=0.165998
f8=0.014904 a8=0.151093
f9=0.011103 a9=0.139990
f10=0.139990
[ 0.476943,  0.173077,  0.084312,  0.048263,  0.030596,  0.020811,  0.014904,  0.011103, 0.139990]
0.139990 == 0.139990

total 91752 nodes
[ 0.000142,  0.482267,  0.166100,  0.082342,  0.053339,  0.028686,  0.024098,  0.011727,  0.008872,  0.142427,  0.000000,  0.000000,  0.000000,  0.000000,  0.000000,  0.000000,  0.000000,  0.000000,  0.000000,  0.000000,  0.000000,  0.000000,  0.000000,  0.000000,  0.000000,  0.000000,  0.000000,  0.000000,  0.000000,  0.000000,  0.000000,  0.000000,  0.000000,  0.000000,  0.000000,  0.000000,  0.000000,  0.000000,  0.000000,  0.000000,  0.000000,  0.000000,  0.000000,  0.000000,  0.000000,  0.000000,  0.000000,  0.000000,  0.000000,  0.000000,  0.000000,  0.000000,  0.000000,  0.000000,  0.000000,  0.000000,  0.000000,  0.000000,  0.000000,  0.000000,  0.000000,  0.000000,  0.000000,  0.000000,  0.000000,  0.000000,  0.000000,  0.000000,  0.000000,  0.000000,  0.000000,  0.000000,  0.000000,  0.000000,  0.000000,  0.000000,  0.000000,  0.000000,  0.000000,  0.000000,  0.000000,  0.000000,  0.000000,  0.000000,  0.000000,  0.000000,  0.000000,  0.000000,  0.000000,  0.000000,  0.000000,  0.000000,  0.000000,  0.000000,  0.000000,  0.000000,  0.000000,  0.000000,  0.000000,  0.000000 ]
checksum = 1.000000
Repeated 1 time
f2=0.476943 a2=0.523057
f3=0.173077 a3=0.349980
f4=0.084312 a4=0.265668
f5=0.048263 a5=0.217405
f6=0.030596 a6=0.186809
f7=0.020811 a7=0.165998
f8=0.014904 a8=0.151093
f9=0.011103 a9=0.139990
f10=0.139990
[ 0.476943,  0.173077,  0.084312,  0.048263,  0.030596,  0.020811,  0.014904,  0.011103, 0.139990]
0.139990 == 0.139990

total 92184 nodes
[ 0.000065,  0.471611,  0.173696,  0.087369,  0.047275,  0.038000,  0.018799,  0.011466,  0.014959,  0.136759,  0.000000,  0.000000,  0.000000,  0.000000,  0.000000,  0.000000,  0.000000,  0.000000,  0.000000,  0.000000,  0.000000,  0.000000,  0.000000,  0.000000,  0.000000,  0.000000,  0.000000,  0.000000,  0.000000,  0.000000,  0.000000,  0.000000,  0.000000,  0.000000,  0.000000,  0.000000,  0.000000,  0.000000,  0.000000,  0.000000,  0.000000,  0.000000,  0.000000,  0.000000,  0.000000,  0.000000,  0.000000,  0.000000,  0.000000,  0.000000,  0.000000,  0.000000,  0.000000,  0.000000,  0.000000,  0.000000,  0.000000,  0.000000,  0.000000,  0.000000,  0.000000,  0.000000,  0.000000,  0.000000,  0.000000,  0.000000,  0.000000,  0.000000,  0.000000,  0.000000,  0.000000,  0.000000,  0.000000,  0.000000,  0.000000,  0.000000,  0.000000,  0.000000,  0.000000,  0.000000,  0.000000,  0.000000,  0.000000,  0.000000,  0.000000,  0.000000,  0.000000,  0.000000,  0.000000,  0.000000,  0.000000,  0.000000,  0.000000,  0.000000,  0.000000,  0.000000,  0.000000,  0.000000,  0.000000,  0.000000 ]
checksum = 1.000000
Repeated 2 time
f2=0.476943 a2=0.523057
f3=0.173077 a3=0.349980
f4=0.084312 a4=0.265668
f5=0.048263 a5=0.217405
f6=0.030596 a6=0.186809
f7=0.020811 a7=0.165998
f8=0.014904 a8=0.151093
f9=0.011103 a9=0.139990
f10=0.139990
[ 0.476943,  0.173077,  0.084312,  0.048263,  0.030596,  0.020811,  0.014904,  0.011103, 0.139990]
0.139990 == 0.139990

total 91732 nodes
[ 0.000033,  0.479233,  0.167619,  0.086153,  0.049601,  0.028049,  0.023078,  0.016548,  0.011534,  0.138152,  0.000000,  0.000000,  0.000000,  0.000000,  0.000000,  0.000000,  0.000000,  0.000000,  0.000000,  0.000000,  0.000000,  0.000000,  0.000000,  0.000000,  0.000000,  0.000000,  0.000000,  0.000000,  0.000000,  0.000000,  0.000000,  0.000000,  0.000000,  0.000000,  0.000000,  0.000000,  0.000000,  0.000000,  0.000000,  0.000000,  0.000000,  0.000000,  0.000000,  0.000000,  0.000000,  0.000000,  0.000000,  0.000000,  0.000000,  0.000000,  0.000000,  0.000000,  0.000000,  0.000000,  0.000000,  0.000000,  0.000000,  0.000000,  0.000000,  0.000000,  0.000000,  0.000000,  0.000000,  0.000000,  0.000000,  0.000000,  0.000000,  0.000000,  0.000000,  0.000000,  0.000000,  0.000000,  0.000000,  0.000000,  0.000000,  0.000000,  0.000000,  0.000000,  0.000000,  0.000000,  0.000000,  0.000000,  0.000000,  0.000000,  0.000000,  0.000000,  0.000000,  0.000000,  0.000000,  0.000000,  0.000000,  0.000000,  0.000000,  0.000000,  0.000000,  0.000000,  0.000000,  0.000000,  0.000000,  0.000000 ]
checksum = 1.000000
Repeated 3 time
f2=0.476943 a2=0.523057
f3=0.173077 a3=0.349980
f4=0.084312 a4=0.265668
f5=0.048263 a5=0.217405
f6=0.030596 a6=0.186809
f7=0.020811 a7=0.165998
f8=0.014904 a8=0.151093
f9=0.011103 a9=0.139990
f10=0.139990
[ 0.476943,  0.173077,  0.084312,  0.048263,  0.030596,  0.020811,  0.014904,  0.011103, 0.139990]
0.139990 == 0.139990

total 92376 nodes
[ 0.000054,  0.475654,  0.171332,  0.088053,  0.046430,  0.034966,  0.018316,  0.015588,  0.008909,  0.140697,  0.000000,  0.000000,  0.000000,  0.000000,  0.000000,  0.000000,  0.000000,  0.000000,  0.000000,  0.000000,  0.000000,  0.000000,  0.000000,  0.000000,  0.000000,  0.000000,  0.000000,  0.000000,  0.000000,  0.000000,  0.000000,  0.000000,  0.000000,  0.000000,  0.000000,  0.000000,  0.000000,  0.000000,  0.000000,  0.000000,  0.000000,  0.000000,  0.000000,  0.000000,  0.000000,  0.000000,  0.000000,  0.000000,  0.000000,  0.000000,  0.000000,  0.000000,  0.000000,  0.000000,  0.000000,  0.000000,  0.000000,  0.000000,  0.000000,  0.000000,  0.000000,  0.000000,  0.000000,  0.000000,  0.000000,  0.000000,  0.000000,  0.000000,  0.000000,  0.000000,  0.000000,  0.000000,  0.000000,  0.000000,  0.000000,  0.000000,  0.000000,  0.000000,  0.000000,  0.000000,  0.000000,  0.000000,  0.000000,  0.000000,  0.000000,  0.000000,  0.000000,  0.000000,  0.000000,  0.000000,  0.000000,  0.000000,  0.000000,  0.000000,  0.000000,  0.000000,  0.000000,  0.000000,  0.000000,  0.000000 ]
checksum = 1.000000
Repeated 4 time
f2=0.476943 a2=0.523057
f3=0.173077 a3=0.349980
f4=0.084312 a4=0.265668
f5=0.048263 a5=0.217405
f6=0.030596 a6=0.186809
f7=0.020811 a7=0.165998
f8=0.014904 a8=0.151093
f9=0.011103 a9=0.139990
f10=0.139990
[ 0.476943,  0.173077,  0.084312,  0.048263,  0.030596,  0.020811,  0.014904,  0.011103, 0.139990]
0.139990 == 0.139990

total 92128 nodes
[ 0.000065,  0.474633,  0.178198,  0.079683,  0.053632,  0.026322,  0.023326,  0.012276,  0.010540,  0.141325,  0.000000,  0.000000,  0.000000,  0.000000,  0.000000,  0.000000,  0.000000,  0.000000,  0.000000,  0.000000,  0.000000,  0.000000,  0.000000,  0.000000,  0.000000,  0.000000,  0.000000,  0.000000,  0.000000,  0.000000,  0.000000,  0.000000,  0.000000,  0.000000,  0.000000,  0.000000,  0.000000,  0.000000,  0.000000,  0.000000,  0.000000,  0.000000,  0.000000,  0.000000,  0.000000,  0.000000,  0.000000,  0.000000,  0.000000,  0.000000,  0.000000,  0.000000,  0.000000,  0.000000,  0.000000,  0.000000,  0.000000,  0.000000,  0.000000,  0.000000,  0.000000,  0.000000,  0.000000,  0.000000,  0.000000,  0.000000,  0.000000,  0.000000,  0.000000,  0.000000,  0.000000,  0.000000,  0.000000,  0.000000,  0.000000,  0.000000,  0.000000,  0.000000,  0.000000,  0.000000,  0.000000,  0.000000,  0.000000,  0.000000,  0.000000,  0.000000,  0.000000,  0.000000,  0.000000,  0.000000,  0.000000,  0.000000,  0.000000,  0.000000,  0.000000,  0.000000,  0.000000,  0.000000,  0.000000,  0.000000 ]
checksum = 1.000000
Repeated 5 time
f2=0.476943 a2=0.523057
f3=0.173077 a3=0.349980
f4=0.084312 a4=0.265668
f5=0.048263 a5=0.217405
f6=0.030596 a6=0.186809
f7=0.020811 a7=0.165998
f8=0.014904 a8=0.151093
f9=0.011103 a9=0.139990
f10=0.139990
[ 0.476943,  0.173077,  0.084312,  0.048263,  0.030596,  0.020811,  0.014904,  0.011103, 0.139990]
0.139990 == 0.139990

total 92018 nodes
[ 0.000054,  0.471875,  0.177943,  0.087972,  0.042492,  0.035700,  0.017475,  0.012824,  0.013813,  0.139853,  0.000000,  0.000000,  0.000000,  0.000000,  0.000000,  0.000000,  0.000000,  0.000000,  0.000000,  0.000000,  0.000000,  0.000000,  0.000000,  0.000000,  0.000000,  0.000000,  0.000000,  0.000000,  0.000000,  0.000000,  0.000000,  0.000000,  0.000000,  0.000000,  0.000000,  0.000000,  0.000000,  0.000000,  0.000000,  0.000000,  0.000000,  0.000000,  0.000000,  0.000000,  0.000000,  0.000000,  0.000000,  0.000000,  0.000000,  0.000000,  0.000000,  0.000000,  0.000000,  0.000000,  0.000000,  0.000000,  0.000000,  0.000000,  0.000000,  0.000000,  0.000000,  0.000000,  0.000000,  0.000000,  0.000000,  0.000000,  0.000000,  0.000000,  0.000000,  0.000000,  0.000000,  0.000000,  0.000000,  0.000000,  0.000000,  0.000000,  0.000000,  0.000000,  0.000000,  0.000000,  0.000000,  0.000000,  0.000000,  0.000000,  0.000000,  0.000000,  0.000000,  0.000000,  0.000000,  0.000000,  0.000000,  0.000000,  0.000000,  0.000000,  0.000000,  0.000000,  0.000000,  0.000000,  0.000000,  0.000000 ]
checksum = 1.000000
Repeated 6 time
f2=0.476943 a2=0.523057
f3=0.173077 a3=0.349980
f4=0.084312 a4=0.265668
f5=0.048263 a5=0.217405
f6=0.030596 a6=0.186809
f7=0.020811 a7=0.165998
f8=0.014904 a8=0.151093
f9=0.011103 a9=0.139990
f10=0.139990
[ 0.476943,  0.173077,  0.084312,  0.048263,  0.030596,  0.020811,  0.014904,  0.011103, 0.139990]
0.139990 == 0.139990

total 92518 nodes
[ 0.000097,  0.481139,  0.164184,  0.089918,  0.049363,  0.028654,  0.021823,  0.013349,  0.013284,  0.138189,  0.000000,  0.000000,  0.000000,  0.000000,  0.000000,  0.000000,  0.000000,  0.000000,  0.000000,  0.000000,  0.000000,  0.000000,  0.000000,  0.000000,  0.000000,  0.000000,  0.000000,  0.000000,  0.000000,  0.000000,  0.000000,  0.000000,  0.000000,  0.000000,  0.000000,  0.000000,  0.000000,  0.000000,  0.000000,  0.000000,  0.000000,  0.000000,  0.000000,  0.000000,  0.000000,  0.000000,  0.000000,  0.000000,  0.000000,  0.000000,  0.000000,  0.000000,  0.000000,  0.000000,  0.000000,  0.000000,  0.000000,  0.000000,  0.000000,  0.000000,  0.000000,  0.000000,  0.000000,  0.000000,  0.000000,  0.000000,  0.000000,  0.000000,  0.000000,  0.000000,  0.000000,  0.000000,  0.000000,  0.000000,  0.000000,  0.000000,  0.000000,  0.000000,  0.000000,  0.000000,  0.000000,  0.000000,  0.000000,  0.000000,  0.000000,  0.000000,  0.000000,  0.000000,  0.000000,  0.000000,  0.000000,  0.000000,  0.000000,  0.000000,  0.000000,  0.000000,  0.000000,  0.000000,  0.000000,  0.000000 ]
checksum = 1.000000
Repeated 7 time
f2=0.476943 a2=0.523057
f3=0.173077 a3=0.349980
f4=0.084312 a4=0.265668
f5=0.048263 a5=0.217405
f6=0.030596 a6=0.186809
f7=0.020811 a7=0.165998
f8=0.014904 a8=0.151093
f9=0.011103 a9=0.139990
f10=0.139990
[ 0.476943,  0.173077,  0.084312,  0.048263,  0.030596,  0.020811,  0.014904,  0.011103, 0.139990]
0.139990 == 0.139990

total 91412 nodes
[ 0.000120,  0.478898,  0.167932,  0.082648,  0.054676,  0.029996,  0.020347,  0.012405,  0.016497,  0.136481,  0.000000,  0.000000,  0.000000,  0.000000,  0.000000,  0.000000,  0.000000,  0.000000,  0.000000,  0.000000,  0.000000,  0.000000,  0.000000,  0.000000,  0.000000,  0.000000,  0.000000,  0.000000,  0.000000,  0.000000,  0.000000,  0.000000,  0.000000,  0.000000,  0.000000,  0.000000,  0.000000,  0.000000,  0.000000,  0.000000,  0.000000,  0.000000,  0.000000,  0.000000,  0.000000,  0.000000,  0.000000,  0.000000,  0.000000,  0.000000,  0.000000,  0.000000,  0.000000,  0.000000,  0.000000,  0.000000,  0.000000,  0.000000,  0.000000,  0.000000,  0.000000,  0.000000,  0.000000,  0.000000,  0.000000,  0.000000,  0.000000,  0.000000,  0.000000,  0.000000,  0.000000,  0.000000,  0.000000,  0.000000,  0.000000,  0.000000,  0.000000,  0.000000,  0.000000,  0.000000,  0.000000,  0.000000,  0.000000,  0.000000,  0.000000,  0.000000,  0.000000,  0.000000,  0.000000,  0.000000,  0.000000,  0.000000,  0.000000,  0.000000,  0.000000,  0.000000,  0.000000,  0.000000,  0.000000,  0.000000 ]
checksum = 1.000000
Repeated 8 time
f2=0.476943 a2=0.523057
f3=0.173077 a3=0.349980
f4=0.084312 a4=0.265668
f5=0.048263 a5=0.217405
f6=0.030596 a6=0.186809
f7=0.020811 a7=0.165998
f8=0.014904 a8=0.151093
f9=0.011103 a9=0.139990
f10=0.139990
[ 0.476943,  0.173077,  0.084312,  0.048263,  0.030596,  0.020811,  0.014904,  0.011103, 0.139990]
0.139990 == 0.139990

total 92696 nodes
[ 0.000151,  0.476623,  0.167127,  0.089594,  0.050045,  0.029904,  0.018652,  0.014607,  0.011780,  0.141516,  0.000000,  0.000000,  0.000000,  0.000000,  0.000000,  0.000000,  0.000000,  0.000000,  0.000000,  0.000000,  0.000000,  0.000000,  0.000000,  0.000000,  0.000000,  0.000000,  0.000000,  0.000000,  0.000000,  0.000000,  0.000000,  0.000000,  0.000000,  0.000000,  0.000000,  0.000000,  0.000000,  0.000000,  0.000000,  0.000000,  0.000000,  0.000000,  0.000000,  0.000000,  0.000000,  0.000000,  0.000000,  0.000000,  0.000000,  0.000000,  0.000000,  0.000000,  0.000000,  0.000000,  0.000000,  0.000000,  0.000000,  0.000000,  0.000000,  0.000000,  0.000000,  0.000000,  0.000000,  0.000000,  0.000000,  0.000000,  0.000000,  0.000000,  0.000000,  0.000000,  0.000000,  0.000000,  0.000000,  0.000000,  0.000000,  0.000000,  0.000000,  0.000000,  0.000000,  0.000000,  0.000000,  0.000000,  0.000000,  0.000000,  0.000000,  0.000000,  0.000000,  0.000000,  0.000000,  0.000000,  0.000000,  0.000000,  0.000000,  0.000000,  0.000000,  0.000000,  0.000000,  0.000000,  0.000000,  0.000000 ]
checksum = 1.000000
Repeated 9 time
f2=0.476943 a2=0.523057
f3=0.173077 a3=0.349980
f4=0.084312 a4=0.265668
f5=0.048263 a5=0.217405
f6=0.030596 a6=0.186809
f7=0.020811 a7=0.165998
f8=0.014904 a8=0.151093
f9=0.011103 a9=0.139990
f10=0.139990
[ 0.476943,  0.173077,  0.084312,  0.048263,  0.030596,  0.020811,  0.014904,  0.011103, 0.139990]
0.139990 == 0.139990

total 92240 nodes
[ 0.000033,  0.474556,  0.169980,  0.090774,  0.049480,  0.031938,  0.016999,  0.018029,  0.006570,  0.141641,  0.000000,  0.000000,  0.000000,  0.000000,  0.000000,  0.000000,  0.000000,  0.000000,  0.000000,  0.000000,  0.000000,  0.000000,  0.000000,  0.000000,  0.000000,  0.000000,  0.000000,  0.000000,  0.000000,  0.000000,  0.000000,  0.000000,  0.000000,  0.000000,  0.000000,  0.000000,  0.000000,  0.000000,  0.000000,  0.000000,  0.000000,  0.000000,  0.000000,  0.000000,  0.000000,  0.000000,  0.000000,  0.000000,  0.000000,  0.000000,  0.000000,  0.000000,  0.000000,  0.000000,  0.000000,  0.000000,  0.000000,  0.000000,  0.000000,  0.000000,  0.000000,  0.000000,  0.000000,  0.000000,  0.000000,  0.000000,  0.000000,  0.000000,  0.000000,  0.000000,  0.000000,  0.000000,  0.000000,  0.000000,  0.000000,  0.000000,  0.000000,  0.000000,  0.000000,  0.000000,  0.000000,  0.000000,  0.000000,  0.000000,  0.000000,  0.000000,  0.000000,  0.000000,  0.000000,  0.000000,  0.000000,  0.000000,  0.000000,  0.000000,  0.000000,  0.000000,  0.000000,  0.000000,  0.000000,  0.000000 ]
checksum = 1.000000
====================
[ 0.000000,  0.000081,  0.476649,  0.170411,  0.086450,  0.049633,  0.031222,  0.020291,  0.013882,  0.011676,  0.139704,  0.000000,  0.000000,  0.000000,  0.000000,  0.000000,  0.000000,  0.000000,  0.000000,  0.000000,  0.000000,  0.000000,  0.000000,  0.000000,  0.000000,  0.000000,  0.000000,  0.000000,  0.000000,  0.000000,  0.000000,  0.000000,  0.000000,  0.000000,  0.000000,  0.000000,  0.000000,  0.000000,  0.000000,  0.000000,  0.000000,  0.000000,  0.000000,  0.000000,  0.000000,  0.000000,  0.000000,  0.000000,  0.000000,  0.000000,  0.000000,  0.000000,  0.000000,  0.000000,  0.000000,  0.000000,  0.000000,  0.000000,  0.000000,  0.000000,  0.000000,  0.000000,  0.000000,  0.000000,  0.000000,  0.000000,  0.000000,  0.000000,  0.000000,  0.000000,  0.000000,  0.000000,  0.000000,  0.000000,  0.000000,  0.000000,  0.000000,  0.000000,  0.000000,  0.000000,  0.000000,  0.000000,  0.000000,  0.000000,  0.000000,  0.000000,  0.000000,  0.000000,  0.000000,  0.000000,  0.000000,  0.000000,  0.000000,  0.000000,  0.000000,  0.000000,  0.000000,  0.000000,  0.000000,  0.000000,  0.000000 ]
f2=0.476943 a2=0.523057
f3=0.173077 a3=0.349980
f4=0.084312 a4=0.265668
f5=0.048263 a5=0.217405
f6=0.030596 a6=0.186809
f7=0.020811 a7=0.165998
f8=0.014904 a8=0.151093
f9=0.011103 a9=0.139990
f10=0.139990
[ 0.476943,  0.173077,  0.084312,  0.048263,  0.030596,  0.020811,  0.014904,  0.011103, 0.139990]
0.139990 == 0.139990
