Repeated 0 time
f2=0.512817 a2=0.487183
f3=0.186095 a3=0.301088
f4=0.090654 a4=0.210433
f5=0.051893 a5=0.158540
f6=0.032897 a6=0.125643
f7=0.022377 a7=0.103266
f8=0.016026 a8=0.087241
f9=0.011938 a9=0.075303
f10=0.009174 a10=0.066129
f11=0.007229 a11=0.058900
f12=0.005815 a12=0.053085
f13=0.004761 a13=0.048324
f14=0.003956 a14=0.044368
f15=0.003329 a15=0.041039
f16=0.002833 a16=0.038207
f17=0.002435 a17=0.035772
f18=0.002110 a18=0.033662
f19=0.001844 a19=0.031818
f20=0.031818
[ 0.512817,  0.186095,  0.090654,  0.051893,  0.032897,  0.022377,  0.016026,  0.011938,  0.009174,  0.007229,  0.005815,  0.004761,  0.003956,  0.003329,  0.002833,  0.002435,  0.002110,  0.001844, 0.031818]
0.031818 == 0.031818

total 92548 nodes
[ 0.000746,  0.519287,  0.182878,  0.087922,  0.052675,  0.032383,  0.019665,  0.016705,  0.009627,  0.011972,  0.009379,  0.004322,  0.002636,  0.005932,  0.003814,  0.001891,  0.001664,  0.001167,  0.003966,  0.031368,  0.000000,  0.000000,  0.000000,  0.000000,  0.000000,  0.000000,  0.000000,  0.000000,  0.000000,  0.000000,  0.000000,  0.000000,  0.000000,  0.000000,  0.000000,  0.000000,  0.000000,  0.000000,  0.000000,  0.000000,  0.000000,  0.000000,  0.000000,  0.000000,  0.000000,  0.000000,  0.000000,  0.000000,  0.000000,  0.000000,  0.000000,  0.000000,  0.000000,  0.000000,  0.000000,  0.000000,  0.000000,  0.000000,  0.000000,  0.000000,  0.000000,  0.000000,  0.000000,  0.000000,  0.000000,  0.000000,  0.000000,  0.000000,  0.000000,  0.000000,  0.000000,  0.000000,  0.000000,  0.000000,  0.000000,  0.000000,  0.000000,  0.000000,  0.000000,  0.000000,  0.000000,  0.000000,  0.000000,  0.000000,  0.000000,  0.000000,  0.000000,  0.000000,  0.000000,  0.000000,  0.000000,  0.000000,  0.000000,  0.000000,  0.000000,  0.000000,  0.000000,  0.000000,  0.000000,  0.000000,  0.000000,  0.000000,  0.000000,  0.000000,  0.000000,  0.000000,  0.000000,  0.000000,  0.000000,  0.000000,  0.000000,  0.000000,  0.000000,  0.000000,  0.000000,  0.000000,  0.000000,  0.000000,  0.000000,  0.000000,  0.000000,  0.000000,  0.000000,  0.000000,  0.000000,  0.000000,  0.000000,  0.000000,  0.000000,  0.000000,  0.000000,  0.000000,  0.000000,  0.000000,  0.000000,  0.000000,  0.000000,  0.000000,  0.000000,  0.000000,  0.000000,  0.000000,  0.000000,  0.000000,  0.000000,  0.000000,  0.000000,  0.000000,  0.000000,  0.000000,  0.000000,  0.000000,  0.000000,  0.000000,  0.000000,  0.000000,  0.000000,  0.000000,  0.000000,  0.000000,  0.000000,  0.000000,  0.000000,  0.000000,  0.000000,  0.000000,  0.000000,  0.000000,  0.000000,  0.000000,  0.000000,  0.000000,  0.000000,  0.000000,  0.000000,  0.000000,  0.000000,  0.000000,  0.000000,  0.000000,  0.000000,  0.000000,  0.000000,  0.000000,  0.000000,  0.000000,  0.000000,  0.000000,  0.000000,  0.000000,  0.000000,  0.000000,  0.000000,  0.000000,  0.000000,  0.000000,  0.000000,  0.000000,  0.000000,  0.000000 ]
checksum = 1.000000
Repeated 1 time
f2=0.512817 a2=0.487183
f3=0.186095 a3=0.301088
f4=0.090654 a4=0.210433
f5=0.051893 a5=0.158540
f6=0.032897 a6=0.125643
f7=0.022377 a7=0.103266
f8=0.016026 a8=0.087241
f9=0.011938 a9=0.075303
f10=0.009174 a10=0.066129
f11=0.007229 a11=0.058900
f12=0.005815 a12=0.053085
f13=0.004761 a13=0.048324
f14=0.003956 a14=0.044368
f15=0.003329 a15=0.041039
f16=0.002833 a16=0.038207
f17=0.002435 a17=0.035772
f18=0.002110 a18=0.033662
f19=0.001844 a19=0.031818
f20=0.031818
[ 0.512817,  0.186095,  0.090654,  0.051893,  0.032897,  0.022377,  0.016026,  0.011938,  0.009174,  0.007229,  0.005815,  0.004761,  0.003956,  0.003329,  0.002833,  0.002435,  0.002110,  0.001844, 0.031818]
0.031818 == 0.031818

total 91968 nodes
[ 0.000924,  0.513005,  0.185478,  0.089923,  0.048125,  0.035795,  0.021801,  0.019463,  0.012167,  0.005817,  0.010689,  0.003556,  0.006915,  0.004295,  0.001544,  0.003240,  0.001457,  0.002001,  0.002001,  0.031805,  0.000000,  0.000000,  0.000000,  0.000000,  0.000000,  0.000000,  0.000000,  0.000000,  0.000000,  0.000000,  0.000000,  0.000000,  0.000000,  0.000000,  0.000000,  0.000000,  0.000000,  0.000000,  0.000000,  0.000000,  0.000000,  0.000000,  0.000000,  0.000000,  0.000000,  0.000000,  0.000000,  0.000000,  0.000000,  0.000000,  0.000000,  0.000000,  0.000000,  0.000000,  0.000000,  0.000000,  0.000000,  0.000000,  0.000000,  0.000000,  0.000000,  0.000000,  0.000000,  0.000000,  0.000000,  0.000000,  0.000000,  0.000000,  0.000000,  0.000000,  0.000000,  0.000000,  0.000000,  0.000000,  0.000000,  0.000000,  0.000000,  0.000000,  0.000000,  0.000000,  0.000000,  0.000000,  0.000000,  0.000000,  0.000000,  0.000000,  0.000000,  0.000000,  0.000000,  0.000000,  0.000000,  0.000000,  0.000000,  0.000000,  0.000000,  0.000000,  0.000000,  0.000000,  0.000000,  0.000000,  0.000000,  0.000000,  0.000000,  0.000000,  0.000000,  0.000000,  0.000000,  0.000000,  0.000000,  0.000000,  0.000000,  0.000000,  0.000000,  0.000000,  0.000000,  0.000000,  0.000000,  0.000000,  0.000000,  0.000000,  0.000000,  0.000000,  0.000000,  0.000000,  0.000000,  0.000000,  0.000000,  0.000000,  0.000000,  0.000000,  0.000000,  0.000000,  0.000000,  0.000000,  0.000000,  0.000000,  0.000000,  0.000000,  0.000000,  0.000000,  0.000000,  0.000000,  0.000000,  0.000000,  0.000000,  0.000000,  0.000000,  0.000000,  0.000000,  0.000000,  0.000000,  0.000000,  0.000000,  0.000000,  0.000000,  0.000000,  0.000000,  0.000000,  0.000000,  0.000000,  0.000000,  0.000000,  0.000000,  0.000000,  0.000000,  0.000000,  0.000000,  0.000000,  0.000000,  0.000000,  0.000000,  0.000000,  0.000000,  0.000000,  0.000000,  0.000000,  0.000000,  0.000000,  0.000000,  0.000000,  0.000000,  0.000000,  0.000000,  0.000000,  0.000000,  0.000000,  0.000000,  0.000000,  0.000000,  0.000000,  0.000000,  0.000000,  0.000000,  0.000000,  0.000000,  0.000000,  0.000000,  0.000000,  0.000000,  0.000000 ]
checksum = 1.000000
Repeated 2 time
f2=0.512817 a2=0.487183
f3=0.186095 a3=0.301088
f4=0.090654 a4=0.210433
f5=0.051893 a5=0.158540
f6=0.032897 a6=0.125643
f7=0.022377 a7=0.103266
f8=0.016026 a8=0.087241
f9=0.011938 a9=0.075303
f10=0.009174 a10=0.066129
f11=0.007229 a11=0.058900
f12=0.005815 a12=0.053085
f13=0.004761 a13=0.048324
f14=0.003956 a14=0.044368
f15=0.003329 a15=0.041039
f16=0.002833 a16=0.038207
f17=0.002435 a17=0.035772
f18=0.002110 a18=0.033662
f19=0.001844 a19=0.031818
f20=0.031818
[ 0.512817,  0.186095,  0.090654,  0.051893,  0.032897,  0.022377,  0.016026,  0.011938,  0.009174,  0.007229,  0.005815,  0.004761,  0.003956,  0.003329,  0.002833,  0.002435,  0.002110,  0.001844, 0.031818]
0.031818 == 0.031818

total 91472 nodes
[ 0.000536,  0.508243,  0.189533,  0.088278,  0.056892,  0.031048,  0.021722,  0.014584,  0.014562,  0.008090,  0.005849,  0.008494,  0.006330,  0.002657,  0.004329,  0.001050,  0.002307,  0.002001,  0.001290,  0.032207,  0.000000,  0.000000,  0.000000,  0.000000,  0.000000,  0.000000,  0.000000,  0.000000,  0.000000,  0.000000,  0.000000,  0.000000,  0.000000,  0.000000,  0.000000,  0.000000,  0.000000,  0.000000,  0.000000,  0.000000,  0.000000,  0.000000,  0.000000,  0.000000,  0.000000,  0.000000,  0.000000,  0.000000,  0.000000,  0.000000,  0.000000,  0.000000,  0.000000,  0.000000,  0.000000,  0.000000,  0.000000,  0.000000,  0.000000,  0.000000,  0.000000,  0.000000,  0.000000,  0.000000,  0.000000,  0.000000,  0.000000,  0.000000,  0.000000,  0.000000,  0.000000,  0.000000,  0.000000,  0.000000,  0.000000,  0.000000,  0.000000,  0.000000,  0.000000,  0.000000,  0.000000,  0.000000,  0.000000,  0.000000,  0.000000,  0.000000,  0.000000,  0.000000,  0.000000,  0.000000,  0.000000,  0.000000,  0.000000,  0.000000,  0.000000,  0.000000,  0.000000,  0.000000,  0.000000,  0.000000,  0.000000,  0.000000,  0.000000,  0.000000,  0.000000,  0.000000,  0.000000,  0.000000,  0.000000,  0.000000,  0.000000,  0.000000,  0.000000,  0.000000,  0.000000,  0.000000,  0.000000,  0.000000,  0.000000,  0.000000,  0.000000,  0.000000,  0.000000,  0.000000,  0.000000,  0.000000,  0.000000,  0.000000,  0.000000,  0.000000,  0.000000,  0.000000,  0.000000,  0.000000,  0.000000,  0.000000,  0.000000,  0.000000,  0.000000,  0.000000,  0.000000,  0.000000,  0.000000,  0.000000,  0.000000,  0.000000,  0.000000,  0.000000,  0.000000,  0.000000,  0.000000,  0.000000,  0.000000,  0.000000,  0.000000,  0.000000,  0.000000,  0.000000,  0.000000,  0.000000,  0.000000,  0.000000,  0.000000,  0.000000,  0.000000,  0.000000,  0.000000,  0.000000,  0.000000,  0.000000,  0.000000,  0.000000,  0.000000,  0.000000,  0.000000,  0.000000,  0.000000,  0.000000,  0.000000,  0.000000,  0.000000,  0.000000,  0.000000,  0.000000,  0.000000,  0.000000,  0.000000,  0.000000,  0.000000,  0.000000,  0.000000,  0.000000,  0.000000,  0.000000,  0.000000,  0.000000,  0.000000,  0.000000,  0.000000,  0.000000 ]
checksum = 1.000000
Repeated 3 time
f2=0.512817 a2=0.487183
f3=0.186095 a3=0.301088
f4=0.090654 a4=0.210433
f5=0.051893 a5=0.158540
f6=0.032897 a6=0.125643
f7=0.022377 a7=0.103266
f8=0.016026 a8=0.087241
f9=0.011938 a9=0.075303
f10=0.009174 a10=0.066129
f11=0.007229 a11=0.058900
f12=0.005815 a12=0.053085
f13=0.004761 a13=0.048324
f14=0.003956 a14=0.044368
f15=0.003329 a15=0.041039
f16=0.002833 a16=0.038207
f17=0.002435 a17=0.035772
f18=0.002110 a18=0.033662
f19=0.001844 a19=0.031818
f20=0.031818
[ 0.512817,  0.186095,  0.090654,  0.051893,  0.032897,  0.022377,  0.016026,  0.011938,  0.009174,  0.007229,  0.005815,  0.004761,  0.003956,  0.003329,  0.002833,  0.002435,  0.002110,  0.001844, 0.031818]
0.031818 == 0.031818

total 92308 nodes
[ 0.000574,  0.508753,  0.190244,  0.091260,  0.052379,  0.032554,  0.021515,  0.019857,  0.011559,  0.006782,  0.006587,  0.006240,  0.002806,  0.003499,  0.003207,  0.002860,  0.003337,  0.001408,  0.001376,  0.033204,  0.000000,  0.000000,  0.000000,  0.000000,  0.000000,  0.000000,  0.000000,  0.000000,  0.000000,  0.000000,  0.000000,  0.000000,  0.000000,  0.000000,  0.000000,  0.000000,  0.000000,  0.000000,  0.000000,  0.000000,  0.000000,  0.000000,  0.000000,  0.000000,  0.000000,  0.000000,  0.000000,  0.000000,  0.000000,  0.000000,  0.000000,  0.000000,  0.000000,  0.000000,  0.000000,  0.000000,  0.000000,  0.000000,  0.000000,  0.000000,  0.000000,  0.000000,  0.000000,  0.000000,  0.000000,  0.000000,  0.000000,  0.000000,  0.000000,  0.000000,  0.000000,  0.000000,  0.000000,  0.000000,  0.000000,  0.000000,  0.000000,  0.000000,  0.000000,  0.000000,  0.000000,  0.000000,  0.000000,  0.000000,  0.000000,  0.000000,  0.000000,  0.000000,  0.000000,  0.000000,  0.000000,  0.000000,  0.000000,  0.000000,  0.000000,  0.000000,  0.000000,  0.000000,  0.000000,  0.000000,  0.000000,  0.000000,  0.000000,  0.000000,  0.000000,  0.000000,  0.000000,  0.000000,  0.000000,  0.000000,  0.000000,  0.000000,  0.000000,  0.000000,  0.000000,  0.000000,  0.000000,  0.000000,  0.000000,  0.000000,  0.000000,  0.000000,  0.000000,  0.000000,  0.000000,  0.000000,  0.000000,  0.000000,  0.000000,  0.000000,  0.000000,  0.000000,  0.000000,  0.000000,  0.000000,  0.000000,  0.000000,  0.000000,  0.000000,  0.000000,  0.000000,  0.000000,  0.000000,  0.000000,  0.000000,  0.000000,  0.000000,  0.000000,  0.000000,  0.000000,  0.000000,  0.000000,  0.000000,  0.000000,  0.000000,  0.000000,  0.000000,  0.000000,  0.000000,  0.000000,  0.000000,  0.000000,  0.000000,  0.000000,  0.000000,  0.000000,  0.000000,  0.000000,  0.000000,  0.000000,  0.000000,  0.000000,  0.000000,  0.000000,  0.000000,  0.000000,  0.000000,  0.000000,  0.000000,  0.000000,  0.000000,  0.000000,  0.000000,  0.000000,  0.000000,  0.000000,  0.000000,  0.000000,  0.000000,  0.000000,  0.000000,  0.000000,  0.000000,  0.000000,  0.000000,  0.000000,  0.000000,  0.000000,  0.000000,  0.000000 ]
checksum = 1.000000
Repeated 4 time
f2=0.512817 a2=0.487183
f3=0.186095 a3=0.301088
f4=0.090654 a4=0.210433
f5=0.051893 a5=0.158540
f6=0.032897 a6=0.125643
f7=0.022377 a7=0.103266
f8=0.016026 a8=0.087241
f9=0.011938 a9=0.075303
f10=0.009174 a10=0.066129
f11=0.007229 a11=0.058900
f12=0.005815 a12=0.053085
f13=0.004761 a13=0.048324
f14=0.003956 a14=0.044368
f15=0.003329 a15=0.041039
f16=0.002833 a16=0.038207
f17=0.002435 a17=0.035772
f18=0.002110 a18=0.033662
f19=0.001844 a19=0.031818
f20=0.031818
[ 0.512817,  0.186095,  0.090654,  0.051893,  0.032897,  0.022377,  0.016026,  0.011938,  0.009174,  0.007229,  0.005815,  0.004761,  0.003956,  0.003329,  0.002833,  0.002435,  0.002110,  0.001844, 0.031818]
0.031818 == 0.031818

total 92238 nodes
[ 0.000369,  0.513021,  0.183655,  0.093497,  0.051768,  0.031776,  0.017628,  0.018810,  0.013888,  0.006895,  0.008207,  0.010657,  0.003209,  0.004553,  0.001507,  0.003274,  0.001789,  0.001507,  0.004044,  0.029944,  0.000000,  0.000000,  0.000000,  0.000000,  0.000000,  0.000000,  0.000000,  0.000000,  0.000000,  0.000000,  0.000000,  0.000000,  0.000000,  0.000000,  0.000000,  0.000000,  0.000000,  0.000000,  0.000000,  0.000000,  0.000000,  0.000000,  0.000000,  0.000000,  0.000000,  0.000000,  0.000000,  0.000000,  0.000000,  0.000000,  0.000000,  0.000000,  0.000000,  0.000000,  0.000000,  0.000000,  0.000000,  0.000000,  0.000000,  0.000000,  0.000000,  0.000000,  0.000000,  0.000000,  0.000000,  0.000000,  0.000000,  0.000000,  0.000000,  0.000000,  0.000000,  0.000000,  0.000000,  0.000000,  0.000000,  0.000000,  0.000000,  0.000000,  0.000000,  0.000000,  0.000000,  0.000000,  0.000000,  0.000000,  0.000000,  0.000000,  0.000000,  0.000000,  0.000000,  0.000000,  0.000000,  0.000000,  0.000000,  0.000000,  0.000000,  0.000000,  0.000000,  0.000000,  0.000000,  0.000000,  0.000000,  0.000000,  0.000000,  0.000000,  0.000000,  0.000000,  0.000000,  0.000000,  0.000000,  0.000000,  0.000000,  0.000000,  0.000000,  0.000000,  0.000000,  0.000000,  0.000000,  0.000000,  0.000000,  0.000000,  0.000000,  0.000000,  0.000000,  0.000000,  0.000000,  0.000000,  0.000000,  0.000000,  0.000000,  0.000000,  0.000000,  0.000000,  0.000000,  0.000000,  0.000000,  0.000000,  0.000000,  0.000000,  0.000000,  0.000000,  0.000000,  0.000000,  0.000000,  0.000000,  0.000000,  0.000000,  0.000000,  0.000000,  0.000000,  0.000000,  0.000000,  0.000000,  0.000000,  0.000000,  0.000000,  0.000000,  0.000000,  0.000000,  0.000000,  0.000000,  0.000000,  0.000000,  0.000000,  0.000000,  0.000000,  0.000000,  0.000000,  0.000000,  0.000000,  0.000000,  0.000000,  0.000000,  0.000000,  0.000000,  0.000000,  0.000000,  0.000000,  0.000000,  0.000000,  0.000000,  0.000000,  0.000000,  0.000000,  0.000000,  0.000000,  0.000000,  0.000000,  0.000000,  0.000000,  0.000000,  0.000000,  0.000000,  0.000000,  0.000000,  0.000000,  0.000000,  0.000000,  0.000000,  0.000000,  0.000000 ]
checksum = 1.000000
Repeated 5 time
f2=0.512817 a2=0.487183
f3=0.186095 a3=0.301088
f4=0.090654 a4=0.210433
f5=0.051893 a5=0.158540
f6=0.032897 a6=0.125643
f7=0.022377 a7=0.103266
f8=0.016026 a8=0.087241
f9=0.011938 a9=0.075303
f10=0.009174 a10=0.066129
f11=0.007229 a11=0.058900
f12=0.005815 a12=0.053085
f13=0.004761 a13=0.048324
f14=0.003956 a14=0.044368
f15=0.003329 a15=0.041039
f16=0.002833 a16=0.038207
f17=0.002435 a17=0.035772
f18=0.002110 a18=0.033662
f19=0.001844 a19=0.031818
f20=0.031818
[ 0.512817,  0.186095,  0.090654,  0.051893,  0.032897,  0.022377,  0.016026,  0.011938,  0.009174,  0.007229,  0.005815,  0.004761,  0.003956,  0.003329,  0.002833,  0.002435,  0.002110,  0.001844, 0.031818]
0.031818 == 0.031818

total 92208 nodes
[ 0.000564,  0.512428,  0.182110,  0.094580,  0.049833,  0.035865,  0.022135,  0.012320,  0.018241,  0.005347,  0.008427,  0.005813,  0.003763,  0.005401,  0.001638,  0.003503,  0.003904,  0.000000,  0.003698,  0.030431,  0.000000,  0.000000,  0.000000,  0.000000,  0.000000,  0.000000,  0.000000,  0.000000,  0.000000,  0.000000,  0.000000,  0.000000,  0.000000,  0.000000,  0.000000,  0.000000,  0.000000,  0.000000,  0.000000,  0.000000,  0.000000,  0.000000,  0.000000,  0.000000,  0.000000,  0.000000,  0.000000,  0.000000,  0.000000,  0.000000,  0.000000,  0.000000,  0.000000,  0.000000,  0.000000,  0.000000,  0.000000,  0.000000,  0.000000,  0.000000,  0.000000,  0.000000,  0.000000,  0.000000,  0.000000,  0.000000,  0.000000,  0.000000,  0.000000,  0.000000,  0.000000,  0.000000,  0.000000,  0.000000,  0.000000,  0.000000,  0.000000,  0.000000,  0.000000,  0.000000,  0.000000,  0.000000,  0.000000,  0.000000,  0.000000,  0.000000,  0.000000,  0.000000,  0.000000,  0.000000,  0.000000,  0.000000,  0.000000,  0.000000,  0.000000,  0.000000,  0.000000,  0.000000,  0.000000,  0.000000,  0.000000,  0.000000,  0.000000,  0.000000,  0.000000,  0.000000,  0.000000,  0.000000,  0.000000,  0.000000,  0.000000,  0.000000,  0.000000,  0.000000,  0.000000,  0.000000,  0.000000,  0.000000,  0.000000,  0.000000,  0.000000,  0.000000,  0.000000,  0.000000,  0.000000,  0.000000,  0.000000,  0.000000,  0.000000,  0.000000,  0.000000,  0.000000,  0.000000,  0.000000,  0.000000,  0.000000,  0.000000,  0.000000,  0.000000,  0.000000,  0.000000,  0.000000,  0.000000,  0.000000,  0.000000,  0.000000,  0.000000,  0.000000,  0.000000,  0.000000,  0.000000,  0.000000,  0.000000,  0.000000,  0.000000,  0.000000,  0.000000,  0.000000,  0.000000,  0.000000,  0.000000,  0.000000,  0.000000,  0.000000,  0.000000,  0.000000,  0.000000,  0.000000,  0.000000,  0.000000,  0.000000,  0.000000,  0.000000,  0.000000,  0.000000,  0.000000,  0.000000,  0.000000,  0.000000,  0.000000,  0.000000,  0.000000,  0.000000,  0.000000,  0.000000,  0.000000,  0.000000,  0.000000,  0.000000,  0.000000,  0.000000,  0.000000,  0.000000,  0.000000,  0.000000,  0.000000,  0.000000,  0.000000,  0.000000,  0.000000 ]
checksum = 1.000000
Repeated 6 time
f2=0.512817 a2=0.487183
f3=0.186095 a3=0.301088
f4=0.090654 a4=0.210433
f5=0.051893 a5=0.158540
f6=0.032897 a6=0.125643
f7=0.022377 a7=0.103266
f8=0.016026 a8=0.087241
f9=0.011938 a9=0.075303
f10=0.009174 a10=0.066129
f11=0.007229 a11=0.058900
f12=0.005815 a12=0.053085
f13=0.004761 a13=0.048324
f14=0.003956 a14=0.044368
f15=0.003329 a15=0.041039
f16=0.002833 a16=0.038207
f17=0.002435 a17=0.035772
f18=0.002110 a18=0.033662
f19=0.001844 a19=0.031818
f20=0.031818
[ 0.512817,  0.186095,  0.090654,  0.051893,  0.032897,  0.022377,  0.016026,  0.011938,  0.009174,  0.007229,  0.005815,  0.004761,  0.003956,  0.003329,  0.002833,  0.002435,  0.002110,  0.001844, 0.031818]
0.031818 == 0.031818

total 91836 nodes
[ 0.000599,  0.503648,  0.197363,  0.092371,  0.051320,  0.029836,  0.021190,  0.015495,  0.012283,  0.009811,  0.008406,  0.004170,  0.007622,  0.002831,  0.001296,  0.003136,  0.001753,  0.004541,  0.001906,  0.030424,  0.000000,  0.000000,  0.000000,  0.000000,  0.000000,  0.000000,  0.000000,  0.000000,  0.000000,  0.000000,  0.000000,  0.000000,  0.000000,  0.000000,  0.000000,  0.000000,  0.000000,  0.000000,  0.000000,  0.000000,  0.000000,  0.000000,  0.000000,  0.000000,  0.000000,  0.000000,  0.000000,  0.000000,  0.000000,  0.000000,  0.000000,  0.000000,  0.000000,  0.000000,  0.000000,  0.000000,  0.000000,  0.000000,  0.000000,  0.000000,  0.000000,  0.000000,  0.000000,  0.000000,  0.000000,  0.000000,  0.000000,  0.000000,  0.000000,  0.000000,  0.000000,  0.000000,  0.000000,  0.000000,  0.000000,  0.000000,  0.000000,  0.000000,  0.000000,  0.000000,  0.000000,  0.000000,  0.000000,  0.000000,  0.000000,  0.000000,  0.000000,  0.000000,  0.000000,  0.000000,  0.000000,  0.000000,  0.000000,  0.000000,  0.000000,  0.000000,  0.000000,  0.000000,  0.000000,  0.000000,  0.000000,  0.000000,  0.000000,  0.000000,  0.000000,  0.000000,  0.000000,  0.000000,  0.000000,  0.000000,  0.000000,  0.000000,  0.000000,  0.000000,  0.000000,  0.000000,  0.000000,  0.000000,  0.000000,  0.000000,  0.000000,  0.000000,  0.000000,  0.000000,  0.000000,  0.000000,  0.000000,  0.000000,  0.000000,  0.000000,  0.000000,  0.000000,  0.000000,  0.000000,  0.000000,  0.000000,  0.000000,  0.000000,  0.000000,  0.000000,  0.000000,  0.000000,  0.000000,  0.000000,  0.000000,  0.000000,  0.000000,  0.000000,  0.000000,  0.000000,  0.000000,  0.000000,  0.000000,  0.000000,  0.000000,  0.000000,  0.000000,  0.000000,  0.000000,  0.000000,  0.000000,  0.000000,  0.000000,  0.000000,  0.000000,  0.000000,  0.000000,  0.000000,  0.000000,  0.000000,  0.000000,  0.000000,  0.000000,  0.000000,  0.000000,  0.000000,  0.000000,  0.000000,  0.000000,  0.000000,  0.000000,  0.000000,  0.000000,  0.000000,  0.000000,  0.000000,  0.000000,  0.000000,  0.000000,  0.000000,  0.000000,  0.000000,  0.000000,  0.000000,  0.000000,  0.000000,  0.000000,  0.000000,  0.000000,  0.000000 ]
checksum = 1.000000
Repeated 7 time
f2=0.512817 a2=0.487183
f3=0.186095 a3=0.301088
f4=0.090654 a4=0.210433
f5=0.051893 a5=0.158540
f6=0.032897 a6=0.125643
f7=0.022377 a7=0.103266
f8=0.016026 a8=0.087241
f9=0.011938 a9=0.075303
f10=0.009174 a10=0.066129
f11=0.007229 a11=0.058900
f12=0.005815 a12=0.053085
f13=0.004761 a13=0.048324
f14=0.003956 a14=0.044368
f15=0.003329 a15=0.041039
f16=0.002833 a16=0.038207
f17=0.002435 a17=0.035772
f18=0.002110 a18=0.033662
f19=0.001844 a19=0.031818
f20=0.031818
[ 0.512817,  0.186095,  0.090654,  0.051893,  0.032897,  0.022377,  0.016026,  0.011938,  0.009174,  0.007229,  0.005815,  0.004761,  0.003956,  0.003329,  0.002833,  0.002435,  0.002110,  0.001844, 0.031818]
0.031818 == 0.031818

total 91920 nodes
[ 0.000870,  0.511325,  0.186271,  0.089110,  0.057735,  0.027513,  0.024282,  0.016950,  0.010107,  0.011064,  0.005298,  0.004537,  0.008388,  0.003351,  0.003797,  0.002317,  0.001447,  0.003155,  0.002654,  0.029830,  0.000000,  0.000000,  0.000000,  0.000000,  0.000000,  0.000000,  0.000000,  0.000000,  0.000000,  0.000000,  0.000000,  0.000000,  0.000000,  0.000000,  0.000000,  0.000000,  0.000000,  0.000000,  0.000000,  0.000000,  0.000000,  0.000000,  0.000000,  0.000000,  0.000000,  0.000000,  0.000000,  0.000000,  0.000000,  0.000000,  0.000000,  0.000000,  0.000000,  0.000000,  0.000000,  0.000000,  0.000000,  0.000000,  0.000000,  0.000000,  0.000000,  0.000000,  0.000000,  0.000000,  0.000000,  0.000000,  0.000000,  0.000000,  0.000000,  0.000000,  0.000000,  0.000000,  0.000000,  0.000000,  0.000000,  0.000000,  0.000000,  0.000000,  0.000000,  0.000000,  0.000000,  0.000000,  0.000000,  0.000000,  0.000000,  0.000000,  0.000000,  0.000000,  0.000000,  0.000000,  0.000000,  0.000000,  0.000000,  0.000000,  0.000000,  0.000000,  0.000000,  0.000000,  0.000000,  0.000000,  0.000000,  0.000000,  0.000000,  0.000000,  0.000000,  0.000000,  0.000000,  0.000000,  0.000000,  0.000000,  0.000000,  0.000000,  0.000000,  0.000000,  0.000000,  0.000000,  0.000000,  0.000000,  0.000000,  0.000000,  0.000000,  0.000000,  0.000000,  0.000000,  0.000000,  0.000000,  0.000000,  0.000000,  0.000000,  0.000000,  0.000000,  0.000000,  0.000000,  0.000000,  0.000000,  0.000000,  0.000000,  0.000000,  0.000000,  0.000000,  0.000000,  0.000000,  0.000000,  0.000000,  0.000000,  0.000000,  0.000000,  0.000000,  0.000000,  0.000000,  0.000000,  0.000000,  0.000000,  0.000000,  0.000000,  0.000000,  0.000000,  0.000000,  0.000000,  0.000000,  0.000000,  0.000000,  0.000000,  0.000000,  0.000000,  0.000000,  0.000000,  0.000000,  0.000000,  0.000000,  0.000000,  0.000000,  0.000000,  0.000000,  0.000000,  0.000000,  0.000000,  0.000000,  0.000000,  0.000000,  0.000000,  0.000000,  0.000000,  0.000000,  0.000000,  0.000000,  0.000000,  0.000000,  0.000000,  0.000000,  0.000000,  0.000000,  0.000000,  0.000000,  0.000000,  0.000000,  0.000000,  0.000000,  0.000000,  0.000000 ]
checksum = 1.000000
Repeated 8 time
f2=0.512817 a2=0.487183
f3=0.186095 a3=0.301088
f4=0.090654 a4=0.210433
f5=0.051893 a5=0.158540
f6=0.032897 a6=0.125643
f7=0.022377 a7=0.103266
f8=0.016026 a8=0.087241
f9=0.011938 a9=0.075303
f10=0.009174 a10=0.066129
f11=0.007229 a11=0.058900
f12=0.005815 a12=0.053085
f13=0.004761 a13=0.048324
f14=0.003956 a14=0.044368
f15=0.003329 a15=0.041039
f16=0.002833 a16=0.038207
f17=0.002435 a17=0.035772
f18=0.002110 a18=0.033662
f19=0.001844 a19=0.031818
f20=0.031818
[ 0.512817,  0.186095,  0.090654,  0.051893,  0.032897,  0.022377,  0.016026,  0.011938,  0.009174,  0.007229,  0.005815,  0.004761,  0.003956,  0.003329,  0.002833,  0.002435,  0.002110,  0.001844, 0.031818]
0.031818 == 0.031818

total 92228 nodes
[ 0.000640,  0.507633,  0.185312,  0.094949,  0.051774,  0.030620,  0.028505,  0.016763,  0.007601,  0.011602,  0.005823,  0.007590,  0.002375,  0.003708,  0.005085,  0.003134,  0.002234,  0.001420,  0.002407,  0.030826,  0.000000,  0.000000,  0.000000,  0.000000,  0.000000,  0.000000,  0.000000,  0.000000,  0.000000,  0.000000,  0.000000,  0.000000,  0.000000,  0.000000,  0.000000,  0.000000,  0.000000,  0.000000,  0.000000,  0.000000,  0.000000,  0.000000,  0.000000,  0.000000,  0.000000,  0.000000,  0.000000,  0.000000,  0.000000,  0.000000,  0.000000,  0.000000,  0.000000,  0.000000,  0.000000,  0.000000,  0.000000,  0.000000,  0.000000,  0.000000,  0.000000,  0.000000,  0.000000,  0.000000,  0.000000,  0.000000,  0.000000,  0.000000,  0.000000,  0.000000,  0.000000,  0.000000,  0.000000,  0.000000,  0.000000,  0.000000,  0.000000,  0.000000,  0.000000,  0.000000,  0.000000,  0.000000,  0.000000,  0.000000,  0.000000,  0.000000,  0.000000,  0.000000,  0.000000,  0.000000,  0.000000,  0.000000,  0.000000,  0.000000,  0.000000,  0.000000,  0.000000,  0.000000,  0.000000,  0.000000,  0.000000,  0.000000,  0.000000,  0.000000,  0.000000,  0.000000,  0.000000,  0.000000,  0.000000,  0.000000,  0.000000,  0.000000,  0.000000,  0.000000,  0.000000,  0.000000,  0.000000,  0.000000,  0.000000,  0.000000,  0.000000,  0.000000,  0.000000,  0.000000,  0.000000,  0.000000,  0.000000,  0.000000,  0.000000,  0.000000,  0.000000,  0.000000,  0.000000,  0.000000,  0.000000,  0.000000,  0.000000,  0.000000,  0.000000,  0.000000,  0.000000,  0.000000,  0.000000,  0.000000,  0.000000,  0.000000,  0.000000,  0.000000,  0.000000,  0.000000,  0.000000,  0.000000,  0.000000,  0.000000,  0.000000,  0.000000,  0.000000,  0.000000,  0.000000,  0.000000,  0.000000,  0.000000,  0.000000,  0.000000,  0.000000,  0.000000,  0.000000,  0.000000,  0.000000,  0.000000,  0.000000,  0.000000,  0.000000,  0.000000,  0.000000,  0.000000,  0.000000,  0.000000,  0.000000,  0.000000,  0.000000,  0.000000,  0.000000,  0.000000,  0.000000,  0.000000,  0.000000,  0.000000,  0.000000,  0.000000,  0.000000,  0.000000,  0.000000,  0.000000,  0.000000,  0.000000,  0.000000,  0.000000,  0.000000,  0.000000 ]
checksum = 1.000000
Repeated 9 time
f2=0.512817 a2=0.487183
f3=0.186095 a3=0.301088
f4=0.090654 a4=0.210433
f5=0.051893 a5=0.158540
f6=0.032897 a6=0.125643
f7=0.022377 a7=0.103266
f8=0.016026 a8=0.087241
f9=0.011938 a9=0.075303
f10=0.009174 a10=0.066129
f11=0.007229 a11=0.058900
f12=0.005815 a12=0.053085
f13=0.004761 a13=0.048324
f14=0.003956 a14=0.044368
f15=0.003329 a15=0.041039
f16=0.002833 a16=0.038207
f17=0.002435 a17=0.035772
f18=0.002110 a18=0.033662
f19=0.001844 a19=0.031818
f20=0.031818
[ 0.512817,  0.186095,  0.090654,  0.051893,  0.032897,  0.022377,  0.016026,  0.011938,  0.009174,  0.007229,  0.005815,  0.004761,  0.003956,  0.003329,  0.002833,  0.002435,  0.002110,  0.001844, 0.031818]
0.031818 == 0.031818

total 91975 nodes
[ 0.001022,  0.509073,  0.187910,  0.090024,  0.051427,  0.038065,  0.021865,  0.014830,  0.008850,  0.009220,  0.010481,  0.004066,  0.002490,  0.007676,  0.002011,  0.004208,  0.002620,  0.000826,  0.002359,  0.030976,  0.000000,  0.000000,  0.000000,  0.000000,  0.000000,  0.000000,  0.000000,  0.000000,  0.000000,  0.000000,  0.000000,  0.000000,  0.000000,  0.000000,  0.000000,  0.000000,  0.000000,  0.000000,  0.000000,  0.000000,  0.000000,  0.000000,  0.000000,  0.000000,  0.000000,  0.000000,  0.000000,  0.000000,  0.000000,  0.000000,  0.000000,  0.000000,  0.000000,  0.000000,  0.000000,  0.000000,  0.000000,  0.000000,  0.000000,  0.000000,  0.000000,  0.000000,  0.000000,  0.000000,  0.000000,  0.000000,  0.000000,  0.000000,  0.000000,  0.000000,  0.000000,  0.000000,  0.000000,  0.000000,  0.000000,  0.000000,  0.000000,  0.000000,  0.000000,  0.000000,  0.000000,  0.000000,  0.000000,  0.000000,  0.000000,  0.000000,  0.000000,  0.000000,  0.000000,  0.000000,  0.000000,  0.000000,  0.000000,  0.000000,  0.000000,  0.000000,  0.000000,  0.000000,  0.000000,  0.000000,  0.000000,  0.000000,  0.000000,  0.000000,  0.000000,  0.000000,  0.000000,  0.000000,  0.000000,  0.000000,  0.000000,  0.000000,  0.000000,  0.000000,  0.000000,  0.000000,  0.000000,  0.000000,  0.000000,  0.000000,  0.000000,  0.000000,  0.000000,  0.000000,  0.000000,  0.000000,  0.000000,  0.000000,  0.000000,  0.000000,  0.000000,  0.000000,  0.000000,  0.000000,  0.000000,  0.000000,  0.000000,  0.000000,  0.000000,  0.000000,  0.000000,  0.000000,  0.000000,  0.000000,  0.000000,  0.000000,  0.000000,  0.000000,  0.000000,  0.000000,  0.000000,  0.000000,  0.000000,  0.000000,  0.000000,  0.000000,  0.000000,  0.000000,  0.000000,  0.000000,  0.000000,  0.000000,  0.000000,  0.000000,  0.000000,  0.000000,  0.000000,  0.000000,  0.000000,  0.000000,  0.000000,  0.000000,  0.000000,  0.000000,  0.000000,  0.000000,  0.000000,  0.000000,  0.000000,  0.000000,  0.000000,  0.000000,  0.000000,  0.000000,  0.000000,  0.000000,  0.000000,  0.000000,  0.000000,  0.000000,  0.000000,  0.000000,  0.000000,  0.000000,  0.000000,  0.000000,  0.000000,  0.000000,  0.000000,  0.000000 ]
checksum = 1.000000
====================
[ 0.000000,  0.000684,  0.510642,  0.187075,  0.091191,  0.052393,  0.032545,  0.022031,  0.016578,  0.011889,  0.008660,  0.007914,  0.005945,  0.004653,  0.004390,  0.002823,  0.002861,  0.002251,  0.001803,  0.002570,  0.031101,  0.000000,  0.000000,  0.000000,  0.000000,  0.000000,  0.000000,  0.000000,  0.000000,  0.000000,  0.000000,  0.000000,  0.000000,  0.000000,  0.000000,  0.000000,  0.000000,  0.000000,  0.000000,  0.000000,  0.000000,  0.000000,  0.000000,  0.000000,  0.000000,  0.000000,  0.000000,  0.000000,  0.000000,  0.000000,  0.000000,  0.000000,  0.000000,  0.000000,  0.000000,  0.000000,  0.000000,  0.000000,  0.000000,  0.000000,  0.000000,  0.000000,  0.000000,  0.000000,  0.000000,  0.000000,  0.000000,  0.000000,  0.000000,  0.000000,  0.000000,  0.000000,  0.000000,  0.000000,  0.000000,  0.000000,  0.000000,  0.000000,  0.000000,  0.000000,  0.000000,  0.000000,  0.000000,  0.000000,  0.000000,  0.000000,  0.000000,  0.000000,  0.000000,  0.000000,  0.000000,  0.000000,  0.000000,  0.000000,  0.000000,  0.000000,  0.000000,  0.000000,  0.000000,  0.000000,  0.000000 ]
f2=0.512817 a2=0.487183
f3=0.186095 a3=0.301088
f4=0.090654 a4=0.210433
f5=0.051893 a5=0.158540
f6=0.032897 a6=0.125643
f7=0.022377 a7=0.103266
f8=0.016026 a8=0.087241
f9=0.011938 a9=0.075303
f10=0.009174 a10=0.066129
f11=0.007229 a11=0.058900
f12=0.005815 a12=0.053085
f13=0.004761 a13=0.048324
f14=0.003956 a14=0.044368
f15=0.003329 a15=0.041039
f16=0.002833 a16=0.038207
f17=0.002435 a17=0.035772
f18=0.002110 a18=0.033662
f19=0.001844 a19=0.031818
f20=0.031818
[ 0.512817,  0.186095,  0.090654,  0.051893,  0.032897,  0.022377,  0.016026,  0.011938,  0.009174,  0.007229,  0.005815,  0.004761,  0.003956,  0.003329,  0.002833,  0.002435,  0.002110,  0.001844, 0.031818]
0.031818 == 0.031818
