Repeated 0 time
f3=0.442727 a3=0.557273
f4=0.186775 a4=0.370498
f5=0.095629 a5=0.274869
f6=0.055341 a6=0.219528
f7=0.034850 a7=0.184678
f8=0.023347 a8=0.161331
f9=0.016397 a9=0.144934
f10=0.011954 a10=0.132980
f11=0.008981 a11=0.123999
f12=0.006918 a12=0.117082
f13=0.005441 a13=0.111641
f14=0.004356 a14=0.107285
f15=0.003542 a15=0.103743
f16=0.002918 a16=0.100825
f17=0.002433 a17=0.098391
f18=0.002050 a18=0.096342
f19=0.001743 a19=0.094599
f20=0.094599
[ 0.442727,  0.186775,  0.095629,  0.055341,  0.034850,  0.023347,  0.016397,  0.011954,  0.008981,  0.006918,  0.005441,  0.004356,  0.003542,  0.002918,  0.002433,  0.002050,  0.001743, 0.094599]
0.094599 == 0.094599

total 92086 nodes
[ 0.000011,  0.001759,  0.440577,  0.185251,  0.096812,  0.055513,  0.032643,  0.025020,  0.022468,  0.006472,  0.011218,  0.004344,  0.005082,  0.005397,  0.002693,  0.005669,  0.003692,  0.001792,  0.003899,  0.089688,  0.000000,  0.000000,  0.000000,  0.000000,  0.000000,  0.000000,  0.000000,  0.000000,  0.000000,  0.000000,  0.000000,  0.000000,  0.000000,  0.000000,  0.000000,  0.000000,  0.000000,  0.000000,  0.000000,  0.000000,  0.000000,  0.000000,  0.000000,  0.000000,  0.000000,  0.000000,  0.000000,  0.000000,  0.000000,  0.000000,  0.000000,  0.000000,  0.000000,  0.000000,  0.000000,  0.000000,  0.000000,  0.000000,  0.000000,  0.000000,  0.000000,  0.000000,  0.000000,  0.000000,  0.000000,  0.000000,  0.000000,  0.000000,  0.000000,  0.000000,  0.000000,  0.000000,  0.000000,  0.000000,  0.000000,  0.000000,  0.000000,  0.000000,  0.000000,  0.000000,  0.000000,  0.000000,  0.000000,  0.000000,  0.000000,  0.000000,  0.000000,  0.000000,  0.000000,  0.000000,  0.000000,  0.000000,  0.000000,  0.000000,  0.000000,  0.000000,  0.000000,  0.000000,  0.000000,  0.000000,  0.000000,  0.000000,  0.000000,  0.000000,  0.000000,  0.000000,  0.000000,  0.000000,  0.000000,  0.000000,  0.000000,  0.000000,  0.000000,  0.000000,  0.000000,  0.000000,  0.000000,  0.000000,  0.000000,  0.000000,  0.000000,  0.000000,  0.000000,  0.000000,  0.000000,  0.000000,  0.000000,  0.000000,  0.000000,  0.000000,  0.000000,  0.000000,  0.000000,  0.000000,  0.000000,  0.000000,  0.000000,  0.000000,  0.000000,  0.000000,  0.000000,  0.000000,  0.000000,  0.000000,  0.000000,  0.000000,  0.000000,  0.000000,  0.000000,  0.000000,  0.000000,  0.000000,  0.000000,  0.000000,  0.000000,  0.000000,  0.000000,  0.000000,  0.000000,  0.000000,  0.000000,  0.000000,  0.000000,  0.000000,  0.000000,  0.000000,  0.000000,  0.000000,  0.000000,  0.000000,  0.000000,  0.000000,  0.000000,  0.000000,  0.000000,  0.000000,  0.000000,  0.000000,  0.000000,  0.000000,  0.000000,  0.000000,  0.000000,  0.000000,  0.000000,  0.000000,  0.000000,  0.000000,  0.000000,  0.000000,  0.000000,  0.000000,  0.000000,  0.000000,  0.000000,  0.000000,  0.000000,  0.000000,  0.000000,  0.000000 ]
checksum = 1.000000
Repeated 1 time
f3=0.442727 a3=0.557273
f4=0.186775 a4=0.370498
f5=0.095629 a5=0.274869
f6=0.055341 a6=0.219528
f7=0.034850 a7=0.184678
f8=0.023347 a8=0.161331
f9=0.016397 a9=0.144934
f10=0.011954 a10=0.132980
f11=0.008981 a11=0.123999
f12=0.006918 a12=0.117082
f13=0.005441 a13=0.111641
f14=0.004356 a14=0.107285
f15=0.003542 a15=0.103743
f16=0.002918 a16=0.100825
f17=0.002433 a17=0.098391
f18=0.002050 a18=0.096342
f19=0.001743 a19=0.094599
f20=0.094599
[ 0.442727,  0.186775,  0.095629,  0.055341,  0.034850,  0.023347,  0.016397,  0.011954,  0.008981,  0.006918,  0.005441,  0.004356,  0.003542,  0.002918,  0.002433,  0.002050,  0.001743, 0.094599]
0.094599 == 0.094599

total 91798 nodes
[ 0.000000,  0.001166,  0.436883,  0.187804,  0.099305,  0.055448,  0.036657,  0.020436,  0.018388,  0.011939,  0.009074,  0.005697,  0.006384,  0.003159,  0.003867,  0.002081,  0.005861,  0.000120,  0.004641,  0.091091,  0.000000,  0.000000,  0.000000,  0.000000,  0.000000,  0.000000,  0.000000,  0.000000,  0.000000,  0.000000,  0.000000,  0.000000,  0.000000,  0.000000,  0.000000,  0.000000,  0.000000,  0.000000,  0.000000,  0.000000,  0.000000,  0.000000,  0.000000,  0.000000,  0.000000,  0.000000,  0.000000,  0.000000,  0.000000,  0.000000,  0.000000,  0.000000,  0.000000,  0.000000,  0.000000,  0.000000,  0.000000,  0.000000,  0.000000,  0.000000,  0.000000,  0.000000,  0.000000,  0.000000,  0.000000,  0.000000,  0.000000,  0.000000,  0.000000,  0.000000,  0.000000,  0.000000,  0.000000,  0.000000,  0.000000,  0.000000,  0.000000,  0.000000,  0.000000,  0.000000,  0.000000,  0.000000,  0.000000,  0.000000,  0.000000,  0.000000,  0.000000,  0.000000,  0.000000,  0.000000,  0.000000,  0.000000,  0.000000,  0.000000,  0.000000,  0.000000,  0.000000,  0.000000,  0.000000,  0.000000,  0.000000,  0.000000,  0.000000,  0.000000,  0.000000,  0.000000,  0.000000,  0.000000,  0.000000,  0.000000,  0.000000,  0.000000,  0.000000,  0.000000,  0.000000,  0.000000,  0.000000,  0.000000,  0.000000,  0.000000,  0.000000,  0.000000,  0.000000,  0.000000,  0.000000,  0.000000,  0.000000,  0.000000,  0.000000,  0.000000,  0.000000,  0.000000,  0.000000,  0.000000,  0.000000,  0.000000,  0.000000,  0.000000,  0.000000,  0.000000,  0.000000,  0.000000,  0.000000,  0.000000,  0.000000,  0.000000,  0.000000,  0.000000,  0.000000,  0.000000,  0.000000,  0.000000,  0.000000,  0.000000,  0.000000,  0.000000,  0.000000,  0.000000,  0.000000,  0.000000,  0.000000,  0.000000,  0.000000,  0.000000,  0.000000,  0.000000,  0.000000,  0.000000,  0.000000,  0.000000,  0.000000,  0.000000,  0.000000,  0.000000,  0.000000,  0.000000,  0.000000,  0.000000,  0.000000,  0.000000,  0.000000,  0.000000,  0.000000,  0.000000,  0.000000,  0.000000,  0.000000,  0.000000,  0.000000,  0.000000,  0.000000,  0.000000,  0.000000,  0.000000,  0.000000,  0.000000,  0.000000,  0.000000,  0.000000,  0.000000 ]
checksum = 1.000000
Repeated 2 time
f3=0.442727 a3=0.557273
f4=0.186775 a4=0.370498
f5=0.095629 a5=0.274869
f6=0.055341 a6=0.219528
f7=0.034850 a7=0.184678
f8=0.023347 a8=0.161331
f9=0.016397 a9=0.144934
f10=0.011954 a10=0.132980
f11=0.008981 a11=0.123999
f12=0.006918 a12=0.117082
f13=0.005441 a13=0.111641
f14=0.004356 a14=0.107285
f15=0.003542 a15=0.103743
f16=0.002918 a16=0.100825
f17=0.002433 a17=0.098391
f18=0.002050 a18=0.096342
f19=0.001743 a19=0.094599
f20=0.094599
[ 0.442727,  0.186775,  0.095629,  0.055341,  0.034850,  0.023347,  0.016397,  0.011954,  0.008981,  0.006918,  0.005441,  0.004356,  0.003542,  0.002918,  0.002433,  0.002050,  0.001743, 0.094599]
0.094599 == 0.094599

total 91734 nodes
[ 0.000022,  0.001940,  0.439455,  0.189232,  0.093869,  0.054048,  0.037500,  0.029030,  0.008121,  0.010934,  0.009702,  0.009211,  0.002311,  0.005287,  0.004687,  0.005440,  0.002126,  0.003467,  0.000676,  0.092943,  0.000000,  0.000000,  0.000000,  0.000000,  0.000000,  0.000000,  0.000000,  0.000000,  0.000000,  0.000000,  0.000000,  0.000000,  0.000000,  0.000000,  0.000000,  0.000000,  0.000000,  0.000000,  0.000000,  0.000000,  0.000000,  0.000000,  0.000000,  0.000000,  0.000000,  0.000000,  0.000000,  0.000000,  0.000000,  0.000000,  0.000000,  0.000000,  0.000000,  0.000000,  0.000000,  0.000000,  0.000000,  0.000000,  0.000000,  0.000000,  0.000000,  0.000000,  0.000000,  0.000000,  0.000000,  0.000000,  0.000000,  0.000000,  0.000000,  0.000000,  0.000000,  0.000000,  0.000000,  0.000000,  0.000000,  0.000000,  0.000000,  0.000000,  0.000000,  0.000000,  0.000000,  0.000000,  0.000000,  0.000000,  0.000000,  0.000000,  0.000000,  0.000000,  0.000000,  0.000000,  0.000000,  0.000000,  0.000000,  0.000000,  0.000000,  0.000000,  0.000000,  0.000000,  0.000000,  0.000000,  0.000000,  0.000000,  0.000000,  0.000000,  0.000000,  0.000000,  0.000000,  0.000000,  0.000000,  0.000000,  0.000000,  0.000000,  0.000000,  0.000000,  0.000000,  0.000000,  0.000000,  0.000000,  0.000000,  0.000000,  0.000000,  0.000000,  0.000000,  0.000000,  0.000000,  0.000000,  0.000000,  0.000000,  0.000000,  0.000000,  0.000000,  0.000000,  0.000000,  0.000000,  0.000000,  0.000000,  0.000000,  0.000000,  0.000000,  0.000000,  0.000000,  0.000000,  0.000000,  0.000000,  0.000000,  0.000000,  0.000000,  0.000000,  0.000000,  0.000000,  0.000000,  0.000000,  0.000000,  0.000000,  0.000000,  0.000000,  0.000000,  0.000000,  0.000000,  0.000000,  0.000000,  0.000000,  0.000000,  0.000000,  0.000000,  0.000000,  0.000000,  0.000000,  0.000000,  0.000000,  0.000000,  0.000000,  0.000000,  0.000000,  0.000000,  0.000000,  0.000000,  0.000000,  0.000000,  0.000000,  0.000000,  0.000000,  0.000000,  0.000000,  0.000000,  0.000000,  0.000000,  0.000000,  0.000000,  0.000000,  0.000000,  0.000000,  0.000000,  0.000000,  0.000000,  0.000000,  0.000000,  0.000000,  0.000000,  0.000000 ]
checksum = 1.000000
Repeated 3 time
f3=0.442727 a3=0.557273
f4=0.186775 a4=0.370498
f5=0.095629 a5=0.274869
f6=0.055341 a6=0.219528
f7=0.034850 a7=0.184678
f8=0.023347 a8=0.161331
f9=0.016397 a9=0.144934
f10=0.011954 a10=0.132980
f11=0.008981 a11=0.123999
f12=0.006918 a12=0.117082
f13=0.005441 a13=0.111641
f14=0.004356 a14=0.107285
f15=0.003542 a15=0.103743
f16=0.002918 a16=0.100825
f17=0.002433 a17=0.098391
f18=0.002050 a18=0.096342
f19=0.001743 a19=0.094599
f20=0.094599
[ 0.442727,  0.186775,  0.095629,  0.055341,  0.034850,  0.023347,  0.016397,  0.011954,  0.008981,  0.006918,  0.005441,  0.004356,  0.003542,  0.002918,  0.002433,  0.002050,  0.001743, 0.094599]
0.094599 == 0.094599

total 92006 nodes
[ 0.000022,  0.001619,  0.446199,  0.186357,  0.084897,  0.060409,  0.032715,  0.027226,  0.017303,  0.006880,  0.013227,  0.009880,  0.004228,  0.001511,  0.003032,  0.005424,  0.000065,  0.004348,  0.001641,  0.093016,  0.000000,  0.000000,  0.000000,  0.000000,  0.000000,  0.000000,  0.000000,  0.000000,  0.000000,  0.000000,  0.000000,  0.000000,  0.000000,  0.000000,  0.000000,  0.000000,  0.000000,  0.000000,  0.000000,  0.000000,  0.000000,  0.000000,  0.000000,  0.000000,  0.000000,  0.000000,  0.000000,  0.000000,  0.000000,  0.000000,  0.000000,  0.000000,  0.000000,  0.000000,  0.000000,  0.000000,  0.000000,  0.000000,  0.000000,  0.000000,  0.000000,  0.000000,  0.000000,  0.000000,  0.000000,  0.000000,  0.000000,  0.000000,  0.000000,  0.000000,  0.000000,  0.000000,  0.000000,  0.000000,  0.000000,  0.000000,  0.000000,  0.000000,  0.000000,  0.000000,  0.000000,  0.000000,  0.000000,  0.000000,  0.000000,  0.000000,  0.000000,  0.000000,  0.000000,  0.000000,  0.000000,  0.000000,  0.000000,  0.000000,  0.000000,  0.000000,  0.000000,  0.000000,  0.000000,  0.000000,  0.000000,  0.000000,  0.000000,  0.000000,  0.000000,  0.000000,  0.000000,  0.000000,  0.000000,  0.000000,  0.000000,  0.000000,  0.000000,  0.000000,  0.000000,  0.000000,  0.000000,  0.000000,  0.000000,  0.000000,  0.000000,  0.000000,  0.000000,  0.000000,  0.000000,  0.000000,  0.000000,  0.000000,  0.000000,  0.000000,  0.000000,  0.000000,  0.000000,  0.000000,  0.000000,  0.000000,  0.000000,  0.000000,  0.000000,  0.000000,  0.000000,  0.000000,  0.000000,  0.000000,  0.000000,  0.000000,  0.000000,  0.000000,  0.000000,  0.000000,  0.000000,  0.000000,  0.000000,  0.000000,  0.000000,  0.000000,  0.000000,  0.000000,  0.000000,  0.000000,  0.000000,  0.000000,  0.000000,  0.000000,  0.000000,  0.000000,  0.000000,  0.000000,  0.000000,  0.000000,  0.000000,  0.000000,  0.000000,  0.000000,  0.000000,  0.000000,  0.000000,  0.000000,  0.000000,  0.000000,  0.000000,  0.000000,  0.000000,  0.000000,  0.000000,  0.000000,  0.000000,  0.000000,  0.000000,  0.000000,  0.000000,  0.000000,  0.000000,  0.000000,  0.000000,  0.000000,  0.000000,  0.000000,  0.000000,  0.000000 ]
checksum = 1.000000
Repeated 4 time
f3=0.442727 a3=0.557273
f4=0.186775 a4=0.370498
f5=0.095629 a5=0.274869
f6=0.055341 a6=0.219528
f7=0.034850 a7=0.184678
f8=0.023347 a8=0.161331
f9=0.016397 a9=0.144934
f10=0.011954 a10=0.132980
f11=0.008981 a11=0.123999
f12=0.006918 a12=0.117082
f13=0.005441 a13=0.111641
f14=0.004356 a14=0.107285
f15=0.003542 a15=0.103743
f16=0.002918 a16=0.100825
f17=0.002433 a17=0.098391
f18=0.002050 a18=0.096342
f19=0.001743 a19=0.094599
f20=0.094599
[ 0.442727,  0.186775,  0.095629,  0.055341,  0.034850,  0.023347,  0.016397,  0.011954,  0.008981,  0.006918,  0.005441,  0.004356,  0.003542,  0.002918,  0.002433,  0.002050,  0.001743, 0.094599]
0.094599 == 0.094599

total 91974 nodes
[ 0.000011,  0.002381,  0.441516,  0.187792,  0.087514,  0.069346,  0.028247,  0.021919,  0.020604,  0.006437,  0.008796,  0.008742,  0.006839,  0.004295,  0.000696,  0.001468,  0.004849,  0.001076,  0.006687,  0.090787,  0.000000,  0.000000,  0.000000,  0.000000,  0.000000,  0.000000,  0.000000,  0.000000,  0.000000,  0.000000,  0.000000,  0.000000,  0.000000,  0.000000,  0.000000,  0.000000,  0.000000,  0.000000,  0.000000,  0.000000,  0.000000,  0.000000,  0.000000,  0.000000,  0.000000,  0.000000,  0.000000,  0.000000,  0.000000,  0.000000,  0.000000,  0.000000,  0.000000,  0.000000,  0.000000,  0.000000,  0.000000,  0.000000,  0.000000,  0.000000,  0.000000,  0.000000,  0.000000,  0.000000,  0.000000,  0.000000,  0.000000,  0.000000,  0.000000,  0.000000,  0.000000,  0.000000,  0.000000,  0.000000,  0.000000,  0.000000,  0.000000,  0.000000,  0.000000,  0.000000,  0.000000,  0.000000,  0.000000,  0.000000,  0.000000,  0.000000,  0.000000,  0.000000,  0.000000,  0.000000,  0.000000,  0.000000,  0.000000,  0.000000,  0.000000,  0.000000,  0.000000,  0.000000,  0.000000,  0.000000,  0.000000,  0.000000,  0.000000,  0.000000,  0.000000,  0.000000,  0.000000,  0.000000,  0.000000,  0.000000,  0.000000,  0.000000,  0.000000,  0.000000,  0.000000,  0.000000,  0.000000,  0.000000,  0.000000,  0.000000,  0.000000,  0.000000,  0.000000,  0.000000,  0.000000,  0.000000,  0.000000,  0.000000,  0.000000,  0.000000,  0.000000,  0.000000,  0.000000,  0.000000,  0.000000,  0.000000,  0.000000,  0.000000,  0.000000,  0.000000,  0.000000,  0.000000,  0.000000,  0.000000,  0.000000,  0.000000,  0.000000,  0.000000,  0.000000,  0.000000,  0.000000,  0.000000,  0.000000,  0.000000,  0.000000,  0.000000,  0.000000,  0.000000,  0.000000,  0.000000,  0.000000,  0.000000,  0.000000,  0.000000,  0.000000,  0.000000,  0.000000,  0.000000,  0.000000,  0.000000,  0.000000,  0.000000,  0.000000,  0.000000,  0.000000,  0.000000,  0.000000,  0.000000,  0.000000,  0.000000,  0.000000,  0.000000,  0.000000,  0.000000,  0.000000,  0.000000,  0.000000,  0.000000,  0.000000,  0.000000,  0.000000,  0.000000,  0.000000,  0.000000,  0.000000,  0.000000,  0.000000,  0.000000,  0.000000,  0.000000 ]
checksum = 1.000000
Repeated 5 time
f3=0.442727 a3=0.557273
f4=0.186775 a4=0.370498
f5=0.095629 a5=0.274869
f6=0.055341 a6=0.219528
f7=0.034850 a7=0.184678
f8=0.023347 a8=0.161331
f9=0.016397 a9=0.144934
f10=0.011954 a10=0.132980
f11=0.008981 a11=0.123999
f12=0.006918 a12=0.117082
f13=0.005441 a13=0.111641
f14=0.004356 a14=0.107285
f15=0.003542 a15=0.103743
f16=0.002918 a16=0.100825
f17=0.002433 a17=0.098391
f18=0.002050 a18=0.096342
f19=0.001743 a19=0.094599
f20=0.094599
[ 0.442727,  0.186775,  0.095629,  0.055341,  0.034850,  0.023347,  0.016397,  0.011954,  0.008981,  0.006918,  0.005441,  0.004356,  0.003542,  0.002918,  0.002433,  0.002050,  0.001743, 0.094599]
0.094599 == 0.094599

total 92076 nodes
[ 0.000011,  0.002020,  0.444937,  0.186704,  0.093162,  0.053271,  0.038316,  0.018800,  0.015476,  0.013130,  0.010491,  0.007526,  0.006267,  0.002563,  0.002976,  0.005104,  0.001173,  0.001586,  0.003573,  0.092912,  0.000000,  0.000000,  0.000000,  0.000000,  0.000000,  0.000000,  0.000000,  0.000000,  0.000000,  0.000000,  0.000000,  0.000000,  0.000000,  0.000000,  0.000000,  0.000000,  0.000000,  0.000000,  0.000000,  0.000000,  0.000000,  0.000000,  0.000000,  0.000000,  0.000000,  0.000000,  0.000000,  0.000000,  0.000000,  0.000000,  0.000000,  0.000000,  0.000000,  0.000000,  0.000000,  0.000000,  0.000000,  0.000000,  0.000000,  0.000000,  0.000000,  0.000000,  0.000000,  0.000000,  0.000000,  0.000000,  0.000000,  0.000000,  0.000000,  0.000000,  0.000000,  0.000000,  0.000000,  0.000000,  0.000000,  0.000000,  0.000000,  0.000000,  0.000000,  0.000000,  0.000000,  0.000000,  0.000000,  0.000000,  0.000000,  0.000000,  0.000000,  0.000000,  0.000000,  0.000000,  0.000000,  0.000000,  0.000000,  0.000000,  0.000000,  0.000000,  0.000000,  0.000000,  0.000000,  0.000000,  0.000000,  0.000000,  0.000000,  0.000000,  0.000000,  0.000000,  0.000000,  0.000000,  0.000000,  0.000000,  0.000000,  0.000000,  0.000000,  0.000000,  0.000000,  0.000000,  0.000000,  0.000000,  0.000000,  0.000000,  0.000000,  0.000000,  0.000000,  0.000000,  0.000000,  0.000000,  0.000000,  0.000000,  0.000000,  0.000000,  0.000000,  0.000000,  0.000000,  0.000000,  0.000000,  0.000000,  0.000000,  0.000000,  0.000000,  0.000000,  0.000000,  0.000000,  0.000000,  0.000000,  0.000000,  0.000000,  0.000000,  0.000000,  0.000000,  0.000000,  0.000000,  0.000000,  0.000000,  0.000000,  0.000000,  0.000000,  0.000000,  0.000000,  0.000000,  0.000000,  0.000000,  0.000000,  0.000000,  0.000000,  0.000000,  0.000000,  0.000000,  0.000000,  0.000000,  0.000000,  0.000000,  0.000000,  0.000000,  0.000000,  0.000000,  0.000000,  0.000000,  0.000000,  0.000000,  0.000000,  0.000000,  0.000000,  0.000000,  0.000000,  0.000000,  0.000000,  0.000000,  0.000000,  0.000000,  0.000000,  0.000000,  0.000000,  0.000000,  0.000000,  0.000000,  0.000000,  0.000000,  0.000000,  0.000000,  0.000000 ]
checksum = 1.000000
Repeated 6 time
f3=0.442727 a3=0.557273
f4=0.186775 a4=0.370498
f5=0.095629 a5=0.274869
f6=0.055341 a6=0.219528
f7=0.034850 a7=0.184678
f8=0.023347 a8=0.161331
f9=0.016397 a9=0.144934
f10=0.011954 a10=0.132980
f11=0.008981 a11=0.123999
f12=0.006918 a12=0.117082
f13=0.005441 a13=0.111641
f14=0.004356 a14=0.107285
f15=0.003542 a15=0.103743
f16=0.002918 a16=0.100825
f17=0.002433 a17=0.098391
f18=0.002050 a18=0.096342
f19=0.001743 a19=0.094599
f20=0.094599
[ 0.442727,  0.186775,  0.095629,  0.055341,  0.034850,  0.023347,  0.016397,  0.011954,  0.008981,  0.006918,  0.005441,  0.004356,  0.003542,  0.002918,  0.002433,  0.002050,  0.001743, 0.094599]
0.094599 == 0.094599

total 91566 nodes
[ 0.000022,  0.001234,  0.444401,  0.186532,  0.094588,  0.050357,  0.040812,  0.018872,  0.015748,  0.015606,  0.003298,  0.010277,  0.008038,  0.005122,  0.002086,  0.004390,  0.001518,  0.003429,  0.003735,  0.089935,  0.000000,  0.000000,  0.000000,  0.000000,  0.000000,  0.000000,  0.000000,  0.000000,  0.000000,  0.000000,  0.000000,  0.000000,  0.000000,  0.000000,  0.000000,  0.000000,  0.000000,  0.000000,  0.000000,  0.000000,  0.000000,  0.000000,  0.000000,  0.000000,  0.000000,  0.000000,  0.000000,  0.000000,  0.000000,  0.000000,  0.000000,  0.000000,  0.000000,  0.000000,  0.000000,  0.000000,  0.000000,  0.000000,  0.000000,  0.000000,  0.000000,  0.000000,  0.000000,  0.000000,  0.000000,  0.000000,  0.000000,  0.000000,  0.000000,  0.000000,  0.000000,  0.000000,  0.000000,  0.000000,  0.000000,  0.000000,  0.000000,  0.000000,  0.000000,  0.000000,  0.000000,  0.000000,  0.000000,  0.000000,  0.000000,  0.000000,  0.000000,  0.000000,  0.000000,  0.000000,  0.000000,  0.000000,  0.000000,  0.000000,  0.000000,  0.000000,  0.000000,  0.000000,  0.000000,  0.000000,  0.000000,  0.000000,  0.000000,  0.000000,  0.000000,  0.000000,  0.000000,  0.000000,  0.000000,  0.000000,  0.000000,  0.000000,  0.000000,  0.000000,  0.000000,  0.000000,  0.000000,  0.000000,  0.000000,  0.000000,  0.000000,  0.000000,  0.000000,  0.000000,  0.000000,  0.000000,  0.000000,  0.000000,  0.000000,  0.000000,  0.000000,  0.000000,  0.000000,  0.000000,  0.000000,  0.000000,  0.000000,  0.000000,  0.000000,  0.000000,  0.000000,  0.000000,  0.000000,  0.000000,  0.000000,  0.000000,  0.000000,  0.000000,  0.000000,  0.000000,  0.000000,  0.000000,  0.000000,  0.000000,  0.000000,  0.000000,  0.000000,  0.000000,  0.000000,  0.000000,  0.000000,  0.000000,  0.000000,  0.000000,  0.000000,  0.000000,  0.000000,  0.000000,  0.000000,  0.000000,  0.000000,  0.000000,  0.000000,  0.000000,  0.000000,  0.000000,  0.000000,  0.000000,  0.000000,  0.000000,  0.000000,  0.000000,  0.000000,  0.000000,  0.000000,  0.000000,  0.000000,  0.000000,  0.000000,  0.000000,  0.000000,  0.000000,  0.000000,  0.000000,  0.000000,  0.000000,  0.000000,  0.000000,  0.000000,  0.000000 ]
checksum = 1.000000
Repeated 7 time
f3=0.442727 a3=0.557273
f4=0.186775 a4=0.370498
f5=0.095629 a5=0.274869
f6=0.055341 a6=0.219528
f7=0.034850 a7=0.184678
f8=0.023347 a8=0.161331
f9=0.016397 a9=0.144934
f10=0.011954 a10=0.132980
f11=0.008981 a11=0.123999
f12=0.006918 a12=0.117082
f13=0.005441 a13=0.111641
f14=0.004356 a14=0.107285
f15=0.003542 a15=0.103743
f16=0.002918 a16=0.100825
f17=0.002433 a17=0.098391
f18=0.002050 a18=0.096342
f19=0.001743 a19=0.094599
f20=0.094599
[ 0.442727,  0.186775,  0.095629,  0.055341,  0.034850,  0.023347,  0.016397,  0.011954,  0.008981,  0.006918,  0.005441,  0.004356,  0.003542,  0.002918,  0.002433,  0.002050,  0.001743, 0.094599]
0.094599 == 0.094599

total 91764 nodes
[ 0.000000,  0.001820,  0.441175,  0.188396,  0.086690,  0.058541,  0.039536,  0.024258,  0.013295,  0.016183,  0.007192,  0.005416,  0.005503,  0.003901,  0.004413,  0.002833,  0.002626,  0.004849,  0.003095,  0.090275,  0.000000,  0.000000,  0.000000,  0.000000,  0.000000,  0.000000,  0.000000,  0.000000,  0.000000,  0.000000,  0.000000,  0.000000,  0.000000,  0.000000,  0.000000,  0.000000,  0.000000,  0.000000,  0.000000,  0.000000,  0.000000,  0.000000,  0.000000,  0.000000,  0.000000,  0.000000,  0.000000,  0.000000,  0.000000,  0.000000,  0.000000,  0.000000,  0.000000,  0.000000,  0.000000,  0.000000,  0.000000,  0.000000,  0.000000,  0.000000,  0.000000,  0.000000,  0.000000,  0.000000,  0.000000,  0.000000,  0.000000,  0.000000,  0.000000,  0.000000,  0.000000,  0.000000,  0.000000,  0.000000,  0.000000,  0.000000,  0.000000,  0.000000,  0.000000,  0.000000,  0.000000,  0.000000,  0.000000,  0.000000,  0.000000,  0.000000,  0.000000,  0.000000,  0.000000,  0.000000,  0.000000,  0.000000,  0.000000,  0.000000,  0.000000,  0.000000,  0.000000,  0.000000,  0.000000,  0.000000,  0.000000,  0.000000,  0.000000,  0.000000,  0.000000,  0.000000,  0.000000,  0.000000,  0.000000,  0.000000,  0.000000,  0.000000,  0.000000,  0.000000,  0.000000,  0.000000,  0.000000,  0.000000,  0.000000,  0.000000,  0.000000,  0.000000,  0.000000,  0.000000,  0.000000,  0.000000,  0.000000,  0.000000,  0.000000,  0.000000,  0.000000,  0.000000,  0.000000,  0.000000,  0.000000,  0.000000,  0.000000,  0.000000,  0.000000,  0.000000,  0.000000,  0.000000,  0.000000,  0.000000,  0.000000,  0.000000,  0.000000,  0.000000,  0.000000,  0.000000,  0.000000,  0.000000,  0.000000,  0.000000,  0.000000,  0.000000,  0.000000,  0.000000,  0.000000,  0.000000,  0.000000,  0.000000,  0.000000,  0.000000,  0.000000,  0.000000,  0.000000,  0.000000,  0.000000,  0.000000,  0.000000,  0.000000,  0.000000,  0.000000,  0.000000,  0.000000,  0.000000,  0.000000,  0.000000,  0.000000,  0.000000,  0.000000,  0.000000,  0.000000,  0.000000,  0.000000,  0.000000,  0.000000,  0.000000,  0.000000,  0.000000,  0.000000,  0.000000,  0.000000,  0.000000,  0.000000,  0.000000,  0.000000,  0.000000,  0.000000 ]
checksum = 1.000000
Repeated 8 time
f3=0.442727 a3=0.557273
f4=0.186775 a4=0.370498
f5=0.095629 a5=0.274869
f6=0.055341 a6=0.219528
f7=0.034850 a7=0.184678
f8=0.023347 a8=0.161331
f9=0.016397 a9=0.144934
f10=0.011954 a10=0.132980
f11=0.008981 a11=0.123999
f12=0.006918 a12=0.117082
f13=0.005441 a13=0.111641
f14=0.004356 a14=0.107285
f15=0.003542 a15=0.103743
f16=0.002918 a16=0.100825
f17=0.002433 a17=0.098391
f18=0.002050 a18=0.096342
f19=0.001743 a19=0.094599
f20=0.094599
[ 0.442727,  0.186775,  0.095629,  0.055341,  0.034850,  0.023347,  0.016397,  0.011954,  0.008981,  0.006918,  0.005441,  0.004356,  0.003542,  0.002918,  0.002433,  0.002050,  0.001743, 0.094599]
0.094599 == 0.094599

total 92222 nodes
[ 0.000000,  0.001269,  0.440741,  0.189467,  0.094435,  0.052384,  0.040403,  0.021513,  0.012166,  0.014216,  0.010919,  0.004728,  0.009065,  0.001800,  0.000553,  0.004771,  0.004186,  0.002906,  0.001919,  0.092559,  0.000000,  0.000000,  0.000000,  0.000000,  0.000000,  0.000000,  0.000000,  0.000000,  0.000000,  0.000000,  0.000000,  0.000000,  0.000000,  0.000000,  0.000000,  0.000000,  0.000000,  0.000000,  0.000000,  0.000000,  0.000000,  0.000000,  0.000000,  0.000000,  0.000000,  0.000000,  0.000000,  0.000000,  0.000000,  0.000000,  0.000000,  0.000000,  0.000000,  0.000000,  0.000000,  0.000000,  0.000000,  0.000000,  0.000000,  0.000000,  0.000000,  0.000000,  0.000000,  0.000000,  0.000000,  0.000000,  0.000000,  0.000000,  0.000000,  0.000000,  0.000000,  0.000000,  0.000000,  0.000000,  0.000000,  0.000000,  0.000000,  0.000000,  0.000000,  0.000000,  0.000000,  0.000000,  0.000000,  0.000000,  0.000000,  0.000000,  0.000000,  0.000000,  0.000000,  0.000000,  0.000000,  0.000000,  0.000000,  0.000000,  0.000000,  0.000000,  0.000000,  0.000000,  0.000000,  0.000000,  0.000000,  0.000000,  0.000000,  0.000000,  0.000000,  0.000000,  0.000000,  0.000000,  0.000000,  0.000000,  0.000000,  0.000000,  0.000000,  0.000000,  0.000000,  0.000000,  0.000000,  0.000000,  0.000000,  0.000000,  0.000000,  0.000000,  0.000000,  0.000000,  0.000000,  0.000000,  0.000000,  0.000000,  0.000000,  0.000000,  0.000000,  0.000000,  0.000000,  0.000000,  0.000000,  0.000000,  0.000000,  0.000000,  0.000000,  0.000000,  0.000000,  0.000000,  0.000000,  0.000000,  0.000000,  0.000000,  0.000000,  0.000000,  0.000000,  0.000000,  0.000000,  0.000000,  0.000000,  0.000000,  0.000000,  0.000000,  0.000000,  0.000000,  0.000000,  0.000000,  0.000000,  0.000000,  0.000000,  0.000000,  0.000000,  0.000000,  0.000000,  0.000000,  0.000000,  0.000000,  0.000000,  0.000000,  0.000000,  0.000000,  0.000000,  0.000000,  0.000000,  0.000000,  0.000000,  0.000000,  0.000000,  0.000000,  0.000000,  0.000000,  0.000000,  0.000000,  0.000000,  0.000000,  0.000000,  0.000000,  0.000000,  0.000000,  0.000000,  0.000000,  0.000000,  0.000000,  0.000000,  0.000000,  0.000000,  0.000000 ]
checksum = 1.000000
Repeated 9 time
f3=0.442727 a3=0.557273
f4=0.186775 a4=0.370498
f5=0.095629 a5=0.274869
f6=0.055341 a6=0.219528
f7=0.034850 a7=0.184678
f8=0.023347 a8=0.161331
f9=0.016397 a9=0.144934
f10=0.011954 a10=0.132980
f11=0.008981 a11=0.123999
f12=0.006918 a12=0.117082
f13=0.005441 a13=0.111641
f14=0.004356 a14=0.107285
f15=0.003542 a15=0.103743
f16=0.002918 a16=0.100825
f17=0.002433 a17=0.098391
f18=0.002050 a18=0.096342
f19=0.001743 a19=0.094599
f20=0.094599
[ 0.442727,  0.186775,  0.095629,  0.055341,  0.034850,  0.023347,  0.016397,  0.011954,  0.008981,  0.006918,  0.005441,  0.004356,  0.003542,  0.002918,  0.002433,  0.002050,  0.001743, 0.094599]
0.094599 == 0.094599

total 92372 nodes
[ 0.000000,  0.001959,  0.443879,  0.186377,  0.095299,  0.054887,  0.031481,  0.021197,  0.018458,  0.015979,  0.009343,  0.003757,  0.004828,  0.005738,  0.001905,  0.004969,  0.002717,  0.002176,  0.002360,  0.092690,  0.000000,  0.000000,  0.000000,  0.000000,  0.000000,  0.000000,  0.000000,  0.000000,  0.000000,  0.000000,  0.000000,  0.000000,  0.000000,  0.000000,  0.000000,  0.000000,  0.000000,  0.000000,  0.000000,  0.000000,  0.000000,  0.000000,  0.000000,  0.000000,  0.000000,  0.000000,  0.000000,  0.000000,  0.000000,  0.000000,  0.000000,  0.000000,  0.000000,  0.000000,  0.000000,  0.000000,  0.000000,  0.000000,  0.000000,  0.000000,  0.000000,  0.000000,  0.000000,  0.000000,  0.000000,  0.000000,  0.000000,  0.000000,  0.000000,  0.000000,  0.000000,  0.000000,  0.000000,  0.000000,  0.000000,  0.000000,  0.000000,  0.000000,  0.000000,  0.000000,  0.000000,  0.000000,  0.000000,  0.000000,  0.000000,  0.000000,  0.000000,  0.000000,  0.000000,  0.000000,  0.000000,  0.000000,  0.000000,  0.000000,  0.000000,  0.000000,  0.000000,  0.000000,  0.000000,  0.000000,  0.000000,  0.000000,  0.000000,  0.000000,  0.000000,  0.000000,  0.000000,  0.000000,  0.000000,  0.000000,  0.000000,  0.000000,  0.000000,  0.000000,  0.000000,  0.000000,  0.000000,  0.000000,  0.000000,  0.000000,  0.000000,  0.000000,  0.000000,  0.000000,  0.000000,  0.000000,  0.000000,  0.000000,  0.000000,  0.000000,  0.000000,  0.000000,  0.000000,  0.000000,  0.000000,  0.000000,  0.000000,  0.000000,  0.000000,  0.000000,  0.000000,  0.000000,  0.000000,  0.000000,  0.000000,  0.000000,  0.000000,  0.000000,  0.000000,  0.000000,  0.000000,  0.000000,  0.000000,  0.000000,  0.000000,  0.000000,  0.000000,  0.000000,  0.000000,  0.000000,  0.000000,  0.000000,  0.000000,  0.000000,  0.000000,  0.000000,  0.000000,  0.000000,  0.000000,  0.000000,  0.000000,  0.000000,  0.000000,  0.000000,  0.000000,  0.000000,  0.000000,  0.000000,  0.000000,  0.000000,  0.000000,  0.000000,  0.000000,  0.000000,  0.000000,  0.000000,  0.000000,  0.000000,  0.000000,  0.000000,  0.000000,  0.000000,  0.000000,  0.000000,  0.000000,  0.000000,  0.000000,  0.000000,  0.000000,  0.000000 ]
checksum = 1.000000
====================
[ 0.000000,  0.000010,  0.001717,  0.441976,  0.187391,  0.092657,  0.056420,  0.035831,  0.022827,  0.016203,  0.011778,  0.009326,  0.006958,  0.005854,  0.003877,  0.002691,  0.004215,  0.002881,  0.002575,  0.003223,  0.091590,  0.000000,  0.000000,  0.000000,  0.000000,  0.000000,  0.000000,  0.000000,  0.000000,  0.000000,  0.000000,  0.000000,  0.000000,  0.000000,  0.000000,  0.000000,  0.000000,  0.000000,  0.000000,  0.000000,  0.000000,  0.000000,  0.000000,  0.000000,  0.000000,  0.000000,  0.000000,  0.000000,  0.000000,  0.000000,  0.000000,  0.000000,  0.000000,  0.000000,  0.000000,  0.000000,  0.000000,  0.000000,  0.000000,  0.000000,  0.000000,  0.000000,  0.000000,  0.000000,  0.000000,  0.000000,  0.000000,  0.000000,  0.000000,  0.000000,  0.000000,  0.000000,  0.000000,  0.000000,  0.000000,  0.000000,  0.000000,  0.000000,  0.000000,  0.000000,  0.000000,  0.000000,  0.000000,  0.000000,  0.000000,  0.000000,  0.000000,  0.000000,  0.000000,  0.000000,  0.000000,  0.000000,  0.000000,  0.000000,  0.000000,  0.000000,  0.000000,  0.000000,  0.000000,  0.000000,  0.000000 ]
f3=0.442727 a3=0.557273
f4=0.186775 a4=0.370498
f5=0.095629 a5=0.274869
f6=0.055341 a6=0.219528
f7=0.034850 a7=0.184678
f8=0.023347 a8=0.161331
f9=0.016397 a9=0.144934
f10=0.011954 a10=0.132980
f11=0.008981 a11=0.123999
f12=0.006918 a12=0.117082
f13=0.005441 a13=0.111641
f14=0.004356 a14=0.107285
f15=0.003542 a15=0.103743
f16=0.002918 a16=0.100825
f17=0.002433 a17=0.098391
f18=0.002050 a18=0.096342
f19=0.001743 a19=0.094599
f20=0.094599
[ 0.442727,  0.186775,  0.095629,  0.055341,  0.034850,  0.023347,  0.016397,  0.011954,  0.008981,  0.006918,  0.005441,  0.004356,  0.003542,  0.002918,  0.002433,  0.002050,  0.001743, 0.094599]
0.094599 == 0.094599
