Repeated 0 time
f3=0.469917 a3=0.530083
f4=0.198246 a4=0.331837
f5=0.101502 a5=0.230335
f6=0.058740 a6=0.171595
f7=0.036991 a7=0.134605
f8=0.024781 a8=0.109824
f9=0.017404 a9=0.092420
f10=0.012688 a10=0.079732
f11=0.009532 a11=0.070199
f12=0.007342 a12=0.062857
f13=0.005775 a13=0.057082
f14=0.004624 a14=0.052458
f15=0.003759 a15=0.048699
f16=0.003098 a16=0.045601
f17=0.002582 a17=0.043019
f18=0.002176 a18=0.040843
f19=0.001850 a19=0.038993
f20=0.001586 a20=0.037407
f21=0.001370 a21=0.036037
f22=0.001192 a22=0.034846
f23=0.001043 a23=0.033803
f24=0.000918 a24=0.032885
f25=0.000812 a25=0.032073
f26=0.000722 a26=0.031351
f27=0.000645 a27=0.030707
f28=0.000578 a28=0.030129
f29=0.000520 a29=0.029608
f30=0.000470 a30=0.029139
f31=0.000426 a31=0.028713
f32=0.000387 a32=0.028325
f33=0.000353 a33=0.027972
f34=0.000323 a34=0.027650
f35=0.000296 a35=0.027354
f36=0.000272 a36=0.027082
f37=0.000250 a37=0.026831
f38=0.000231 a38=0.026600
f39=0.000214 a39=0.026386
f40=0.000198 a40=0.026188
f41=0.000184 a41=0.026004
f42=0.000171 a42=0.025833
f43=0.000160 a43=0.025673
f44=0.000149 a44=0.025524
f45=0.000139 a45=0.025385
f46=0.000130 a46=0.025254
f47=0.000122 a47=0.025132
f48=0.000115 a48=0.025017
f49=0.000108 a49=0.024910
f50=0.024910
[ 0.469917,  0.198246,  0.101502,  0.058740,  0.036991,  0.024781,  0.017404,  0.012688,  0.009532,  0.007342,  0.005775,  0.004624,  0.003759,  0.003098,  0.002582,  0.002176,  0.001850,  0.001586,  0.001370,  0.001192,  0.001043,  0.000918,  0.000812,  0.000722,  0.000645,  0.000578,  0.000520,  0.000470,  0.000426,  0.000387,  0.000353,  0.000323,  0.000296,  0.000272,  0.000250,  0.000231,  0.000214,  0.000198,  0.000184,  0.000171,  0.000160,  0.000149,  0.000139,  0.000130,  0.000122,  0.000115,  0.000108, 0.024910]
0.024910 == 0.024910

total 92175 nodes
[ 0.001888,  0.025007,  0.454288,  0.194348,  0.100841,  0.057825,  0.034706,  0.023260,  0.012476,  0.015481,  0.010339,  0.009232,  0.004795,  0.005457,  0.002571,  0.003873,  0.002821,  0.000553,  0.001616,  0.001551,  0.003233,  0.001041,  0.001117,  0.000239,  0.000857,  0.001400,  0.000336,  0.000423,  0.000467,  0.000380,  0.000553,  0.000727,  0.000163,  0.000347,  0.000683,  0.000673,  0.000011,  0.000250,  0.000499,  0.000184,  0.000499,  0.000727,  0.000011,  0.000488,  0.000217,  0.000228,  0.000195,  0.000412,  0.003537,  0.017174,  0.000000,  0.000000,  0.000000,  0.000000,  0.000000,  0.000000,  0.000000,  0.000000,  0.000000,  0.000000,  0.000000,  0.000000,  0.000000,  0.000000,  0.000000,  0.000000,  0.000000,  0.000000,  0.000000,  0.000000,  0.000000,  0.000000,  0.000000,  0.000000,  0.000000,  0.000000,  0.000000,  0.000000,  0.000000,  0.000000,  0.000000,  0.000000,  0.000000,  0.000000,  0.000000,  0.000000,  0.000000,  0.000000,  0.000000,  0.000000,  0.000000,  0.000000,  0.000000,  0.000000,  0.000000,  0.000000,  0.000000,  0.000000,  0.000000,  0.000000,  0.000000,  0.000000,  0.000000,  0.000000,  0.000000,  0.000000,  0.000000,  0.000000,  0.000000,  0.000000,  0.000000,  0.000000,  0.000000,  0.000000,  0.000000,  0.000000,  0.000000,  0.000000,  0.000000,  0.000000,  0.000000,  0.000000,  0.000000,  0.000000,  0.000000,  0.000000,  0.000000,  0.000000,  0.000000,  0.000000,  0.000000,  0.000000,  0.000000,  0.000000,  0.000000,  0.000000,  0.000000,  0.000000,  0.000000,  0.000000,  0.000000,  0.000000,  0.000000,  0.000000,  0.000000,  0.000000,  0.000000,  0.000000,  0.000000,  0.000000,  0.000000,  0.000000,  0.000000,  0.000000,  0.000000,  0.000000,  0.000000,  0.000000,  0.000000,  0.000000,  0.000000,  0.000000,  0.000000,  0.000000,  0.000000,  0.000000,  0.000000,  0.000000,  0.000000,  0.000000,  0.000000,  0.000000,  0.000000,  0.000000,  0.000000,  0.000000,  0.000000,  0.000000,  0.000000,  0.000000,  0.000000,  0.000000,  0.000000,  0.000000,  0.000000,  0.000000,  0.000000,  0.000000,  0.000000,  0.000000,  0.000000,  0.000000,  0.000000,  0.000000,  0.000000,  0.000000,  0.000000,  0.000000,  0.000000,  0.000000,  0.000000,  0.000000,  0.000000,  0.000000,  0.000000,  0.000000,  0.000000,  0.000000,  0.000000,  0.000000,  0.000000,  0.000000,  0.000000,  0.000000,  0.000000,  0.000000,  0.000000,  0.000000,  0.000000,  0.000000,  0.000000,  0.000000,  0.000000,  0.000000,  0.000000,  0.000000,  0.000000,  0.000000,  0.000000,  0.000000,  0.000000,  0.000000,  0.000000,  0.000000,  0.000000,  0.000000,  0.000000,  0.000000,  0.000000,  0.000000,  0.000000,  0.000000,  0.000000,  0.000000,  0.000000,  0.000000,  0.000000,  0.000000,  0.000000,  0.000000,  0.000000,  0.000000,  0.000000,  0.000000,  0.000000,  0.000000,  0.000000,  0.000000,  0.000000,  0.000000,  0.000000,  0.000000,  0.000000,  0.000000,  0.000000,  0.000000,  0.000000,  0.000000,  0.000000,  0.000000,  0.000000,  0.000000,  0.000000,  0.000000,  0.000000,  0.000000,  0.000000,  0.000000,  0.000000,  0.000000,  0.000000,  0.000000,  0.000000,  0.000000,  0.000000,  0.000000,  0.000000,  0.000000,  0.000000,  0.000000,  0.000000,  0.000000,  0.000000,  0.000000,  0.000000,  0.000000,  0.000000,  0.000000,  0.000000,  0.000000,  0.000000,  0.000000,  0.000000,  0.000000,  0.000000,  0.000000,  0.000000,  0.000000,  0.000000,  0.000000,  0.000000,  0.000000,  0.000000,  0.000000,  0.000000,  0.000000,  0.000000,  0.000000,  0.000000,  0.000000,  0.000000,  0.000000,  0.000000,  0.000000,  0.000000,  0.000000,  0.000000,  0.000000,  0.000000,  0.000000,  0.000000,  0.000000,  0.000000,  0.000000,  0.000000,  0.000000,  0.000000,  0.000000,  0.000000,  0.000000,  0.000000,  0.000000,  0.000000,  0.000000,  0.000000,  0.000000,  0.000000,  0.000000,  0.000000,  0.000000,  0.000000,  0.000000,  0.000000,  0.000000,  0.000000,  0.000000,  0.000000,  0.000000,  0.000000,  0.000000,  0.000000,  0.000000,  0.000000,  0.000000,  0.000000,  0.000000,  0.000000,  0.000000,  0.000000,  0.000000,  0.000000,  0.000000,  0.000000,  0.000000,  0.000000,  0.000000,  0.000000,  0.000000,  0.000000,  0.000000,  0.000000,  0.000000,  0.000000,  0.000000,  0.000000,  0.000000,  0.000000,  0.000000,  0.000000,  0.000000,  0.000000,  0.000000,  0.000000,  0.000000,  0.000000,  0.000000,  0.000000,  0.000000,  0.000000,  0.000000,  0.000000,  0.000000,  0.000000,  0.000000,  0.000000,  0.000000,  0.000000,  0.000000,  0.000000,  0.000000,  0.000000,  0.000000,  0.000000,  0.000000,  0.000000,  0.000000,  0.000000,  0.000000,  0.000000,  0.000000,  0.000000,  0.000000,  0.000000,  0.000000,  0.000000,  0.000000,  0.000000,  0.000000,  0.000000,  0.000000,  0.000000,  0.000000,  0.000000,  0.000000,  0.000000,  0.000000,  0.000000,  0.000000,  0.000000,  0.000000,  0.000000,  0.000000,  0.000000,  0.000000,  0.000000,  0.000000,  0.000000,  0.000000,  0.000000,  0.000000,  0.000000,  0.000000,  0.000000,  0.000000,  0.000000,  0.000000,  0.000000,  0.000000,  0.000000,  0.000000,  0.000000,  0.000000,  0.000000,  0.000000,  0.000000,  0.000000,  0.000000,  0.000000,  0.000000,  0.000000,  0.000000,  0.000000,  0.000000,  0.000000,  0.000000,  0.000000,  0.000000,  0.000000,  0.000000,  0.000000,  0.000000,  0.000000,  0.000000,  0.000000,  0.000000,  0.000000,  0.000000,  0.000000,  0.000000,  0.000000,  0.000000,  0.000000,  0.000000,  0.000000,  0.000000,  0.000000,  0.000000,  0.000000,  0.000000,  0.000000 ]
checksum = 1.000000
Repeated 1 time
f3=0.469917 a3=0.530083
f4=0.198246 a4=0.331837
f5=0.101502 a5=0.230335
f6=0.058740 a6=0.171595
f7=0.036991 a7=0.134605
f8=0.024781 a8=0.109824
f9=0.017404 a9=0.092420
f10=0.012688 a10=0.079732
f11=0.009532 a11=0.070199
f12=0.007342 a12=0.062857
f13=0.005775 a13=0.057082
f14=0.004624 a14=0.052458
f15=0.003759 a15=0.048699
f16=0.003098 a16=0.045601
f17=0.002582 a17=0.043019
f18=0.002176 a18=0.040843
f19=0.001850 a19=0.038993
f20=0.001586 a20=0.037407
f21=0.001370 a21=0.036037
f22=0.001192 a22=0.034846
f23=0.001043 a23=0.033803
f24=0.000918 a24=0.032885
f25=0.000812 a25=0.032073
f26=0.000722 a26=0.031351
f27=0.000645 a27=0.030707
f28=0.000578 a28=0.030129
f29=0.000520 a29=0.029608
f30=0.000470 a30=0.029139
f31=0.000426 a31=0.028713
f32=0.000387 a32=0.028325
f33=0.000353 a33=0.027972
f34=0.000323 a34=0.027650
f35=0.000296 a35=0.027354
f36=0.000272 a36=0.027082
f37=0.000250 a37=0.026831
f38=0.000231 a38=0.026600
f39=0.000214 a39=0.026386
f40=0.000198 a40=0.026188
f41=0.000184 a41=0.026004
f42=0.000171 a42=0.025833
f43=0.000160 a43=0.025673
f44=0.000149 a44=0.025524
f45=0.000139 a45=0.025385
f46=0.000130 a46=0.025254
f47=0.000122 a47=0.025132
f48=0.000115 a48=0.025017
f49=0.000108 a49=0.024910
f50=0.024910
[ 0.469917,  0.198246,  0.101502,  0.058740,  0.036991,  0.024781,  0.017404,  0.012688,  0.009532,  0.007342,  0.005775,  0.004624,  0.003759,  0.003098,  0.002582,  0.002176,  0.001850,  0.001586,  0.001370,  0.001192,  0.001043,  0.000918,  0.000812,  0.000722,  0.000645,  0.000578,  0.000520,  0.000470,  0.000426,  0.000387,  0.000353,  0.000323,  0.000296,  0.000272,  0.000250,  0.000231,  0.000214,  0.000198,  0.000184,  0.000171,  0.000160,  0.000149,  0.000139,  0.000130,  0.000122,  0.000115,  0.000108, 0.024910]
0.024910 == 0.024910

total 91825 nodes
[ 0.002537,  0.027389,  0.450999,  0.196199,  0.099733,  0.053188,  0.037299,  0.025832,  0.011402,  0.018339,  0.007253,  0.008712,  0.005140,  0.003409,  0.005304,  0.003332,  0.000196,  0.003583,  0.002494,  0.001830,  0.000087,  0.002429,  0.001133,  0.000947,  0.000425,  0.001350,  0.000817,  0.000512,  0.001122,  0.000240,  0.000599,  0.000926,  0.000022,  0.000185,  0.000969,  0.000719,  0.000065,  0.000033,  0.000327,  0.000381,  0.000033,  0.000218,  0.000152,  0.000545,  0.000022,  0.000348,  0.000283,  0.000599,  0.002897,  0.017446,  0.000000,  0.000000,  0.000000,  0.000000,  0.000000,  0.000000,  0.000000,  0.000000,  0.000000,  0.000000,  0.000000,  0.000000,  0.000000,  0.000000,  0.000000,  0.000000,  0.000000,  0.000000,  0.000000,  0.000000,  0.000000,  0.000000,  0.000000,  0.000000,  0.000000,  0.000000,  0.000000,  0.000000,  0.000000,  0.000000,  0.000000,  0.000000,  0.000000,  0.000000,  0.000000,  0.000000,  0.000000,  0.000000,  0.000000,  0.000000,  0.000000,  0.000000,  0.000000,  0.000000,  0.000000,  0.000000,  0.000000,  0.000000,  0.000000,  0.000000,  0.000000,  0.000000,  0.000000,  0.000000,  0.000000,  0.000000,  0.000000,  0.000000,  0.000000,  0.000000,  0.000000,  0.000000,  0.000000,  0.000000,  0.000000,  0.000000,  0.000000,  0.000000,  0.000000,  0.000000,  0.000000,  0.000000,  0.000000,  0.000000,  0.000000,  0.000000,  0.000000,  0.000000,  0.000000,  0.000000,  0.000000,  0.000000,  0.000000,  0.000000,  0.000000,  0.000000,  0.000000,  0.000000,  0.000000,  0.000000,  0.000000,  0.000000,  0.000000,  0.000000,  0.000000,  0.000000,  0.000000,  0.000000,  0.000000,  0.000000,  0.000000,  0.000000,  0.000000,  0.000000,  0.000000,  0.000000,  0.000000,  0.000000,  0.000000,  0.000000,  0.000000,  0.000000,  0.000000,  0.000000,  0.000000,  0.000000,  0.000000,  0.000000,  0.000000,  0.000000,  0.000000,  0.000000,  0.000000,  0.000000,  0.000000,  0.000000,  0.000000,  0.000000,  0.000000,  0.000000,  0.000000,  0.000000,  0.000000,  0.000000,  0.000000,  0.000000,  0.000000,  0.000000,  0.000000,  0.000000,  0.000000,  0.000000,  0.000000,  0.000000,  0.000000,  0.000000,  0.000000,  0.000000,  0.000000,  0.000000,  0.000000,  0.000000,  0.000000,  0.000000,  0.000000,  0.000000,  0.000000,  0.000000,  0.000000,  0.000000,  0.000000,  0.000000,  0.000000,  0.000000,  0.000000,  0.000000,  0.000000,  0.000000,  0.000000,  0.000000,  0.000000,  0.000000,  0.000000,  0.000000,  0.000000,  0.000000,  0.000000,  0.000000,  0.000000,  0.000000,  0.000000,  0.000000,  0.000000,  0.000000,  0.000000,  0.000000,  0.000000,  0.000000,  0.000000,  0.000000,  0.000000,  0.000000,  0.000000,  0.000000,  0.000000,  0.000000,  0.000000,  0.000000,  0.000000,  0.000000,  0.000000,  0.000000,  0.000000,  0.000000,  0.000000,  0.000000,  0.000000,  0.000000,  0.000000,  0.000000,  0.000000,  0.000000,  0.000000,  0.000000,  0.000000,  0.000000,  0.000000,  0.000000,  0.000000,  0.000000,  0.000000,  0.000000,  0.000000,  0.000000,  0.000000,  0.000000,  0.000000,  0.000000,  0.000000,  0.000000,  0.000000,  0.000000,  0.000000,  0.000000,  0.000000,  0.000000,  0.000000,  0.000000,  0.000000,  0.000000,  0.000000,  0.000000,  0.000000,  0.000000,  0.000000,  0.000000,  0.000000,  0.000000,  0.000000,  0.000000,  0.000000,  0.000000,  0.000000,  0.000000,  0.000000,  0.000000,  0.000000,  0.000000,  0.000000,  0.000000,  0.000000,  0.000000,  0.000000,  0.000000,  0.000000,  0.000000,  0.000000,  0.000000,  0.000000,  0.000000,  0.000000,  0.000000,  0.000000,  0.000000,  0.000000,  0.000000,  0.000000,  0.000000,  0.000000,  0.000000,  0.000000,  0.000000,  0.000000,  0.000000,  0.000000,  0.000000,  0.000000,  0.000000,  0.000000,  0.000000,  0.000000,  0.000000,  0.000000,  0.000000,  0.000000,  0.000000,  0.000000,  0.000000,  0.000000,  0.000000,  0.000000,  0.000000,  0.000000,  0.000000,  0.000000,  0.000000,  0.000000,  0.000000,  0.000000,  0.000000,  0.000000,  0.000000,  0.000000,  0.000000,  0.000000,  0.000000,  0.000000,  0.000000,  0.000000,  0.000000,  0.000000,  0.000000,  0.000000,  0.000000,  0.000000,  0.000000,  0.000000,  0.000000,  0.000000,  0.000000,  0.000000,  0.000000,  0.000000,  0.000000,  0.000000,  0.000000,  0.000000,  0.000000,  0.000000,  0.000000,  0.000000,  0.000000,  0.000000,  0.000000,  0.000000,  0.000000,  0.000000,  0.000000,  0.000000,  0.000000,  0.000000,  0.000000,  0.000000,  0.000000,  0.000000,  0.000000,  0.000000,  0.000000,  0.000000,  0.000000,  0.000000,  0.000000,  0.000000,  0.000000,  0.000000,  0.000000,  0.000000,  0.000000,  0.000000,  0.000000,  0.000000,  0.000000,  0.000000,  0.000000,  0.000000,  0.000000,  0.000000,  0.000000,  0.000000,  0.000000,  0.000000,  0.000000,  0.000000,  0.000000,  0.000000,  0.000000,  0.000000,  0.000000,  0.000000,  0.000000,  0.000000,  0.000000,  0.000000,  0.000000,  0.000000,  0.000000,  0.000000,  0.000000,  0.000000,  0.000000,  0.000000,  0.000000,  0.000000,  0.000000,  0.000000,  0.000000,  0.000000,  0.000000,  0.000000,  0.000000,  0.000000,  0.000000,  0.000000,  0.000000,  0.000000,  0.000000,  0.000000,  0.000000,  0.000000,  0.000000,  0.000000,  0.000000,  0.000000,  0.000000,  0.000000,  0.000000,  0.000000,  0.000000,  0.000000,  0.000000,  0.000000,  0.000000,  0.000000,  0.000000,  0.000000,  0.000000,  0.000000,  0.000000,  0.000000,  0.000000,  0.000000,  0.000000,  0.000000,  0.000000,  0.000000,  0.000000,  0.000000,  0.000000,  0.000000,  0.000000 ]
checksum = 1.000000
Repeated 2 time
f3=0.469917 a3=0.530083
f4=0.198246 a4=0.331837
f5=0.101502 a5=0.230335
f6=0.058740 a6=0.171595
f7=0.036991 a7=0.134605
f8=0.024781 a8=0.109824
f9=0.017404 a9=0.092420
f10=0.012688 a10=0.079732
f11=0.009532 a11=0.070199
f12=0.007342 a12=0.062857
f13=0.005775 a13=0.057082
f14=0.004624 a14=0.052458
f15=0.003759 a15=0.048699
f16=0.003098 a16=0.045601
f17=0.002582 a17=0.043019
f18=0.002176 a18=0.040843
f19=0.001850 a19=0.038993
f20=0.001586 a20=0.037407
f21=0.001370 a21=0.036037
f22=0.001192 a22=0.034846
f23=0.001043 a23=0.033803
f24=0.000918 a24=0.032885
f25=0.000812 a25=0.032073
f26=0.000722 a26=0.031351
f27=0.000645 a27=0.030707
f28=0.000578 a28=0.030129
f29=0.000520 a29=0.029608
f30=0.000470 a30=0.029139
f31=0.000426 a31=0.028713
f32=0.000387 a32=0.028325
f33=0.000353 a33=0.027972
f34=0.000323 a34=0.027650
f35=0.000296 a35=0.027354
f36=0.000272 a36=0.027082
f37=0.000250 a37=0.026831
f38=0.000231 a38=0.026600
f39=0.000214 a39=0.026386
f40=0.000198 a40=0.026188
f41=0.000184 a41=0.026004
f42=0.000171 a42=0.025833
f43=0.000160 a43=0.025673
f44=0.000149 a44=0.025524
f45=0.000139 a45=0.025385
f46=0.000130 a46=0.025254
f47=0.000122 a47=0.025132
f48=0.000115 a48=0.025017
f49=0.000108 a49=0.024910
f50=0.024910
[ 0.469917,  0.198246,  0.101502,  0.058740,  0.036991,  0.024781,  0.017404,  0.012688,  0.009532,  0.007342,  0.005775,  0.004624,  0.003759,  0.003098,  0.002582,  0.002176,  0.001850,  0.001586,  0.001370,  0.001192,  0.001043,  0.000918,  0.000812,  0.000722,  0.000645,  0.000578,  0.000520,  0.000470,  0.000426,  0.000387,  0.000353,  0.000323,  0.000296,  0.000272,  0.000250,  0.000231,  0.000214,  0.000198,  0.000184,  0.000171,  0.000160,  0.000149,  0.000139,  0.000130,  0.000122,  0.000115,  0.000108, 0.024910]
0.024910 == 0.024910

total 92010 nodes
[ 0.002391,  0.029040,  0.452005,  0.195522,  0.095631,  0.056157,  0.035724,  0.024476,  0.022237,  0.006532,  0.012314,  0.007336,  0.001902,  0.006152,  0.002576,  0.004347,  0.004858,  0.000946,  0.001956,  0.002348,  0.001532,  0.000717,  0.000891,  0.001239,  0.000087,  0.001576,  0.001228,  0.000348,  0.001011,  0.000272,  0.000456,  0.001141,  0.000478,  0.000152,  0.000250,  0.000130,  0.000109,  0.000902,  0.000130,  0.000261,  0.000478,  0.000098,  0.000076,  0.000076,  0.000239,  0.000054,  0.000652,  0.001011,  0.004565,  0.015390,  0.000000,  0.000000,  0.000000,  0.000000,  0.000000,  0.000000,  0.000000,  0.000000,  0.000000,  0.000000,  0.000000,  0.000000,  0.000000,  0.000000,  0.000000,  0.000000,  0.000000,  0.000000,  0.000000,  0.000000,  0.000000,  0.000000,  0.000000,  0.000000,  0.000000,  0.000000,  0.000000,  0.000000,  0.000000,  0.000000,  0.000000,  0.000000,  0.000000,  0.000000,  0.000000,  0.000000,  0.000000,  0.000000,  0.000000,  0.000000,  0.000000,  0.000000,  0.000000,  0.000000,  0.000000,  0.000000,  0.000000,  0.000000,  0.000000,  0.000000,  0.000000,  0.000000,  0.000000,  0.000000,  0.000000,  0.000000,  0.000000,  0.000000,  0.000000,  0.000000,  0.000000,  0.000000,  0.000000,  0.000000,  0.000000,  0.000000,  0.000000,  0.000000,  0.000000,  0.000000,  0.000000,  0.000000,  0.000000,  0.000000,  0.000000,  0.000000,  0.000000,  0.000000,  0.000000,  0.000000,  0.000000,  0.000000,  0.000000,  0.000000,  0.000000,  0.000000,  0.000000,  0.000000,  0.000000,  0.000000,  0.000000,  0.000000,  0.000000,  0.000000,  0.000000,  0.000000,  0.000000,  0.000000,  0.000000,  0.000000,  0.000000,  0.000000,  0.000000,  0.000000,  0.000000,  0.000000,  0.000000,  0.000000,  0.000000,  0.000000,  0.000000,  0.000000,  0.000000,  0.000000,  0.000000,  0.000000,  0.000000,  0.000000,  0.000000,  0.000000,  0.000000,  0.000000,  0.000000,  0.000000,  0.000000,  0.000000,  0.000000,  0.000000,  0.000000,  0.000000,  0.000000,  0.000000,  0.000000,  0.000000,  0.000000,  0.000000,  0.000000,  0.000000,  0.000000,  0.000000,  0.000000,  0.000000,  0.000000,  0.000000,  0.000000,  0.000000,  0.000000,  0.000000,  0.000000,  0.000000,  0.000000,  0.000000,  0.000000,  0.000000,  0.000000,  0.000000,  0.000000,  0.000000,  0.000000,  0.000000,  0.000000,  0.000000,  0.000000,  0.000000,  0.000000,  0.000000,  0.000000,  0.000000,  0.000000,  0.000000,  0.000000,  0.000000,  0.000000,  0.000000,  0.000000,  0.000000,  0.000000,  0.000000,  0.000000,  0.000000,  0.000000,  0.000000,  0.000000,  0.000000,  0.000000,  0.000000,  0.000000,  0.000000,  0.000000,  0.000000,  0.000000,  0.000000,  0.000000,  0.000000,  0.000000,  0.000000,  0.000000,  0.000000,  0.000000,  0.000000,  0.000000,  0.000000,  0.000000,  0.000000,  0.000000,  0.000000,  0.000000,  0.000000,  0.000000,  0.000000,  0.000000,  0.000000,  0.000000,  0.000000,  0.000000,  0.000000,  0.000000,  0.000000,  0.000000,  0.000000,  0.000000,  0.000000,  0.000000,  0.000000,  0.000000,  0.000000,  0.000000,  0.000000,  0.000000,  0.000000,  0.000000,  0.000000,  0.000000,  0.000000,  0.000000,  0.000000,  0.000000,  0.000000,  0.000000,  0.000000,  0.000000,  0.000000,  0.000000,  0.000000,  0.000000,  0.000000,  0.000000,  0.000000,  0.000000,  0.000000,  0.000000,  0.000000,  0.000000,  0.000000,  0.000000,  0.000000,  0.000000,  0.000000,  0.000000,  0.000000,  0.000000,  0.000000,  0.000000,  0.000000,  0.000000,  0.000000,  0.000000,  0.000000,  0.000000,  0.000000,  0.000000,  0.000000,  0.000000,  0.000000,  0.000000,  0.000000,  0.000000,  0.000000,  0.000000,  0.000000,  0.000000,  0.000000,  0.000000,  0.000000,  0.000000,  0.000000,  0.000000,  0.000000,  0.000000,  0.000000,  0.000000,  0.000000,  0.000000,  0.000000,  0.000000,  0.000000,  0.000000,  0.000000,  0.000000,  0.000000,  0.000000,  0.000000,  0.000000,  0.000000,  0.000000,  0.000000,  0.000000,  0.000000,  0.000000,  0.000000,  0.000000,  0.000000,  0.000000,  0.000000,  0.000000,  0.000000,  0.000000,  0.000000,  0.000000,  0.000000,  0.000000,  0.000000,  0.000000,  0.000000,  0.000000,  0.000000,  0.000000,  0.000000,  0.000000,  0.000000,  0.000000,  0.000000,  0.000000,  0.000000,  0.000000,  0.000000,  0.000000,  0.000000,  0.000000,  0.000000,  0.000000,  0.000000,  0.000000,  0.000000,  0.000000,  0.000000,  0.000000,  0.000000,  0.000000,  0.000000,  0.000000,  0.000000,  0.000000,  0.000000,  0.000000,  0.000000,  0.000000,  0.000000,  0.000000,  0.000000,  0.000000,  0.000000,  0.000000,  0.000000,  0.000000,  0.000000,  0.000000,  0.000000,  0.000000,  0.000000,  0.000000,  0.000000,  0.000000,  0.000000,  0.000000,  0.000000,  0.000000,  0.000000,  0.000000,  0.000000,  0.000000,  0.000000,  0.000000,  0.000000,  0.000000,  0.000000,  0.000000,  0.000000,  0.000000,  0.000000,  0.000000,  0.000000,  0.000000,  0.000000,  0.000000,  0.000000,  0.000000,  0.000000,  0.000000,  0.000000,  0.000000,  0.000000,  0.000000,  0.000000,  0.000000,  0.000000,  0.000000,  0.000000,  0.000000,  0.000000,  0.000000,  0.000000,  0.000000,  0.000000,  0.000000,  0.000000,  0.000000,  0.000000,  0.000000,  0.000000,  0.000000,  0.000000,  0.000000,  0.000000,  0.000000,  0.000000,  0.000000,  0.000000,  0.000000,  0.000000,  0.000000,  0.000000,  0.000000,  0.000000,  0.000000,  0.000000,  0.000000,  0.000000,  0.000000,  0.000000,  0.000000,  0.000000,  0.000000,  0.000000,  0.000000,  0.000000,  0.000000,  0.000000,  0.000000,  0.000000 ]
checksum = 1.000000
Repeated 3 time
f3=0.469917 a3=0.530083
f4=0.198246 a4=0.331837
f5=0.101502 a5=0.230335
f6=0.058740 a6=0.171595
f7=0.036991 a7=0.134605
f8=0.024781 a8=0.109824
f9=0.017404 a9=0.092420
f10=0.012688 a10=0.079732
f11=0.009532 a11=0.070199
f12=0.007342 a12=0.062857
f13=0.005775 a13=0.057082
f14=0.004624 a14=0.052458
f15=0.003759 a15=0.048699
f16=0.003098 a16=0.045601
f17=0.002582 a17=0.043019
f18=0.002176 a18=0.040843
f19=0.001850 a19=0.038993
f20=0.001586 a20=0.037407
f21=0.001370 a21=0.036037
f22=0.001192 a22=0.034846
f23=0.001043 a23=0.033803
f24=0.000918 a24=0.032885
f25=0.000812 a25=0.032073
f26=0.000722 a26=0.031351
f27=0.000645 a27=0.030707
f28=0.000578 a28=0.030129
f29=0.000520 a29=0.029608
f30=0.000470 a30=0.029139
f31=0.000426 a31=0.028713
f32=0.000387 a32=0.028325
f33=0.000353 a33=0.027972
f34=0.000323 a34=0.027650
f35=0.000296 a35=0.027354
f36=0.000272 a36=0.027082
f37=0.000250 a37=0.026831
f38=0.000231 a38=0.026600
f39=0.000214 a39=0.026386
f40=0.000198 a40=0.026188
f41=0.000184 a41=0.026004
f42=0.000171 a42=0.025833
f43=0.000160 a43=0.025673
f44=0.000149 a44=0.025524
f45=0.000139 a45=0.025385
f46=0.000130 a46=0.025254
f47=0.000122 a47=0.025132
f48=0.000115 a48=0.025017
f49=0.000108 a49=0.024910
f50=0.024910
[ 0.469917,  0.198246,  0.101502,  0.058740,  0.036991,  0.024781,  0.017404,  0.012688,  0.009532,  0.007342,  0.005775,  0.004624,  0.003759,  0.003098,  0.002582,  0.002176,  0.001850,  0.001586,  0.001370,  0.001192,  0.001043,  0.000918,  0.000812,  0.000722,  0.000645,  0.000578,  0.000520,  0.000470,  0.000426,  0.000387,  0.000353,  0.000323,  0.000296,  0.000272,  0.000250,  0.000231,  0.000214,  0.000198,  0.000184,  0.000171,  0.000160,  0.000149,  0.000139,  0.000130,  0.000122,  0.000115,  0.000108, 0.024910]
0.024910 == 0.024910

total 92135 nodes
[ 0.002127,  0.026526,  0.455397,  0.186010,  0.106083,  0.051935,  0.041678,  0.022076,  0.016812,  0.011049,  0.014164,  0.004678,  0.007001,  0.002203,  0.004114,  0.005329,  0.002030,  0.000760,  0.001150,  0.000369,  0.003951,  0.000988,  0.001465,  0.001172,  0.000412,  0.001020,  0.000185,  0.000119,  0.000803,  0.000532,  0.002084,  0.000119,  0.001281,  0.000250,  0.000022,  0.000043,  0.000011,  0.000260,  0.000033,  0.000402,  0.000304,  0.000543,  0.000130,  0.000716,  0.000217,  0.000358,  0.000054,  0.000412,  0.002171,  0.018451,  0.000000,  0.000000,  0.000000,  0.000000,  0.000000,  0.000000,  0.000000,  0.000000,  0.000000,  0.000000,  0.000000,  0.000000,  0.000000,  0.000000,  0.000000,  0.000000,  0.000000,  0.000000,  0.000000,  0.000000,  0.000000,  0.000000,  0.000000,  0.000000,  0.000000,  0.000000,  0.000000,  0.000000,  0.000000,  0.000000,  0.000000,  0.000000,  0.000000,  0.000000,  0.000000,  0.000000,  0.000000,  0.000000,  0.000000,  0.000000,  0.000000,  0.000000,  0.000000,  0.000000,  0.000000,  0.000000,  0.000000,  0.000000,  0.000000,  0.000000,  0.000000,  0.000000,  0.000000,  0.000000,  0.000000,  0.000000,  0.000000,  0.000000,  0.000000,  0.000000,  0.000000,  0.000000,  0.000000,  0.000000,  0.000000,  0.000000,  0.000000,  0.000000,  0.000000,  0.000000,  0.000000,  0.000000,  0.000000,  0.000000,  0.000000,  0.000000,  0.000000,  0.000000,  0.000000,  0.000000,  0.000000,  0.000000,  0.000000,  0.000000,  0.000000,  0.000000,  0.000000,  0.000000,  0.000000,  0.000000,  0.000000,  0.000000,  0.000000,  0.000000,  0.000000,  0.000000,  0.000000,  0.000000,  0.000000,  0.000000,  0.000000,  0.000000,  0.000000,  0.000000,  0.000000,  0.000000,  0.000000,  0.000000,  0.000000,  0.000000,  0.000000,  0.000000,  0.000000,  0.000000,  0.000000,  0.000000,  0.000000,  0.000000,  0.000000,  0.000000,  0.000000,  0.000000,  0.000000,  0.000000,  0.000000,  0.000000,  0.000000,  0.000000,  0.000000,  0.000000,  0.000000,  0.000000,  0.000000,  0.000000,  0.000000,  0.000000,  0.000000,  0.000000,  0.000000,  0.000000,  0.000000,  0.000000,  0.000000,  0.000000,  0.000000,  0.000000,  0.000000,  0.000000,  0.000000,  0.000000,  0.000000,  0.000000,  0.000000,  0.000000,  0.000000,  0.000000,  0.000000,  0.000000,  0.000000,  0.000000,  0.000000,  0.000000,  0.000000,  0.000000,  0.000000,  0.000000,  0.000000,  0.000000,  0.000000,  0.000000,  0.000000,  0.000000,  0.000000,  0.000000,  0.000000,  0.000000,  0.000000,  0.000000,  0.000000,  0.000000,  0.000000,  0.000000,  0.000000,  0.000000,  0.000000,  0.000000,  0.000000,  0.000000,  0.000000,  0.000000,  0.000000,  0.000000,  0.000000,  0.000000,  0.000000,  0.000000,  0.000000,  0.000000,  0.000000,  0.000000,  0.000000,  0.000000,  0.000000,  0.000000,  0.000000,  0.000000,  0.000000,  0.000000,  0.000000,  0.000000,  0.000000,  0.000000,  0.000000,  0.000000,  0.000000,  0.000000,  0.000000,  0.000000,  0.000000,  0.000000,  0.000000,  0.000000,  0.000000,  0.000000,  0.000000,  0.000000,  0.000000,  0.000000,  0.000000,  0.000000,  0.000000,  0.000000,  0.000000,  0.000000,  0.000000,  0.000000,  0.000000,  0.000000,  0.000000,  0.000000,  0.000000,  0.000000,  0.000000,  0.000000,  0.000000,  0.000000,  0.000000,  0.000000,  0.000000,  0.000000,  0.000000,  0.000000,  0.000000,  0.000000,  0.000000,  0.000000,  0.000000,  0.000000,  0.000000,  0.000000,  0.000000,  0.000000,  0.000000,  0.000000,  0.000000,  0.000000,  0.000000,  0.000000,  0.000000,  0.000000,  0.000000,  0.000000,  0.000000,  0.000000,  0.000000,  0.000000,  0.000000,  0.000000,  0.000000,  0.000000,  0.000000,  0.000000,  0.000000,  0.000000,  0.000000,  0.000000,  0.000000,  0.000000,  0.000000,  0.000000,  0.000000,  0.000000,  0.000000,  0.000000,  0.000000,  0.000000,  0.000000,  0.000000,  0.000000,  0.000000,  0.000000,  0.000000,  0.000000,  0.000000,  0.000000,  0.000000,  0.000000,  0.000000,  0.000000,  0.000000,  0.000000,  0.000000,  0.000000,  0.000000,  0.000000,  0.000000,  0.000000,  0.000000,  0.000000,  0.000000,  0.000000,  0.000000,  0.000000,  0.000000,  0.000000,  0.000000,  0.000000,  0.000000,  0.000000,  0.000000,  0.000000,  0.000000,  0.000000,  0.000000,  0.000000,  0.000000,  0.000000,  0.000000,  0.000000,  0.000000,  0.000000,  0.000000,  0.000000,  0.000000,  0.000000,  0.000000,  0.000000,  0.000000,  0.000000,  0.000000,  0.000000,  0.000000,  0.000000,  0.000000,  0.000000,  0.000000,  0.000000,  0.000000,  0.000000,  0.000000,  0.000000,  0.000000,  0.000000,  0.000000,  0.000000,  0.000000,  0.000000,  0.000000,  0.000000,  0.000000,  0.000000,  0.000000,  0.000000,  0.000000,  0.000000,  0.000000,  0.000000,  0.000000,  0.000000,  0.000000,  0.000000,  0.000000,  0.000000,  0.000000,  0.000000,  0.000000,  0.000000,  0.000000,  0.000000,  0.000000,  0.000000,  0.000000,  0.000000,  0.000000,  0.000000,  0.000000,  0.000000,  0.000000,  0.000000,  0.000000,  0.000000,  0.000000,  0.000000,  0.000000,  0.000000,  0.000000,  0.000000,  0.000000,  0.000000,  0.000000,  0.000000,  0.000000,  0.000000,  0.000000,  0.000000,  0.000000,  0.000000,  0.000000,  0.000000,  0.000000,  0.000000,  0.000000,  0.000000,  0.000000,  0.000000,  0.000000,  0.000000,  0.000000,  0.000000,  0.000000,  0.000000,  0.000000,  0.000000,  0.000000,  0.000000,  0.000000,  0.000000,  0.000000,  0.000000,  0.000000,  0.000000,  0.000000,  0.000000,  0.000000,  0.000000,  0.000000,  0.000000,  0.000000,  0.000000,  0.000000 ]
checksum = 1.000000
Repeated 4 time
f3=0.469917 a3=0.530083
f4=0.198246 a4=0.331837
f5=0.101502 a5=0.230335
f6=0.058740 a6=0.171595
f7=0.036991 a7=0.134605
f8=0.024781 a8=0.109824
f9=0.017404 a9=0.092420
f10=0.012688 a10=0.079732
f11=0.009532 a11=0.070199
f12=0.007342 a12=0.062857
f13=0.005775 a13=0.057082
f14=0.004624 a14=0.052458
f15=0.003759 a15=0.048699
f16=0.003098 a16=0.045601
f17=0.002582 a17=0.043019
f18=0.002176 a18=0.040843
f19=0.001850 a19=0.038993
f20=0.001586 a20=0.037407
f21=0.001370 a21=0.036037
f22=0.001192 a22=0.034846
f23=0.001043 a23=0.033803
f24=0.000918 a24=0.032885
f25=0.000812 a25=0.032073
f26=0.000722 a26=0.031351
f27=0.000645 a27=0.030707
f28=0.000578 a28=0.030129
f29=0.000520 a29=0.029608
f30=0.000470 a30=0.029139
f31=0.000426 a31=0.028713
f32=0.000387 a32=0.028325
f33=0.000353 a33=0.027972
f34=0.000323 a34=0.027650
f35=0.000296 a35=0.027354
f36=0.000272 a36=0.027082
f37=0.000250 a37=0.026831
f38=0.000231 a38=0.026600
f39=0.000214 a39=0.026386
f40=0.000198 a40=0.026188
f41=0.000184 a41=0.026004
f42=0.000171 a42=0.025833
f43=0.000160 a43=0.025673
f44=0.000149 a44=0.025524
f45=0.000139 a45=0.025385
f46=0.000130 a46=0.025254
f47=0.000122 a47=0.025132
f48=0.000115 a48=0.025017
f49=0.000108 a49=0.024910
f50=0.024910
[ 0.469917,  0.198246,  0.101502,  0.058740,  0.036991,  0.024781,  0.017404,  0.012688,  0.009532,  0.007342,  0.005775,  0.004624,  0.003759,  0.003098,  0.002582,  0.002176,  0.001850,  0.001586,  0.001370,  0.001192,  0.001043,  0.000918,  0.000812,  0.000722,  0.000645,  0.000578,  0.000520,  0.000470,  0.000426,  0.000387,  0.000353,  0.000323,  0.000296,  0.000272,  0.000250,  0.000231,  0.000214,  0.000198,  0.000184,  0.000171,  0.000160,  0.000149,  0.000139,  0.000130,  0.000122,  0.000115,  0.000108, 0.024910]
0.024910 == 0.024910

total 92069 nodes
[ 0.002672,  0.029424,  0.450771,  0.193833,  0.096536,  0.058141,  0.035940,  0.022939,  0.018323,  0.013555,  0.013077,  0.004290,  0.005583,  0.003747,  0.001369,  0.004073,  0.003421,  0.001151,  0.003715,  0.001499,  0.000771,  0.002053,  0.002509,  0.000739,  0.001303,  0.000445,  0.000033,  0.000413,  0.000728,  0.000369,  0.000293,  0.000000,  0.001325,  0.000109,  0.000652,  0.000391,  0.000348,  0.000119,  0.000847,  0.000000,  0.000804,  0.000022,  0.000011,  0.000109,  0.000076,  0.000054,  0.000380,  0.000967,  0.002878,  0.017194,  0.000000,  0.000000,  0.000000,  0.000000,  0.000000,  0.000000,  0.000000,  0.000000,  0.000000,  0.000000,  0.000000,  0.000000,  0.000000,  0.000000,  0.000000,  0.000000,  0.000000,  0.000000,  0.000000,  0.000000,  0.000000,  0.000000,  0.000000,  0.000000,  0.000000,  0.000000,  0.000000,  0.000000,  0.000000,  0.000000,  0.000000,  0.000000,  0.000000,  0.000000,  0.000000,  0.000000,  0.000000,  0.000000,  0.000000,  0.000000,  0.000000,  0.000000,  0.000000,  0.000000,  0.000000,  0.000000,  0.000000,  0.000000,  0.000000,  0.000000,  0.000000,  0.000000,  0.000000,  0.000000,  0.000000,  0.000000,  0.000000,  0.000000,  0.000000,  0.000000,  0.000000,  0.000000,  0.000000,  0.000000,  0.000000,  0.000000,  0.000000,  0.000000,  0.000000,  0.000000,  0.000000,  0.000000,  0.000000,  0.000000,  0.000000,  0.000000,  0.000000,  0.000000,  0.000000,  0.000000,  0.000000,  0.000000,  0.000000,  0.000000,  0.000000,  0.000000,  0.000000,  0.000000,  0.000000,  0.000000,  0.000000,  0.000000,  0.000000,  0.000000,  0.000000,  0.000000,  0.000000,  0.000000,  0.000000,  0.000000,  0.000000,  0.000000,  0.000000,  0.000000,  0.000000,  0.000000,  0.000000,  0.000000,  0.000000,  0.000000,  0.000000,  0.000000,  0.000000,  0.000000,  0.000000,  0.000000,  0.000000,  0.000000,  0.000000,  0.000000,  0.000000,  0.000000,  0.000000,  0.000000,  0.000000,  0.000000,  0.000000,  0.000000,  0.000000,  0.000000,  0.000000,  0.000000,  0.000000,  0.000000,  0.000000,  0.000000,  0.000000,  0.000000,  0.000000,  0.000000,  0.000000,  0.000000,  0.000000,  0.000000,  0.000000,  0.000000,  0.000000,  0.000000,  0.000000,  0.000000,  0.000000,  0.000000,  0.000000,  0.000000,  0.000000,  0.000000,  0.000000,  0.000000,  0.000000,  0.000000,  0.000000,  0.000000,  0.000000,  0.000000,  0.000000,  0.000000,  0.000000,  0.000000,  0.000000,  0.000000,  0.000000,  0.000000,  0.000000,  0.000000,  0.000000,  0.000000,  0.000000,  0.000000,  0.000000,  0.000000,  0.000000,  0.000000,  0.000000,  0.000000,  0.000000,  0.000000,  0.000000,  0.000000,  0.000000,  0.000000,  0.000000,  0.000000,  0.000000,  0.000000,  0.000000,  0.000000,  0.000000,  0.000000,  0.000000,  0.000000,  0.000000,  0.000000,  0.000000,  0.000000,  0.000000,  0.000000,  0.000000,  0.000000,  0.000000,  0.000000,  0.000000,  0.000000,  0.000000,  0.000000,  0.000000,  0.000000,  0.000000,  0.000000,  0.000000,  0.000000,  0.000000,  0.000000,  0.000000,  0.000000,  0.000000,  0.000000,  0.000000,  0.000000,  0.000000,  0.000000,  0.000000,  0.000000,  0.000000,  0.000000,  0.000000,  0.000000,  0.000000,  0.000000,  0.000000,  0.000000,  0.000000,  0.000000,  0.000000,  0.000000,  0.000000,  0.000000,  0.000000,  0.000000,  0.000000,  0.000000,  0.000000,  0.000000,  0.000000,  0.000000,  0.000000,  0.000000,  0.000000,  0.000000,  0.000000,  0.000000,  0.000000,  0.000000,  0.000000,  0.000000,  0.000000,  0.000000,  0.000000,  0.000000,  0.000000,  0.000000,  0.000000,  0.000000,  0.000000,  0.000000,  0.000000,  0.000000,  0.000000,  0.000000,  0.000000,  0.000000,  0.000000,  0.000000,  0.000000,  0.000000,  0.000000,  0.000000,  0.000000,  0.000000,  0.000000,  0.000000,  0.000000,  0.000000,  0.000000,  0.000000,  0.000000,  0.000000,  0.000000,  0.000000,  0.000000,  0.000000,  0.000000,  0.000000,  0.000000,  0.000000,  0.000000,  0.000000,  0.000000,  0.000000,  0.000000,  0.000000,  0.000000,  0.000000,  0.000000,  0.000000,  0.000000,  0.000000,  0.000000,  0.000000,  0.000000,  0.000000,  0.000000,  0.000000,  0.000000,  0.000000,  0.000000,  0.000000,  0.000000,  0.000000,  0.000000,  0.000000,  0.000000,  0.000000,  0.000000,  0.000000,  0.000000,  0.000000,  0.000000,  0.000000,  0.000000,  0.000000,  0.000000,  0.000000,  0.000000,  0.000000,  0.000000,  0.000000,  0.000000,  0.000000,  0.000000,  0.000000,  0.000000,  0.000000,  0.000000,  0.000000,  0.000000,  0.000000,  0.000000,  0.000000,  0.000000,  0.000000,  0.000000,  0.000000,  0.000000,  0.000000,  0.000000,  0.000000,  0.000000,  0.000000,  0.000000,  0.000000,  0.000000,  0.000000,  0.000000,  0.000000,  0.000000,  0.000000,  0.000000,  0.000000,  0.000000,  0.000000,  0.000000,  0.000000,  0.000000,  0.000000,  0.000000,  0.000000,  0.000000,  0.000000,  0.000000,  0.000000,  0.000000,  0.000000,  0.000000,  0.000000,  0.000000,  0.000000,  0.000000,  0.000000,  0.000000,  0.000000,  0.000000,  0.000000,  0.000000,  0.000000,  0.000000,  0.000000,  0.000000,  0.000000,  0.000000,  0.000000,  0.000000,  0.000000,  0.000000,  0.000000,  0.000000,  0.000000,  0.000000,  0.000000,  0.000000,  0.000000,  0.000000,  0.000000,  0.000000,  0.000000,  0.000000,  0.000000,  0.000000,  0.000000,  0.000000,  0.000000,  0.000000,  0.000000,  0.000000,  0.000000,  0.000000,  0.000000,  0.000000,  0.000000,  0.000000,  0.000000,  0.000000,  0.000000,  0.000000,  0.000000,  0.000000,  0.000000,  0.000000,  0.000000,  0.000000,  0.000000 ]
checksum = 1.000000
Repeated 5 time
f3=0.469917 a3=0.530083
f4=0.198246 a4=0.331837
f5=0.101502 a5=0.230335
f6=0.058740 a6=0.171595
f7=0.036991 a7=0.134605
f8=0.024781 a8=0.109824
f9=0.017404 a9=0.092420
f10=0.012688 a10=0.079732
f11=0.009532 a11=0.070199
f12=0.007342 a12=0.062857
f13=0.005775 a13=0.057082
f14=0.004624 a14=0.052458
f15=0.003759 a15=0.048699
f16=0.003098 a16=0.045601
f17=0.002582 a17=0.043019
f18=0.002176 a18=0.040843
f19=0.001850 a19=0.038993
f20=0.001586 a20=0.037407
f21=0.001370 a21=0.036037
f22=0.001192 a22=0.034846
f23=0.001043 a23=0.033803
f24=0.000918 a24=0.032885
f25=0.000812 a25=0.032073
f26=0.000722 a26=0.031351
f27=0.000645 a27=0.030707
f28=0.000578 a28=0.030129
f29=0.000520 a29=0.029608
f30=0.000470 a30=0.029139
f31=0.000426 a31=0.028713
f32=0.000387 a32=0.028325
f33=0.000353 a33=0.027972
f34=0.000323 a34=0.027650
f35=0.000296 a35=0.027354
f36=0.000272 a36=0.027082
f37=0.000250 a37=0.026831
f38=0.000231 a38=0.026600
f39=0.000214 a39=0.026386
f40=0.000198 a40=0.026188
f41=0.000184 a41=0.026004
f42=0.000171 a42=0.025833
f43=0.000160 a43=0.025673
f44=0.000149 a44=0.025524
f45=0.000139 a45=0.025385
f46=0.000130 a46=0.025254
f47=0.000122 a47=0.025132
f48=0.000115 a48=0.025017
f49=0.000108 a49=0.024910
f50=0.024910
[ 0.469917,  0.198246,  0.101502,  0.058740,  0.036991,  0.024781,  0.017404,  0.012688,  0.009532,  0.007342,  0.005775,  0.004624,  0.003759,  0.003098,  0.002582,  0.002176,  0.001850,  0.001586,  0.001370,  0.001192,  0.001043,  0.000918,  0.000812,  0.000722,  0.000645,  0.000578,  0.000520,  0.000470,  0.000426,  0.000387,  0.000353,  0.000323,  0.000296,  0.000272,  0.000250,  0.000231,  0.000214,  0.000198,  0.000184,  0.000171,  0.000160,  0.000149,  0.000139,  0.000130,  0.000122,  0.000115,  0.000108, 0.024910]
0.024910 == 0.024910

total 91505 nodes
[ 0.002142,  0.027321,  0.455757,  0.191301,  0.099536,  0.058816,  0.031791,  0.023277,  0.019431,  0.013639,  0.009584,  0.005224,  0.005475,  0.007770,  0.002415,  0.003399,  0.002350,  0.002470,  0.000940,  0.000940,  0.003366,  0.000033,  0.000382,  0.001202,  0.000568,  0.000087,  0.001366,  0.000492,  0.001104,  0.000820,  0.000153,  0.001475,  0.000011,  0.000940,  0.000142,  0.000295,  0.000153,  0.000415,  0.000361,  0.000219,  0.000066,  0.000055,  0.000688,  0.000044,  0.000087,  0.000219,  0.000197,  0.000087,  0.003738,  0.017660,  0.000000,  0.000000,  0.000000,  0.000000,  0.000000,  0.000000,  0.000000,  0.000000,  0.000000,  0.000000,  0.000000,  0.000000,  0.000000,  0.000000,  0.000000,  0.000000,  0.000000,  0.000000,  0.000000,  0.000000,  0.000000,  0.000000,  0.000000,  0.000000,  0.000000,  0.000000,  0.000000,  0.000000,  0.000000,  0.000000,  0.000000,  0.000000,  0.000000,  0.000000,  0.000000,  0.000000,  0.000000,  0.000000,  0.000000,  0.000000,  0.000000,  0.000000,  0.000000,  0.000000,  0.000000,  0.000000,  0.000000,  0.000000,  0.000000,  0.000000,  0.000000,  0.000000,  0.000000,  0.000000,  0.000000,  0.000000,  0.000000,  0.000000,  0.000000,  0.000000,  0.000000,  0.000000,  0.000000,  0.000000,  0.000000,  0.000000,  0.000000,  0.000000,  0.000000,  0.000000,  0.000000,  0.000000,  0.000000,  0.000000,  0.000000,  0.000000,  0.000000,  0.000000,  0.000000,  0.000000,  0.000000,  0.000000,  0.000000,  0.000000,  0.000000,  0.000000,  0.000000,  0.000000,  0.000000,  0.000000,  0.000000,  0.000000,  0.000000,  0.000000,  0.000000,  0.000000,  0.000000,  0.000000,  0.000000,  0.000000,  0.000000,  0.000000,  0.000000,  0.000000,  0.000000,  0.000000,  0.000000,  0.000000,  0.000000,  0.000000,  0.000000,  0.000000,  0.000000,  0.000000,  0.000000,  0.000000,  0.000000,  0.000000,  0.000000,  0.000000,  0.000000,  0.000000,  0.000000,  0.000000,  0.000000,  0.000000,  0.000000,  0.000000,  0.000000,  0.000000,  0.000000,  0.000000,  0.000000,  0.000000,  0.000000,  0.000000,  0.000000,  0.000000,  0.000000,  0.000000,  0.000000,  0.000000,  0.000000,  0.000000,  0.000000,  0.000000,  0.000000,  0.000000,  0.000000,  0.000000,  0.000000,  0.000000,  0.000000,  0.000000,  0.000000,  0.000000,  0.000000,  0.000000,  0.000000,  0.000000,  0.000000,  0.000000,  0.000000,  0.000000,  0.000000,  0.000000,  0.000000,  0.000000,  0.000000,  0.000000,  0.000000,  0.000000,  0.000000,  0.000000,  0.000000,  0.000000,  0.000000,  0.000000,  0.000000,  0.000000,  0.000000,  0.000000,  0.000000,  0.000000,  0.000000,  0.000000,  0.000000,  0.000000,  0.000000,  0.000000,  0.000000,  0.000000,  0.000000,  0.000000,  0.000000,  0.000000,  0.000000,  0.000000,  0.000000,  0.000000,  0.000000,  0.000000,  0.000000,  0.000000,  0.000000,  0.000000,  0.000000,  0.000000,  0.000000,  0.000000,  0.000000,  0.000000,  0.000000,  0.000000,  0.000000,  0.000000,  0.000000,  0.000000,  0.000000,  0.000000,  0.000000,  0.000000,  0.000000,  0.000000,  0.000000,  0.000000,  0.000000,  0.000000,  0.000000,  0.000000,  0.000000,  0.000000,  0.000000,  0.000000,  0.000000,  0.000000,  0.000000,  0.000000,  0.000000,  0.000000,  0.000000,  0.000000,  0.000000,  0.000000,  0.000000,  0.000000,  0.000000,  0.000000,  0.000000,  0.000000,  0.000000,  0.000000,  0.000000,  0.000000,  0.000000,  0.000000,  0.000000,  0.000000,  0.000000,  0.000000,  0.000000,  0.000000,  0.000000,  0.000000,  0.000000,  0.000000,  0.000000,  0.000000,  0.000000,  0.000000,  0.000000,  0.000000,  0.000000,  0.000000,  0.000000,  0.000000,  0.000000,  0.000000,  0.000000,  0.000000,  0.000000,  0.000000,  0.000000,  0.000000,  0.000000,  0.000000,  0.000000,  0.000000,  0.000000,  0.000000,  0.000000,  0.000000,  0.000000,  0.000000,  0.000000,  0.000000,  0.000000,  0.000000,  0.000000,  0.000000,  0.000000,  0.000000,  0.000000,  0.000000,  0.000000,  0.000000,  0.000000,  0.000000,  0.000000,  0.000000,  0.000000,  0.000000,  0.000000,  0.000000,  0.000000,  0.000000,  0.000000,  0.000000,  0.000000,  0.000000,  0.000000,  0.000000,  0.000000,  0.000000,  0.000000,  0.000000,  0.000000,  0.000000,  0.000000,  0.000000,  0.000000,  0.000000,  0.000000,  0.000000,  0.000000,  0.000000,  0.000000,  0.000000,  0.000000,  0.000000,  0.000000,  0.000000,  0.000000,  0.000000,  0.000000,  0.000000,  0.000000,  0.000000,  0.000000,  0.000000,  0.000000,  0.000000,  0.000000,  0.000000,  0.000000,  0.000000,  0.000000,  0.000000,  0.000000,  0.000000,  0.000000,  0.000000,  0.000000,  0.000000,  0.000000,  0.000000,  0.000000,  0.000000,  0.000000,  0.000000,  0.000000,  0.000000,  0.000000,  0.000000,  0.000000,  0.000000,  0.000000,  0.000000,  0.000000,  0.000000,  0.000000,  0.000000,  0.000000,  0.000000,  0.000000,  0.000000,  0.000000,  0.000000,  0.000000,  0.000000,  0.000000,  0.000000,  0.000000,  0.000000,  0.000000,  0.000000,  0.000000,  0.000000,  0.000000,  0.000000,  0.000000,  0.000000,  0.000000,  0.000000,  0.000000,  0.000000,  0.000000,  0.000000,  0.000000,  0.000000,  0.000000,  0.000000,  0.000000,  0.000000,  0.000000,  0.000000,  0.000000,  0.000000,  0.000000,  0.000000,  0.000000,  0.000000,  0.000000,  0.000000,  0.000000,  0.000000,  0.000000,  0.000000,  0.000000,  0.000000,  0.000000,  0.000000,  0.000000,  0.000000,  0.000000,  0.000000,  0.000000,  0.000000,  0.000000,  0.000000,  0.000000,  0.000000,  0.000000,  0.000000,  0.000000,  0.000000,  0.000000,  0.000000,  0.000000,  0.000000 ]
checksum = 1.000000
Repeated 6 time
f3=0.469917 a3=0.530083
f4=0.198246 a4=0.331837
f5=0.101502 a5=0.230335
f6=0.058740 a6=0.171595
f7=0.036991 a7=0.134605
f8=0.024781 a8=0.109824
f9=0.017404 a9=0.092420
f10=0.012688 a10=0.079732
f11=0.009532 a11=0.070199
f12=0.007342 a12=0.062857
f13=0.005775 a13=0.057082
f14=0.004624 a14=0.052458
f15=0.003759 a15=0.048699
f16=0.003098 a16=0.045601
f17=0.002582 a17=0.043019
f18=0.002176 a18=0.040843
f19=0.001850 a19=0.038993
f20=0.001586 a20=0.037407
f21=0.001370 a21=0.036037
f22=0.001192 a22=0.034846
f23=0.001043 a23=0.033803
f24=0.000918 a24=0.032885
f25=0.000812 a25=0.032073
f26=0.000722 a26=0.031351
f27=0.000645 a27=0.030707
f28=0.000578 a28=0.030129
f29=0.000520 a29=0.029608
f30=0.000470 a30=0.029139
f31=0.000426 a31=0.028713
f32=0.000387 a32=0.028325
f33=0.000353 a33=0.027972
f34=0.000323 a34=0.027650
f35=0.000296 a35=0.027354
f36=0.000272 a36=0.027082
f37=0.000250 a37=0.026831
f38=0.000231 a38=0.026600
f39=0.000214 a39=0.026386
f40=0.000198 a40=0.026188
f41=0.000184 a41=0.026004
f42=0.000171 a42=0.025833
f43=0.000160 a43=0.025673
f44=0.000149 a44=0.025524
f45=0.000139 a45=0.025385
f46=0.000130 a46=0.025254
f47=0.000122 a47=0.025132
f48=0.000115 a48=0.025017
f49=0.000108 a49=0.024910
f50=0.024910
[ 0.469917,  0.198246,  0.101502,  0.058740,  0.036991,  0.024781,  0.017404,  0.012688,  0.009532,  0.007342,  0.005775,  0.004624,  0.003759,  0.003098,  0.002582,  0.002176,  0.001850,  0.001586,  0.001370,  0.001192,  0.001043,  0.000918,  0.000812,  0.000722,  0.000645,  0.000578,  0.000520,  0.000470,  0.000426,  0.000387,  0.000353,  0.000323,  0.000296,  0.000272,  0.000250,  0.000231,  0.000214,  0.000198,  0.000184,  0.000171,  0.000160,  0.000149,  0.000139,  0.000130,  0.000122,  0.000115,  0.000108, 0.024910]
0.024910 == 0.024910

total 91868 nodes
[ 0.002275,  0.026429,  0.449721,  0.199417,  0.096737,  0.055101,  0.038806,  0.022565,  0.017188,  0.013117,  0.010787,  0.006629,  0.005769,  0.003287,  0.004387,  0.003527,  0.001535,  0.001437,  0.004583,  0.000664,  0.000697,  0.000827,  0.003113,  0.000555,  0.000577,  0.001698,  0.000316,  0.000980,  0.000359,  0.000065,  0.000022,  0.000577,  0.000838,  0.000479,  0.000359,  0.000435,  0.000675,  0.000109,  0.000098,  0.000337,  0.000337,  0.000011,  0.000370,  0.000185,  0.000697,  0.000098,  0.000174,  0.000294,  0.002656,  0.018102,  0.000000,  0.000000,  0.000000,  0.000000,  0.000000,  0.000000,  0.000000,  0.000000,  0.000000,  0.000000,  0.000000,  0.000000,  0.000000,  0.000000,  0.000000,  0.000000,  0.000000,  0.000000,  0.000000,  0.000000,  0.000000,  0.000000,  0.000000,  0.000000,  0.000000,  0.000000,  0.000000,  0.000000,  0.000000,  0.000000,  0.000000,  0.000000,  0.000000,  0.000000,  0.000000,  0.000000,  0.000000,  0.000000,  0.000000,  0.000000,  0.000000,  0.000000,  0.000000,  0.000000,  0.000000,  0.000000,  0.000000,  0.000000,  0.000000,  0.000000,  0.000000,  0.000000,  0.000000,  0.000000,  0.000000,  0.000000,  0.000000,  0.000000,  0.000000,  0.000000,  0.000000,  0.000000,  0.000000,  0.000000,  0.000000,  0.000000,  0.000000,  0.000000,  0.000000,  0.000000,  0.000000,  0.000000,  0.000000,  0.000000,  0.000000,  0.000000,  0.000000,  0.000000,  0.000000,  0.000000,  0.000000,  0.000000,  0.000000,  0.000000,  0.000000,  0.000000,  0.000000,  0.000000,  0.000000,  0.000000,  0.000000,  0.000000,  0.000000,  0.000000,  0.000000,  0.000000,  0.000000,  0.000000,  0.000000,  0.000000,  0.000000,  0.000000,  0.000000,  0.000000,  0.000000,  0.000000,  0.000000,  0.000000,  0.000000,  0.000000,  0.000000,  0.000000,  0.000000,  0.000000,  0.000000,  0.000000,  0.000000,  0.000000,  0.000000,  0.000000,  0.000000,  0.000000,  0.000000,  0.000000,  0.000000,  0.000000,  0.000000,  0.000000,  0.000000,  0.000000,  0.000000,  0.000000,  0.000000,  0.000000,  0.000000,  0.000000,  0.000000,  0.000000,  0.000000,  0.000000,  0.000000,  0.000000,  0.000000,  0.000000,  0.000000,  0.000000,  0.000000,  0.000000,  0.000000,  0.000000,  0.000000,  0.000000,  0.000000,  0.000000,  0.000000,  0.000000,  0.000000,  0.000000,  0.000000,  0.000000,  0.000000,  0.000000,  0.000000,  0.000000,  0.000000,  0.000000,  0.000000,  0.000000,  0.000000,  0.000000,  0.000000,  0.000000,  0.000000,  0.000000,  0.000000,  0.000000,  0.000000,  0.000000,  0.000000,  0.000000,  0.000000,  0.000000,  0.000000,  0.000000,  0.000000,  0.000000,  0.000000,  0.000000,  0.000000,  0.000000,  0.000000,  0.000000,  0.000000,  0.000000,  0.000000,  0.000000,  0.000000,  0.000000,  0.000000,  0.000000,  0.000000,  0.000000,  0.000000,  0.000000,  0.000000,  0.000000,  0.000000,  0.000000,  0.000000,  0.000000,  0.000000,  0.000000,  0.000000,  0.000000,  0.000000,  0.000000,  0.000000,  0.000000,  0.000000,  0.000000,  0.000000,  0.000000,  0.000000,  0.000000,  0.000000,  0.000000,  0.000000,  0.000000,  0.000000,  0.000000,  0.000000,  0.000000,  0.000000,  0.000000,  0.000000,  0.000000,  0.000000,  0.000000,  0.000000,  0.000000,  0.000000,  0.000000,  0.000000,  0.000000,  0.000000,  0.000000,  0.000000,  0.000000,  0.000000,  0.000000,  0.000000,  0.000000,  0.000000,  0.000000,  0.000000,  0.000000,  0.000000,  0.000000,  0.000000,  0.000000,  0.000000,  0.000000,  0.000000,  0.000000,  0.000000,  0.000000,  0.000000,  0.000000,  0.000000,  0.000000,  0.000000,  0.000000,  0.000000,  0.000000,  0.000000,  0.000000,  0.000000,  0.000000,  0.000000,  0.000000,  0.000000,  0.000000,  0.000000,  0.000000,  0.000000,  0.000000,  0.000000,  0.000000,  0.000000,  0.000000,  0.000000,  0.000000,  0.000000,  0.000000,  0.000000,  0.000000,  0.000000,  0.000000,  0.000000,  0.000000,  0.000000,  0.000000,  0.000000,  0.000000,  0.000000,  0.000000,  0.000000,  0.000000,  0.000000,  0.000000,  0.000000,  0.000000,  0.000000,  0.000000,  0.000000,  0.000000,  0.000000,  0.000000,  0.000000,  0.000000,  0.000000,  0.000000,  0.000000,  0.000000,  0.000000,  0.000000,  0.000000,  0.000000,  0.000000,  0.000000,  0.000000,  0.000000,  0.000000,  0.000000,  0.000000,  0.000000,  0.000000,  0.000000,  0.000000,  0.000000,  0.000000,  0.000000,  0.000000,  0.000000,  0.000000,  0.000000,  0.000000,  0.000000,  0.000000,  0.000000,  0.000000,  0.000000,  0.000000,  0.000000,  0.000000,  0.000000,  0.000000,  0.000000,  0.000000,  0.000000,  0.000000,  0.000000,  0.000000,  0.000000,  0.000000,  0.000000,  0.000000,  0.000000,  0.000000,  0.000000,  0.000000,  0.000000,  0.000000,  0.000000,  0.000000,  0.000000,  0.000000,  0.000000,  0.000000,  0.000000,  0.000000,  0.000000,  0.000000,  0.000000,  0.000000,  0.000000,  0.000000,  0.000000,  0.000000,  0.000000,  0.000000,  0.000000,  0.000000,  0.000000,  0.000000,  0.000000,  0.000000,  0.000000,  0.000000,  0.000000,  0.000000,  0.000000,  0.000000,  0.000000,  0.000000,  0.000000,  0.000000,  0.000000,  0.000000,  0.000000,  0.000000,  0.000000,  0.000000,  0.000000,  0.000000,  0.000000,  0.000000,  0.000000,  0.000000,  0.000000,  0.000000,  0.000000,  0.000000,  0.000000,  0.000000,  0.000000,  0.000000,  0.000000,  0.000000,  0.000000,  0.000000,  0.000000,  0.000000,  0.000000,  0.000000,  0.000000,  0.000000,  0.000000,  0.000000,  0.000000,  0.000000,  0.000000,  0.000000,  0.000000,  0.000000,  0.000000,  0.000000,  0.000000,  0.000000,  0.000000 ]
checksum = 1.000000
Repeated 7 time
f3=0.469917 a3=0.530083
f4=0.198246 a4=0.331837
f5=0.101502 a5=0.230335
f6=0.058740 a6=0.171595
f7=0.036991 a7=0.134605
f8=0.024781 a8=0.109824
f9=0.017404 a9=0.092420
f10=0.012688 a10=0.079732
f11=0.009532 a11=0.070199
f12=0.007342 a12=0.062857
f13=0.005775 a13=0.057082
f14=0.004624 a14=0.052458
f15=0.003759 a15=0.048699
f16=0.003098 a16=0.045601
f17=0.002582 a17=0.043019
f18=0.002176 a18=0.040843
f19=0.001850 a19=0.038993
f20=0.001586 a20=0.037407
f21=0.001370 a21=0.036037
f22=0.001192 a22=0.034846
f23=0.001043 a23=0.033803
f24=0.000918 a24=0.032885
f25=0.000812 a25=0.032073
f26=0.000722 a26=0.031351
f27=0.000645 a27=0.030707
f28=0.000578 a28=0.030129
f29=0.000520 a29=0.029608
f30=0.000470 a30=0.029139
f31=0.000426 a31=0.028713
f32=0.000387 a32=0.028325
f33=0.000353 a33=0.027972
f34=0.000323 a34=0.027650
f35=0.000296 a35=0.027354
f36=0.000272 a36=0.027082
f37=0.000250 a37=0.026831
f38=0.000231 a38=0.026600
f39=0.000214 a39=0.026386
f40=0.000198 a40=0.026188
f41=0.000184 a41=0.026004
f42=0.000171 a42=0.025833
f43=0.000160 a43=0.025673
f44=0.000149 a44=0.025524
f45=0.000139 a45=0.025385
f46=0.000130 a46=0.025254
f47=0.000122 a47=0.025132
f48=0.000115 a48=0.025017
f49=0.000108 a49=0.024910
f50=0.024910
[ 0.469917,  0.198246,  0.101502,  0.058740,  0.036991,  0.024781,  0.017404,  0.012688,  0.009532,  0.007342,  0.005775,  0.004624,  0.003759,  0.003098,  0.002582,  0.002176,  0.001850,  0.001586,  0.001370,  0.001192,  0.001043,  0.000918,  0.000812,  0.000722,  0.000645,  0.000578,  0.000520,  0.000470,  0.000426,  0.000387,  0.000353,  0.000323,  0.000296,  0.000272,  0.000250,  0.000231,  0.000214,  0.000198,  0.000184,  0.000171,  0.000160,  0.000149,  0.000139,  0.000130,  0.000122,  0.000115,  0.000108, 0.024910]
0.024910 == 0.024910

total 92207 nodes
[ 0.001974,  0.026527,  0.457991,  0.187806,  0.097574,  0.059572,  0.036646,  0.028436,  0.012721,  0.015639,  0.007093,  0.005000,  0.007743,  0.003460,  0.003232,  0.004099,  0.001182,  0.004251,  0.002711,  0.000065,  0.000813,  0.003752,  0.000315,  0.000098,  0.000813,  0.000065,  0.000651,  0.001421,  0.000803,  0.000477,  0.000076,  0.000575,  0.000727,  0.000662,  0.000640,  0.000043,  0.000358,  0.000705,  0.000000,  0.000054,  0.000065,  0.000184,  0.000087,  0.001334,  0.000271,  0.000271,  0.000022,  0.000152,  0.002212,  0.018632,  0.000000,  0.000000,  0.000000,  0.000000,  0.000000,  0.000000,  0.000000,  0.000000,  0.000000,  0.000000,  0.000000,  0.000000,  0.000000,  0.000000,  0.000000,  0.000000,  0.000000,  0.000000,  0.000000,  0.000000,  0.000000,  0.000000,  0.000000,  0.000000,  0.000000,  0.000000,  0.000000,  0.000000,  0.000000,  0.000000,  0.000000,  0.000000,  0.000000,  0.000000,  0.000000,  0.000000,  0.000000,  0.000000,  0.000000,  0.000000,  0.000000,  0.000000,  0.000000,  0.000000,  0.000000,  0.000000,  0.000000,  0.000000,  0.000000,  0.000000,  0.000000,  0.000000,  0.000000,  0.000000,  0.000000,  0.000000,  0.000000,  0.000000,  0.000000,  0.000000,  0.000000,  0.000000,  0.000000,  0.000000,  0.000000,  0.000000,  0.000000,  0.000000,  0.000000,  0.000000,  0.000000,  0.000000,  0.000000,  0.000000,  0.000000,  0.000000,  0.000000,  0.000000,  0.000000,  0.000000,  0.000000,  0.000000,  0.000000,  0.000000,  0.000000,  0.000000,  0.000000,  0.000000,  0.000000,  0.000000,  0.000000,  0.000000,  0.000000,  0.000000,  0.000000,  0.000000,  0.000000,  0.000000,  0.000000,  0.000000,  0.000000,  0.000000,  0.000000,  0.000000,  0.000000,  0.000000,  0.000000,  0.000000,  0.000000,  0.000000,  0.000000,  0.000000,  0.000000,  0.000000,  0.000000,  0.000000,  0.000000,  0.000000,  0.000000,  0.000000,  0.000000,  0.000000,  0.000000,  0.000000,  0.000000,  0.000000,  0.000000,  0.000000,  0.000000,  0.000000,  0.000000,  0.000000,  0.000000,  0.000000,  0.000000,  0.000000,  0.000000,  0.000000,  0.000000,  0.000000,  0.000000,  0.000000,  0.000000,  0.000000,  0.000000,  0.000000,  0.000000,  0.000000,  0.000000,  0.000000,  0.000000,  0.000000,  0.000000,  0.000000,  0.000000,  0.000000,  0.000000,  0.000000,  0.000000,  0.000000,  0.000000,  0.000000,  0.000000,  0.000000,  0.000000,  0.000000,  0.000000,  0.000000,  0.000000,  0.000000,  0.000000,  0.000000,  0.000000,  0.000000,  0.000000,  0.000000,  0.000000,  0.000000,  0.000000,  0.000000,  0.000000,  0.000000,  0.000000,  0.000000,  0.000000,  0.000000,  0.000000,  0.000000,  0.000000,  0.000000,  0.000000,  0.000000,  0.000000,  0.000000,  0.000000,  0.000000,  0.000000,  0.000000,  0.000000,  0.000000,  0.000000,  0.000000,  0.000000,  0.000000,  0.000000,  0.000000,  0.000000,  0.000000,  0.000000,  0.000000,  0.000000,  0.000000,  0.000000,  0.000000,  0.000000,  0.000000,  0.000000,  0.000000,  0.000000,  0.000000,  0.000000,  0.000000,  0.000000,  0.000000,  0.000000,  0.000000,  0.000000,  0.000000,  0.000000,  0.000000,  0.000000,  0.000000,  0.000000,  0.000000,  0.000000,  0.000000,  0.000000,  0.000000,  0.000000,  0.000000,  0.000000,  0.000000,  0.000000,  0.000000,  0.000000,  0.000000,  0.000000,  0.000000,  0.000000,  0.000000,  0.000000,  0.000000,  0.000000,  0.000000,  0.000000,  0.000000,  0.000000,  0.000000,  0.000000,  0.000000,  0.000000,  0.000000,  0.000000,  0.000000,  0.000000,  0.000000,  0.000000,  0.000000,  0.000000,  0.000000,  0.000000,  0.000000,  0.000000,  0.000000,  0.000000,  0.000000,  0.000000,  0.000000,  0.000000,  0.000000,  0.000000,  0.000000,  0.000000,  0.000000,  0.000000,  0.000000,  0.000000,  0.000000,  0.000000,  0.000000,  0.000000,  0.000000,  0.000000,  0.000000,  0.000000,  0.000000,  0.000000,  0.000000,  0.000000,  0.000000,  0.000000,  0.000000,  0.000000,  0.000000,  0.000000,  0.000000,  0.000000,  0.000000,  0.000000,  0.000000,  0.000000,  0.000000,  0.000000,  0.000000,  0.000000,  0.000000,  0.000000,  0.000000,  0.000000,  0.000000,  0.000000,  0.000000,  0.000000,  0.000000,  0.000000,  0.000000,  0.000000,  0.000000,  0.000000,  0.000000,  0.000000,  0.000000,  0.000000,  0.000000,  0.000000,  0.000000,  0.000000,  0.000000,  0.000000,  0.000000,  0.000000,  0.000000,  0.000000,  0.000000,  0.000000,  0.000000,  0.000000,  0.000000,  0.000000,  0.000000,  0.000000,  0.000000,  0.000000,  0.000000,  0.000000,  0.000000,  0.000000,  0.000000,  0.000000,  0.000000,  0.000000,  0.000000,  0.000000,  0.000000,  0.000000,  0.000000,  0.000000,  0.000000,  0.000000,  0.000000,  0.000000,  0.000000,  0.000000,  0.000000,  0.000000,  0.000000,  0.000000,  0.000000,  0.000000,  0.000000,  0.000000,  0.000000,  0.000000,  0.000000,  0.000000,  0.000000,  0.000000,  0.000000,  0.000000,  0.000000,  0.000000,  0.000000,  0.000000,  0.000000,  0.000000,  0.000000,  0.000000,  0.000000,  0.000000,  0.000000,  0.000000,  0.000000,  0.000000,  0.000000,  0.000000,  0.000000,  0.000000,  0.000000,  0.000000,  0.000000,  0.000000,  0.000000,  0.000000,  0.000000,  0.000000,  0.000000,  0.000000,  0.000000,  0.000000,  0.000000,  0.000000,  0.000000,  0.000000,  0.000000,  0.000000,  0.000000,  0.000000,  0.000000,  0.000000,  0.000000,  0.000000,  0.000000,  0.000000,  0.000000,  0.000000,  0.000000,  0.000000,  0.000000,  0.000000,  0.000000,  0.000000,  0.000000,  0.000000,  0.000000,  0.000000,  0.000000,  0.000000,  0.000000,  0.000000,  0.000000 ]
checksum = 1.000000
Repeated 8 time
f3=0.469917 a3=0.530083
f4=0.198246 a4=0.331837
f5=0.101502 a5=0.230335
f6=0.058740 a6=0.171595
f7=0.036991 a7=0.134605
f8=0.024781 a8=0.109824
f9=0.017404 a9=0.092420
f10=0.012688 a10=0.079732
f11=0.009532 a11=0.070199
f12=0.007342 a12=0.062857
f13=0.005775 a13=0.057082
f14=0.004624 a14=0.052458
f15=0.003759 a15=0.048699
f16=0.003098 a16=0.045601
f17=0.002582 a17=0.043019
f18=0.002176 a18=0.040843
f19=0.001850 a19=0.038993
f20=0.001586 a20=0.037407
f21=0.001370 a21=0.036037
f22=0.001192 a22=0.034846
f23=0.001043 a23=0.033803
f24=0.000918 a24=0.032885
f25=0.000812 a25=0.032073
f26=0.000722 a26=0.031351
f27=0.000645 a27=0.030707
f28=0.000578 a28=0.030129
f29=0.000520 a29=0.029608
f30=0.000470 a30=0.029139
f31=0.000426 a31=0.028713
f32=0.000387 a32=0.028325
f33=0.000353 a33=0.027972
f34=0.000323 a34=0.027650
f35=0.000296 a35=0.027354
f36=0.000272 a36=0.027082
f37=0.000250 a37=0.026831
f38=0.000231 a38=0.026600
f39=0.000214 a39=0.026386
f40=0.000198 a40=0.026188
f41=0.000184 a41=0.026004
f42=0.000171 a42=0.025833
f43=0.000160 a43=0.025673
f44=0.000149 a44=0.025524
f45=0.000139 a45=0.025385
f46=0.000130 a46=0.025254
f47=0.000122 a47=0.025132
f48=0.000115 a48=0.025017
f49=0.000108 a49=0.024910
f50=0.024910
[ 0.469917,  0.198246,  0.101502,  0.058740,  0.036991,  0.024781,  0.017404,  0.012688,  0.009532,  0.007342,  0.005775,  0.004624,  0.003759,  0.003098,  0.002582,  0.002176,  0.001850,  0.001586,  0.001370,  0.001192,  0.001043,  0.000918,  0.000812,  0.000722,  0.000645,  0.000578,  0.000520,  0.000470,  0.000426,  0.000387,  0.000353,  0.000323,  0.000296,  0.000272,  0.000250,  0.000231,  0.000214,  0.000198,  0.000184,  0.000171,  0.000160,  0.000149,  0.000139,  0.000130,  0.000122,  0.000115,  0.000108, 0.024910]
0.024910 == 0.024910

total 92269 nodes
[ 0.002439,  0.027301,  0.461401,  0.188167,  0.093954,  0.055479,  0.040057,  0.023594,  0.016083,  0.014024,  0.008779,  0.007521,  0.002341,  0.005722,  0.004064,  0.004248,  0.002926,  0.001832,  0.003479,  0.000130,  0.000965,  0.002666,  0.000434,  0.000748,  0.001864,  0.000748,  0.000228,  0.001420,  0.000130,  0.000022,  0.000585,  0.000336,  0.000033,  0.000087,  0.001528,  0.000087,  0.001160,  0.000130,  0.000195,  0.000423,  0.000195,  0.000011,  0.000163,  0.000303,  0.000076,  0.000087,  0.000076,  0.000206,  0.005213,  0.016344,  0.000000,  0.000000,  0.000000,  0.000000,  0.000000,  0.000000,  0.000000,  0.000000,  0.000000,  0.000000,  0.000000,  0.000000,  0.000000,  0.000000,  0.000000,  0.000000,  0.000000,  0.000000,  0.000000,  0.000000,  0.000000,  0.000000,  0.000000,  0.000000,  0.000000,  0.000000,  0.000000,  0.000000,  0.000000,  0.000000,  0.000000,  0.000000,  0.000000,  0.000000,  0.000000,  0.000000,  0.000000,  0.000000,  0.000000,  0.000000,  0.000000,  0.000000,  0.000000,  0.000000,  0.000000,  0.000000,  0.000000,  0.000000,  0.000000,  0.000000,  0.000000,  0.000000,  0.000000,  0.000000,  0.000000,  0.000000,  0.000000,  0.000000,  0.000000,  0.000000,  0.000000,  0.000000,  0.000000,  0.000000,  0.000000,  0.000000,  0.000000,  0.000000,  0.000000,  0.000000,  0.000000,  0.000000,  0.000000,  0.000000,  0.000000,  0.000000,  0.000000,  0.000000,  0.000000,  0.000000,  0.000000,  0.000000,  0.000000,  0.000000,  0.000000,  0.000000,  0.000000,  0.000000,  0.000000,  0.000000,  0.000000,  0.000000,  0.000000,  0.000000,  0.000000,  0.000000,  0.000000,  0.000000,  0.000000,  0.000000,  0.000000,  0.000000,  0.000000,  0.000000,  0.000000,  0.000000,  0.000000,  0.000000,  0.000000,  0.000000,  0.000000,  0.000000,  0.000000,  0.000000,  0.000000,  0.000000,  0.000000,  0.000000,  0.000000,  0.000000,  0.000000,  0.000000,  0.000000,  0.000000,  0.000000,  0.000000,  0.000000,  0.000000,  0.000000,  0.000000,  0.000000,  0.000000,  0.000000,  0.000000,  0.000000,  0.000000,  0.000000,  0.000000,  0.000000,  0.000000,  0.000000,  0.000000,  0.000000,  0.000000,  0.000000,  0.000000,  0.000000,  0.000000,  0.000000,  0.000000,  0.000000,  0.000000,  0.000000,  0.000000,  0.000000,  0.000000,  0.000000,  0.000000,  0.000000,  0.000000,  0.000000,  0.000000,  0.000000,  0.000000,  0.000000,  0.000000,  0.000000,  0.000000,  0.000000,  0.000000,  0.000000,  0.000000,  0.000000,  0.000000,  0.000000,  0.000000,  0.000000,  0.000000,  0.000000,  0.000000,  0.000000,  0.000000,  0.000000,  0.000000,  0.000000,  0.000000,  0.000000,  0.000000,  0.000000,  0.000000,  0.000000,  0.000000,  0.000000,  0.000000,  0.000000,  0.000000,  0.000000,  0.000000,  0.000000,  0.000000,  0.000000,  0.000000,  0.000000,  0.000000,  0.000000,  0.000000,  0.000000,  0.000000,  0.000000,  0.000000,  0.000000,  0.000000,  0.000000,  0.000000,  0.000000,  0.000000,  0.000000,  0.000000,  0.000000,  0.000000,  0.000000,  0.000000,  0.000000,  0.000000,  0.000000,  0.000000,  0.000000,  0.000000,  0.000000,  0.000000,  0.000000,  0.000000,  0.000000,  0.000000,  0.000000,  0.000000,  0.000000,  0.000000,  0.000000,  0.000000,  0.000000,  0.000000,  0.000000,  0.000000,  0.000000,  0.000000,  0.000000,  0.000000,  0.000000,  0.000000,  0.000000,  0.000000,  0.000000,  0.000000,  0.000000,  0.000000,  0.000000,  0.000000,  0.000000,  0.000000,  0.000000,  0.000000,  0.000000,  0.000000,  0.000000,  0.000000,  0.000000,  0.000000,  0.000000,  0.000000,  0.000000,  0.000000,  0.000000,  0.000000,  0.000000,  0.000000,  0.000000,  0.000000,  0.000000,  0.000000,  0.000000,  0.000000,  0.000000,  0.000000,  0.000000,  0.000000,  0.000000,  0.000000,  0.000000,  0.000000,  0.000000,  0.000000,  0.000000,  0.000000,  0.000000,  0.000000,  0.000000,  0.000000,  0.000000,  0.000000,  0.000000,  0.000000,  0.000000,  0.000000,  0.000000,  0.000000,  0.000000,  0.000000,  0.000000,  0.000000,  0.000000,  0.000000,  0.000000,  0.000000,  0.000000,  0.000000,  0.000000,  0.000000,  0.000000,  0.000000,  0.000000,  0.000000,  0.000000,  0.000000,  0.000000,  0.000000,  0.000000,  0.000000,  0.000000,  0.000000,  0.000000,  0.000000,  0.000000,  0.000000,  0.000000,  0.000000,  0.000000,  0.000000,  0.000000,  0.000000,  0.000000,  0.000000,  0.000000,  0.000000,  0.000000,  0.000000,  0.000000,  0.000000,  0.000000,  0.000000,  0.000000,  0.000000,  0.000000,  0.000000,  0.000000,  0.000000,  0.000000,  0.000000,  0.000000,  0.000000,  0.000000,  0.000000,  0.000000,  0.000000,  0.000000,  0.000000,  0.000000,  0.000000,  0.000000,  0.000000,  0.000000,  0.000000,  0.000000,  0.000000,  0.000000,  0.000000,  0.000000,  0.000000,  0.000000,  0.000000,  0.000000,  0.000000,  0.000000,  0.000000,  0.000000,  0.000000,  0.000000,  0.000000,  0.000000,  0.000000,  0.000000,  0.000000,  0.000000,  0.000000,  0.000000,  0.000000,  0.000000,  0.000000,  0.000000,  0.000000,  0.000000,  0.000000,  0.000000,  0.000000,  0.000000,  0.000000,  0.000000,  0.000000,  0.000000,  0.000000,  0.000000,  0.000000,  0.000000,  0.000000,  0.000000,  0.000000,  0.000000,  0.000000,  0.000000,  0.000000,  0.000000,  0.000000,  0.000000,  0.000000,  0.000000,  0.000000,  0.000000,  0.000000,  0.000000,  0.000000,  0.000000,  0.000000,  0.000000,  0.000000,  0.000000,  0.000000,  0.000000,  0.000000,  0.000000,  0.000000,  0.000000,  0.000000,  0.000000,  0.000000,  0.000000,  0.000000,  0.000000,  0.000000,  0.000000,  0.000000 ]
checksum = 1.000000
Repeated 9 time
f3=0.469917 a3=0.530083
f4=0.198246 a4=0.331837
f5=0.101502 a5=0.230335
f6=0.058740 a6=0.171595
f7=0.036991 a7=0.134605
f8=0.024781 a8=0.109824
f9=0.017404 a9=0.092420
f10=0.012688 a10=0.079732
f11=0.009532 a11=0.070199
f12=0.007342 a12=0.062857
f13=0.005775 a13=0.057082
f14=0.004624 a14=0.052458
f15=0.003759 a15=0.048699
f16=0.003098 a16=0.045601
f17=0.002582 a17=0.043019
f18=0.002176 a18=0.040843
f19=0.001850 a19=0.038993
f20=0.001586 a20=0.037407
f21=0.001370 a21=0.036037
f22=0.001192 a22=0.034846
f23=0.001043 a23=0.033803
f24=0.000918 a24=0.032885
f25=0.000812 a25=0.032073
f26=0.000722 a26=0.031351
f27=0.000645 a27=0.030707
f28=0.000578 a28=0.030129
f29=0.000520 a29=0.029608
f30=0.000470 a30=0.029139
f31=0.000426 a31=0.028713
f32=0.000387 a32=0.028325
f33=0.000353 a33=0.027972
f34=0.000323 a34=0.027650
f35=0.000296 a35=0.027354
f36=0.000272 a36=0.027082
f37=0.000250 a37=0.026831
f38=0.000231 a38=0.026600
f39=0.000214 a39=0.026386
f40=0.000198 a40=0.026188
f41=0.000184 a41=0.026004
f42=0.000171 a42=0.025833
f43=0.000160 a43=0.025673
f44=0.000149 a44=0.025524
f45=0.000139 a45=0.025385
f46=0.000130 a46=0.025254
f47=0.000122 a47=0.025132
f48=0.000115 a48=0.025017
f49=0.000108 a49=0.024910
f50=0.024910
[ 0.469917,  0.198246,  0.101502,  0.058740,  0.036991,  0.024781,  0.017404,  0.012688,  0.009532,  0.007342,  0.005775,  0.004624,  0.003759,  0.003098,  0.002582,  0.002176,  0.001850,  0.001586,  0.001370,  0.001192,  0.001043,  0.000918,  0.000812,  0.000722,  0.000645,  0.000578,  0.000520,  0.000470,  0.000426,  0.000387,  0.000353,  0.000323,  0.000296,  0.000272,  0.000250,  0.000231,  0.000214,  0.000198,  0.000184,  0.000171,  0.000160,  0.000149,  0.000139,  0.000130,  0.000122,  0.000115,  0.000108, 0.024910]
0.024910 == 0.024910

total 91687 nodes
[ 0.002574,  0.029612,  0.455048,  0.189493,  0.093405,  0.058689,  0.037792,  0.025554,  0.018879,  0.014048,  0.006664,  0.004450,  0.007886,  0.003763,  0.005650,  0.000654,  0.004537,  0.001461,  0.001701,  0.001821,  0.000731,  0.002323,  0.000022,  0.001560,  0.001254,  0.000404,  0.002890,  0.000262,  0.000120,  0.000240,  0.000240,  0.000294,  0.001069,  0.000491,  0.000534,  0.000011,  0.000643,  0.000196,  0.000294,  0.000894,  0.000011,  0.000349,  0.000196,  0.000065,  0.000065,  0.000414,  0.000469,  0.000447,  0.002236,  0.017592,  0.000000,  0.000000,  0.000000,  0.000000,  0.000000,  0.000000,  0.000000,  0.000000,  0.000000,  0.000000,  0.000000,  0.000000,  0.000000,  0.000000,  0.000000,  0.000000,  0.000000,  0.000000,  0.000000,  0.000000,  0.000000,  0.000000,  0.000000,  0.000000,  0.000000,  0.000000,  0.000000,  0.000000,  0.000000,  0.000000,  0.000000,  0.000000,  0.000000,  0.000000,  0.000000,  0.000000,  0.000000,  0.000000,  0.000000,  0.000000,  0.000000,  0.000000,  0.000000,  0.000000,  0.000000,  0.000000,  0.000000,  0.000000,  0.000000,  0.000000,  0.000000,  0.000000,  0.000000,  0.000000,  0.000000,  0.000000,  0.000000,  0.000000,  0.000000,  0.000000,  0.000000,  0.000000,  0.000000,  0.000000,  0.000000,  0.000000,  0.000000,  0.000000,  0.000000,  0.000000,  0.000000,  0.000000,  0.000000,  0.000000,  0.000000,  0.000000,  0.000000,  0.000000,  0.000000,  0.000000,  0.000000,  0.000000,  0.000000,  0.000000,  0.000000,  0.000000,  0.000000,  0.000000,  0.000000,  0.000000,  0.000000,  0.000000,  0.000000,  0.000000,  0.000000,  0.000000,  0.000000,  0.000000,  0.000000,  0.000000,  0.000000,  0.000000,  0.000000,  0.000000,  0.000000,  0.000000,  0.000000,  0.000000,  0.000000,  0.000000,  0.000000,  0.000000,  0.000000,  0.000000,  0.000000,  0.000000,  0.000000,  0.000000,  0.000000,  0.000000,  0.000000,  0.000000,  0.000000,  0.000000,  0.000000,  0.000000,  0.000000,  0.000000,  0.000000,  0.000000,  0.000000,  0.000000,  0.000000,  0.000000,  0.000000,  0.000000,  0.000000,  0.000000,  0.000000,  0.000000,  0.000000,  0.000000,  0.000000,  0.000000,  0.000000,  0.000000,  0.000000,  0.000000,  0.000000,  0.000000,  0.000000,  0.000000,  0.000000,  0.000000,  0.000000,  0.000000,  0.000000,  0.000000,  0.000000,  0.000000,  0.000000,  0.000000,  0.000000,  0.000000,  0.000000,  0.000000,  0.000000,  0.000000,  0.000000,  0.000000,  0.000000,  0.000000,  0.000000,  0.000000,  0.000000,  0.000000,  0.000000,  0.000000,  0.000000,  0.000000,  0.000000,  0.000000,  0.000000,  0.000000,  0.000000,  0.000000,  0.000000,  0.000000,  0.000000,  0.000000,  0.000000,  0.000000,  0.000000,  0.000000,  0.000000,  0.000000,  0.000000,  0.000000,  0.000000,  0.000000,  0.000000,  0.000000,  0.000000,  0.000000,  0.000000,  0.000000,  0.000000,  0.000000,  0.000000,  0.000000,  0.000000,  0.000000,  0.000000,  0.000000,  0.000000,  0.000000,  0.000000,  0.000000,  0.000000,  0.000000,  0.000000,  0.000000,  0.000000,  0.000000,  0.000000,  0.000000,  0.000000,  0.000000,  0.000000,  0.000000,  0.000000,  0.000000,  0.000000,  0.000000,  0.000000,  0.000000,  0.000000,  0.000000,  0.000000,  0.000000,  0.000000,  0.000000,  0.000000,  0.000000,  0.000000,  0.000000,  0.000000,  0.000000,  0.000000,  0.000000,  0.000000,  0.000000,  0.000000,  0.000000,  0.000000,  0.000000,  0.000000,  0.000000,  0.000000,  0.000000,  0.000000,  0.000000,  0.000000,  0.000000,  0.000000,  0.000000,  0.000000,  0.000000,  0.000000,  0.000000,  0.000000,  0.000000,  0.000000,  0.000000,  0.000000,  0.000000,  0.000000,  0.000000,  0.000000,  0.000000,  0.000000,  0.000000,  0.000000,  0.000000,  0.000000,  0.000000,  0.000000,  0.000000,  0.000000,  0.000000,  0.000000,  0.000000,  0.000000,  0.000000,  0.000000,  0.000000,  0.000000,  0.000000,  0.000000,  0.000000,  0.000000,  0.000000,  0.000000,  0.000000,  0.000000,  0.000000,  0.000000,  0.000000,  0.000000,  0.000000,  0.000000,  0.000000,  0.000000,  0.000000,  0.000000,  0.000000,  0.000000,  0.000000,  0.000000,  0.000000,  0.000000,  0.000000,  0.000000,  0.000000,  0.000000,  0.000000,  0.000000,  0.000000,  0.000000,  0.000000,  0.000000,  0.000000,  0.000000,  0.000000,  0.000000,  0.000000,  0.000000,  0.000000,  0.000000,  0.000000,  0.000000,  0.000000,  0.000000,  0.000000,  0.000000,  0.000000,  0.000000,  0.000000,  0.000000,  0.000000,  0.000000,  0.000000,  0.000000,  0.000000,  0.000000,  0.000000,  0.000000,  0.000000,  0.000000,  0.000000,  0.000000,  0.000000,  0.000000,  0.000000,  0.000000,  0.000000,  0.000000,  0.000000,  0.000000,  0.000000,  0.000000,  0.000000,  0.000000,  0.000000,  0.000000,  0.000000,  0.000000,  0.000000,  0.000000,  0.000000,  0.000000,  0.000000,  0.000000,  0.000000,  0.000000,  0.000000,  0.000000,  0.000000,  0.000000,  0.000000,  0.000000,  0.000000,  0.000000,  0.000000,  0.000000,  0.000000,  0.000000,  0.000000,  0.000000,  0.000000,  0.000000,  0.000000,  0.000000,  0.000000,  0.000000,  0.000000,  0.000000,  0.000000,  0.000000,  0.000000,  0.000000,  0.000000,  0.000000,  0.000000,  0.000000,  0.000000,  0.000000,  0.000000,  0.000000,  0.000000,  0.000000,  0.000000,  0.000000,  0.000000,  0.000000,  0.000000,  0.000000,  0.000000,  0.000000,  0.000000,  0.000000,  0.000000,  0.000000,  0.000000,  0.000000,  0.000000,  0.000000,  0.000000,  0.000000,  0.000000,  0.000000,  0.000000,  0.000000,  0.000000,  0.000000,  0.000000,  0.000000,  0.000000,  0.000000,  0.000000 ]
checksum = 1.000000
====================
[ 0.000000,  0.002302,  0.027458,  0.454338,  0.192209,  0.098003,  0.056490,  0.037044,  0.024201,  0.016555,  0.013542,  0.010005,  0.006307,  0.005363,  0.004497,  0.003568,  0.003688,  0.002586,  0.001844,  0.002435,  0.001122,  0.001615,  0.001683,  0.001138,  0.000850,  0.000816,  0.000879,  0.000805,  0.000639,  0.000665,  0.000342,  0.000506,  0.000617,  0.000595,  0.000370,  0.000578,  0.000283,  0.000353,  0.000312,  0.000278,  0.000316,  0.000279,  0.000222,  0.000188,  0.000387,  0.000197,  0.000213,  0.000250,  0.000459,  0.003210,  0.017398,  0.000000,  0.000000,  0.000000,  0.000000,  0.000000,  0.000000,  0.000000,  0.000000,  0.000000,  0.000000,  0.000000,  0.000000,  0.000000,  0.000000,  0.000000,  0.000000,  0.000000,  0.000000,  0.000000,  0.000000,  0.000000,  0.000000,  0.000000,  0.000000,  0.000000,  0.000000,  0.000000,  0.000000,  0.000000,  0.000000,  0.000000,  0.000000,  0.000000,  0.000000,  0.000000,  0.000000,  0.000000,  0.000000,  0.000000,  0.000000,  0.000000,  0.000000,  0.000000,  0.000000,  0.000000,  0.000000,  0.000000,  0.000000,  0.000000,  0.000000 ]
f3=0.469917 a3=0.530083
f4=0.198246 a4=0.331837
f5=0.101502 a5=0.230335
f6=0.058740 a6=0.171595
f7=0.036991 a7=0.134605
f8=0.024781 a8=0.109824
f9=0.017404 a9=0.092420
f10=0.012688 a10=0.079732
f11=0.009532 a11=0.070199
f12=0.007342 a12=0.062857
f13=0.005775 a13=0.057082
f14=0.004624 a14=0.052458
f15=0.003759 a15=0.048699
f16=0.003098 a16=0.045601
f17=0.002582 a17=0.043019
f18=0.002176 a18=0.040843
f19=0.001850 a19=0.038993
f20=0.001586 a20=0.037407
f21=0.001370 a21=0.036037
f22=0.001192 a22=0.034846
f23=0.001043 a23=0.033803
f24=0.000918 a24=0.032885
f25=0.000812 a25=0.032073
f26=0.000722 a26=0.031351
f27=0.000645 a27=0.030707
f28=0.000578 a28=0.030129
f29=0.000520 a29=0.029608
f30=0.000470 a30=0.029139
f31=0.000426 a31=0.028713
f32=0.000387 a32=0.028325
f33=0.000353 a33=0.027972
f34=0.000323 a34=0.027650
f35=0.000296 a35=0.027354
f36=0.000272 a36=0.027082
f37=0.000250 a37=0.026831
f38=0.000231 a38=0.026600
f39=0.000214 a39=0.026386
f40=0.000198 a40=0.026188
f41=0.000184 a41=0.026004
f42=0.000171 a42=0.025833
f43=0.000160 a43=0.025673
f44=0.000149 a44=0.025524
f45=0.000139 a45=0.025385
f46=0.000130 a46=0.025254
f47=0.000122 a47=0.025132
f48=0.000115 a48=0.025017
f49=0.000108 a49=0.024910
f50=0.024910
[ 0.469917,  0.198246,  0.101502,  0.058740,  0.036991,  0.024781,  0.017404,  0.012688,  0.009532,  0.007342,  0.005775,  0.004624,  0.003759,  0.003098,  0.002582,  0.002176,  0.001850,  0.001586,  0.001370,  0.001192,  0.001043,  0.000918,  0.000812,  0.000722,  0.000645,  0.000578,  0.000520,  0.000470,  0.000426,  0.000387,  0.000353,  0.000323,  0.000296,  0.000272,  0.000250,  0.000231,  0.000214,  0.000198,  0.000184,  0.000171,  0.000160,  0.000149,  0.000139,  0.000130,  0.000122,  0.000115,  0.000108, 0.024910]
0.024910 == 0.024910
