Repeated 0 time
f3=0.329723 a3=0.670277
f4=0.151640 a4=0.518637
f5=0.083015 a5=0.435621
f6=0.050742 a6=0.384879
f7=0.033467 a7=0.351413
f8=0.023336 a8=0.328076
f9=0.016979 a9=0.311097
f10=0.311097
[ 0.329723,  0.151640,  0.083015,  0.050742,  0.033467,  0.023336,  0.016979, 0.311097]
0.311097 == 0.311097

total 91746 nodes
[ 0.000000,  0.000044,  0.330096,  0.152454,  0.081780,  0.053070,  0.034879,  0.019314,  0.017200,  0.311163,  0.000000,  0.000000,  0.000000,  0.000000,  0.000000,  0.000000,  0.000000,  0.000000,  0.000000,  0.000000,  0.000000,  0.000000,  0.000000,  0.000000,  0.000000,  0.000000,  0.000000,  0.000000,  0.000000,  0.000000,  0.000000,  0.000000,  0.000000,  0.000000,  0.000000,  0.000000,  0.000000,  0.000000,  0.000000,  0.000000,  0.000000,  0.000000,  0.000000,  0.000000,  0.000000,  0.000000,  0.000000,  0.000000,  0.000000,  0.000000,  0.000000,  0.000000,  0.000000,  0.000000,  0.000000,  0.000000,  0.000000,  0.000000,  0.000000,  0.000000,  0.000000,  0.000000,  0.000000,  0.000000,  0.000000,  0.000000,  0.000000,  0.000000,  0.000000,  0.000000,  0.000000,  0.000000,  0.000000,  0.000000,  0.000000,  0.000000,  0.000000,  0.000000,  0.000000,  0.000000,  0.000000,  0.000000,  0.000000,  0.000000,  0.000000,  0.000000,  0.000000,  0.000000,  0.000000,  0.000000,  0.000000,  0.000000,  0.000000,  0.000000,  0.000000,  0.000000,  0.000000,  0.000000,  0.000000,  0.000000 ]
checksum = 1.000000
Repeated 1 time
f3=0.329723 a3=0.670277
f4=0.151640 a4=0.518637
f5=0.083015 a5=0.435621
f6=0.050742 a6=0.384879
f7=0.033467 a7=0.351413
f8=0.023336 a8=0.328076
f9=0.016979 a9=0.311097
f10=0.311097
[ 0.329723,  0.151640,  0.083015,  0.050742,  0.033467,  0.023336,  0.016979, 0.311097]
0.311097 == 0.311097

total 91890 nodes
[ 0.000000,  0.000033,  0.331853,  0.143846,  0.089672,  0.046534,  0.037784,  0.026575,  0.011318,  0.312384,  0.000000,  0.000000,  0.000000,  0.000000,  0.000000,  0.000000,  0.000000,  0.000000,  0.000000,  0.000000,  0.000000,  0.000000,  0.000000,  0.000000,  0.000000,  0.000000,  0.000000,  0.000000,  0.000000,  0.000000,  0.000000,  0.000000,  0.000000,  0.000000,  0.000000,  0.000000,  0.000000,  0.000000,  0.000000,  0.000000,  0.000000,  0.000000,  0.000000,  0.000000,  0.000000,  0.000000,  0.000000,  0.000000,  0.000000,  0.000000,  0.000000,  0.000000,  0.000000,  0.000000,  0.000000,  0.000000,  0.000000,  0.000000,  0.000000,  0.000000,  0.000000,  0.000000,  0.000000,  0.000000,  0.000000,  0.000000,  0.000000,  0.000000,  0.000000,  0.000000,  0.000000,  0.000000,  0.000000,  0.000000,  0.000000,  0.000000,  0.000000,  0.000000,  0.000000,  0.000000,  0.000000,  0.000000,  0.000000,  0.000000,  0.000000,  0.000000,  0.000000,  0.000000,  0.000000,  0.000000,  0.000000,  0.000000,  0.000000,  0.000000,  0.000000,  0.000000,  0.000000,  0.000000,  0.000000,  0.000000 ]
checksum = 1.000000
Repeated 2 time
f3=0.329723 a3=0.670277
f4=0.151640 a4=0.518637
f5=0.083015 a5=0.435621
f6=0.050742 a6=0.384879
f7=0.033467 a7=0.351413
f8=0.023336 a8=0.328076
f9=0.016979 a9=0.311097
f10=0.311097
[ 0.329723,  0.151640,  0.083015,  0.050742,  0.033467,  0.023336,  0.016979, 0.311097]
0.311097 == 0.311097

total 92226 nodes
[ 0.000000,  0.000043,  0.325060,  0.160584,  0.078644,  0.044933,  0.037245,  0.029363,  0.016319,  0.307809,  0.000000,  0.000000,  0.000000,  0.000000,  0.000000,  0.000000,  0.000000,  0.000000,  0.000000,  0.000000,  0.000000,  0.000000,  0.000000,  0.000000,  0.000000,  0.000000,  0.000000,  0.000000,  0.000000,  0.000000,  0.000000,  0.000000,  0.000000,  0.000000,  0.000000,  0.000000,  0.000000,  0.000000,  0.000000,  0.000000,  0.000000,  0.000000,  0.000000,  0.000000,  0.000000,  0.000000,  0.000000,  0.000000,  0.000000,  0.000000,  0.000000,  0.000000,  0.000000,  0.000000,  0.000000,  0.000000,  0.000000,  0.000000,  0.000000,  0.000000,  0.000000,  0.000000,  0.000000,  0.000000,  0.000000,  0.000000,  0.000000,  0.000000,  0.000000,  0.000000,  0.000000,  0.000000,  0.000000,  0.000000,  0.000000,  0.000000,  0.000000,  0.000000,  0.000000,  0.000000,  0.000000,  0.000000,  0.000000,  0.000000,  0.000000,  0.000000,  0.000000,  0.000000,  0.000000,  0.000000,  0.000000,  0.000000,  0.000000,  0.000000,  0.000000,  0.000000,  0.000000,  0.000000,  0.000000,  0.000000 ]
checksum = 1.000000
Repeated 3 time
f3=0.329723 a3=0.670277
f4=0.151640 a4=0.518637
f5=0.083015 a5=0.435621
f6=0.050742 a6=0.384879
f7=0.033467 a7=0.351413
f8=0.023336 a8=0.328076
f9=0.016979 a9=0.311097
f10=0.311097
[ 0.329723,  0.151640,  0.083015,  0.050742,  0.033467,  0.023336,  0.016979, 0.311097]
0.311097 == 0.311097

total 92198 nodes
[ 0.000000,  0.000054,  0.333066,  0.144450,  0.087377,  0.050316,  0.033309,  0.022322,  0.024914,  0.304193,  0.000000,  0.000000,  0.000000,  0.000000,  0.000000,  0.000000,  0.000000,  0.000000,  0.000000,  0.000000,  0.000000,  0.000000,  0.000000,  0.000000,  0.000000,  0.000000,  0.000000,  0.000000,  0.000000,  0.000000,  0.000000,  0.000000,  0.000000,  0.000000,  0.000000,  0.000000,  0.000000,  0.000000,  0.000000,  0.000000,  0.000000,  0.000000,  0.000000,  0.000000,  0.000000,  0.000000,  0.000000,  0.000000,  0.000000,  0.000000,  0.000000,  0.000000,  0.000000,  0.000000,  0.000000,  0.000000,  0.000000,  0.000000,  0.000000,  0.000000,  0.000000,  0.000000,  0.000000,  0.000000,  0.000000,  0.000000,  0.000000,  0.000000,  0.000000,  0.000000,  0.000000,  0.000000,  0.000000,  0.000000,  0.000000,  0.000000,  0.000000,  0.000000,  0.000000,  0.000000,  0.000000,  0.000000,  0.000000,  0.000000,  0.000000,  0.000000,  0.000000,  0.000000,  0.000000,  0.000000,  0.000000,  0.000000,  0.000000,  0.000000,  0.000000,  0.000000,  0.000000,  0.000000,  0.000000,  0.000000 ]
checksum = 1.000000
Repeated 4 time
f3=0.329723 a3=0.670277
f4=0.151640 a4=0.518637
f5=0.083015 a5=0.435621
f6=0.050742 a6=0.384879
f7=0.033467 a7=0.351413
f8=0.023336 a8=0.328076
f9=0.016979 a9=0.311097
f10=0.311097
[ 0.329723,  0.151640,  0.083015,  0.050742,  0.033467,  0.023336,  0.016979, 0.311097]
0.311097 == 0.311097

total 92042 nodes
[ 0.000000,  0.000076,  0.332413,  0.149758,  0.082962,  0.049217,  0.033561,  0.023620,  0.013765,  0.314628,  0.000000,  0.000000,  0.000000,  0.000000,  0.000000,  0.000000,  0.000000,  0.000000,  0.000000,  0.000000,  0.000000,  0.000000,  0.000000,  0.000000,  0.000000,  0.000000,  0.000000,  0.000000,  0.000000,  0.000000,  0.000000,  0.000000,  0.000000,  0.000000,  0.000000,  0.000000,  0.000000,  0.000000,  0.000000,  0.000000,  0.000000,  0.000000,  0.000000,  0.000000,  0.000000,  0.000000,  0.000000,  0.000000,  0.000000,  0.000000,  0.000000,  0.000000,  0.000000,  0.000000,  0.000000,  0.000000,  0.000000,  0.000000,  0.000000,  0.000000,  0.000000,  0.000000,  0.000000,  0.000000,  0.000000,  0.000000,  0.000000,  0.000000,  0.000000,  0.000000,  0.000000,  0.000000,  0.000000,  0.000000,  0.000000,  0.000000,  0.000000,  0.000000,  0.000000,  0.000000,  0.000000,  0.000000,  0.000000,  0.000000,  0.000000,  0.000000,  0.000000,  0.000000,  0.000000,  0.000000,  0.000000,  0.000000,  0.000000,  0.000000,  0.000000,  0.000000,  0.000000,  0.000000,  0.000000,  0.000000 ]
checksum = 1.000000
Repeated 5 time
f3=0.329723 a3=0.670277
f4=0.151640 a4=0.518637
f5=0.083015 a5=0.435621
f6=0.050742 a6=0.384879
f7=0.033467 a7=0.351413
f8=0.023336 a8=0.328076
f9=0.016979 a9=0.311097
f10=0.311097
[ 0.329723,  0.151640,  0.083015,  0.050742,  0.033467,  0.023336,  0.016979, 0.311097]
0.311097 == 0.311097

total 91892 nodes
[ 0.000000,  0.000033,  0.330388,  0.151188,  0.084882,  0.047686,  0.032821,  0.023549,  0.021003,  0.308449,  0.000000,  0.000000,  0.000000,  0.000000,  0.000000,  0.000000,  0.000000,  0.000000,  0.000000,  0.000000,  0.000000,  0.000000,  0.000000,  0.000000,  0.000000,  0.000000,  0.000000,  0.000000,  0.000000,  0.000000,  0.000000,  0.000000,  0.000000,  0.000000,  0.000000,  0.000000,  0.000000,  0.000000,  0.000000,  0.000000,  0.000000,  0.000000,  0.000000,  0.000000,  0.000000,  0.000000,  0.000000,  0.000000,  0.000000,  0.000000,  0.000000,  0.000000,  0.000000,  0.000000,  0.000000,  0.000000,  0.000000,  0.000000,  0.000000,  0.000000,  0.000000,  0.000000,  0.000000,  0.000000,  0.000000,  0.000000,  0.000000,  0.000000,  0.000000,  0.000000,  0.000000,  0.000000,  0.000000,  0.000000,  0.000000,  0.000000,  0.000000,  0.000000,  0.000000,  0.000000,  0.000000,  0.000000,  0.000000,  0.000000,  0.000000,  0.000000,  0.000000,  0.000000,  0.000000,  0.000000,  0.000000,  0.000000,  0.000000,  0.000000,  0.000000,  0.000000,  0.000000,  0.000000,  0.000000,  0.000000 ]
checksum = 1.000000
Repeated 6 time
f3=0.329723 a3=0.670277
f4=0.151640 a4=0.518637
f5=0.083015 a5=0.435621
f6=0.050742 a6=0.384879
f7=0.033467 a7=0.351413
f8=0.023336 a8=0.328076
f9=0.016979 a9=0.311097
f10=0.311097
[ 0.329723,  0.151640,  0.083015,  0.050742,  0.033467,  0.023336,  0.016979, 0.311097]
0.311097 == 0.311097

total 91994 nodes
[ 0.000000,  0.000054,  0.320467,  0.162098,  0.078842,  0.057493,  0.030132,  0.025545,  0.019349,  0.306020,  0.000000,  0.000000,  0.000000,  0.000000,  0.000000,  0.000000,  0.000000,  0.000000,  0.000000,  0.000000,  0.000000,  0.000000,  0.000000,  0.000000,  0.000000,  0.000000,  0.000000,  0.000000,  0.000000,  0.000000,  0.000000,  0.000000,  0.000000,  0.000000,  0.000000,  0.000000,  0.000000,  0.000000,  0.000000,  0.000000,  0.000000,  0.000000,  0.000000,  0.000000,  0.000000,  0.000000,  0.000000,  0.000000,  0.000000,  0.000000,  0.000000,  0.000000,  0.000000,  0.000000,  0.000000,  0.000000,  0.000000,  0.000000,  0.000000,  0.000000,  0.000000,  0.000000,  0.000000,  0.000000,  0.000000,  0.000000,  0.000000,  0.000000,  0.000000,  0.000000,  0.000000,  0.000000,  0.000000,  0.000000,  0.000000,  0.000000,  0.000000,  0.000000,  0.000000,  0.000000,  0.000000,  0.000000,  0.000000,  0.000000,  0.000000,  0.000000,  0.000000,  0.000000,  0.000000,  0.000000,  0.000000,  0.000000,  0.000000,  0.000000,  0.000000,  0.000000,  0.000000,  0.000000,  0.000000,  0.000000 ]
checksum = 1.000000
Repeated 7 time
f3=0.329723 a3=0.670277
f4=0.151640 a4=0.518637
f5=0.083015 a5=0.435621
f6=0.050742 a6=0.384879
f7=0.033467 a7=0.351413
f8=0.023336 a8=0.328076
f9=0.016979 a9=0.311097
f10=0.311097
[ 0.329723,  0.151640,  0.083015,  0.050742,  0.033467,  0.023336,  0.016979, 0.311097]
0.311097 == 0.311097

total 91602 nodes
[ 0.000000,  0.000011,  0.324742,  0.155575,  0.083437,  0.050119,  0.040818,  0.021091,  0.010404,  0.313803,  0.000000,  0.000000,  0.000000,  0.000000,  0.000000,  0.000000,  0.000000,  0.000000,  0.000000,  0.000000,  0.000000,  0.000000,  0.000000,  0.000000,  0.000000,  0.000000,  0.000000,  0.000000,  0.000000,  0.000000,  0.000000,  0.000000,  0.000000,  0.000000,  0.000000,  0.000000,  0.000000,  0.000000,  0.000000,  0.000000,  0.000000,  0.000000,  0.000000,  0.000000,  0.000000,  0.000000,  0.000000,  0.000000,  0.000000,  0.000000,  0.000000,  0.000000,  0.000000,  0.000000,  0.000000,  0.000000,  0.000000,  0.000000,  0.000000,  0.000000,  0.000000,  0.000000,  0.000000,  0.000000,  0.000000,  0.000000,  0.000000,  0.000000,  0.000000,  0.000000,  0.000000,  0.000000,  0.000000,  0.000000,  0.000000,  0.000000,  0.000000,  0.000000,  0.000000,  0.000000,  0.000000,  0.000000,  0.000000,  0.000000,  0.000000,  0.000000,  0.000000,  0.000000,  0.000000,  0.000000,  0.000000,  0.000000,  0.000000,  0.000000,  0.000000,  0.000000,  0.000000,  0.000000,  0.000000,  0.000000 ]
checksum = 1.000000
Repeated 8 time
f3=0.329723 a3=0.670277
f4=0.151640 a4=0.518637
f5=0.083015 a5=0.435621
f6=0.050742 a6=0.384879
f7=0.033467 a7=0.351413
f8=0.023336 a8=0.328076
f9=0.016979 a9=0.311097
f10=0.311097
[ 0.329723,  0.151640,  0.083015,  0.050742,  0.033467,  0.023336,  0.016979, 0.311097]
0.311097 == 0.311097

total 91706 nodes
[ 0.000000,  0.000044,  0.332148,  0.139653,  0.092644,  0.047729,  0.032975,  0.026029,  0.016029,  0.312749,  0.000000,  0.000000,  0.000000,  0.000000,  0.000000,  0.000000,  0.000000,  0.000000,  0.000000,  0.000000,  0.000000,  0.000000,  0.000000,  0.000000,  0.000000,  0.000000,  0.000000,  0.000000,  0.000000,  0.000000,  0.000000,  0.000000,  0.000000,  0.000000,  0.000000,  0.000000,  0.000000,  0.000000,  0.000000,  0.000000,  0.000000,  0.000000,  0.000000,  0.000000,  0.000000,  0.000000,  0.000000,  0.000000,  0.000000,  0.000000,  0.000000,  0.000000,  0.000000,  0.000000,  0.000000,  0.000000,  0.000000,  0.000000,  0.000000,  0.000000,  0.000000,  0.000000,  0.000000,  0.000000,  0.000000,  0.000000,  0.000000,  0.000000,  0.000000,  0.000000,  0.000000,  0.000000,  0.000000,  0.000000,  0.000000,  0.000000,  0.000000,  0.000000,  0.000000,  0.000000,  0.000000,  0.000000,  0.000000,  0.000000,  0.000000,  0.000000,  0.000000,  0.000000,  0.000000,  0.000000,  0.000000,  0.000000,  0.000000,  0.000000,  0.000000,  0.000000,  0.000000,  0.000000,  0.000000,  0.000000 ]
checksum = 1.000000
Repeated 9 time
f3=0.329723 a3=0.670277
f4=0.151640 a4=0.518637
f5=0.083015 a5=0.435621
f6=0.050742 a6=0.384879
f7=0.033467 a7=0.351413
f8=0.023336 a8=0.328076
f9=0.016979 a9=0.311097
f10=0.311097
[ 0.329723,  0.151640,  0.083015,  0.050742,  0.033467,  0.023336,  0.016979, 0.311097]
0.311097 == 0.311097

total 91762 nodes
[ 0.000000,  0.000044,  0.329014,  0.150705,  0.087476,  0.044931,  0.033445,  0.027822,  0.019147,  0.307415,  0.000000,  0.000000,  0.000000,  0.000000,  0.000000,  0.000000,  0.000000,  0.000000,  0.000000,  0.000000,  0.000000,  0.000000,  0.000000,  0.000000,  0.000000,  0.000000,  0.000000,  0.000000,  0.000000,  0.000000,  0.000000,  0.000000,  0.000000,  0.000000,  0.000000,  0.000000,  0.000000,  0.000000,  0.000000,  0.000000,  0.000000,  0.000000,  0.000000,  0.000000,  0.000000,  0.000000,  0.000000,  0.000000,  0.000000,  0.000000,  0.000000,  0.000000,  0.000000,  0.000000,  0.000000,  0.000000,  0.000000,  0.000000,  0.000000,  0.000000,  0.000000,  0.000000,  0.000000,  0.000000,  0.000000,  0.000000,  0.000000,  0.000000,  0.000000,  0.000000,  0.000000,  0.000000,  0.000000,  0.000000,  0.000000,  0.000000,  0.000000,  0.000000,  0.000000,  0.000000,  0.000000,  0.000000,  0.000000,  0.000000,  0.000000,  0.000000,  0.000000,  0.000000,  0.000000,  0.000000,  0.000000,  0.000000,  0.000000,  0.000000,  0.000000,  0.000000,  0.000000,  0.000000,  0.000000,  0.000000 ]
checksum = 1.000000
====================
[ 0.000000,  0.000000,  0.000044,  0.328925,  0.151031,  0.084772,  0.049203,  0.034697,  0.024523,  0.016945,  0.309861,  0.000000,  0.000000,  0.000000,  0.000000,  0.000000,  0.000000,  0.000000,  0.000000,  0.000000,  0.000000,  0.000000,  0.000000,  0.000000,  0.000000,  0.000000,  0.000000,  0.000000,  0.000000,  0.000000,  0.000000,  0.000000,  0.000000,  0.000000,  0.000000,  0.000000,  0.000000,  0.000000,  0.000000,  0.000000,  0.000000,  0.000000,  0.000000,  0.000000,  0.000000,  0.000000,  0.000000,  0.000000,  0.000000,  0.000000,  0.000000,  0.000000,  0.000000,  0.000000,  0.000000,  0.000000,  0.000000,  0.000000,  0.000000,  0.000000,  0.000000,  0.000000,  0.000000,  0.000000,  0.000000,  0.000000,  0.000000,  0.000000,  0.000000,  0.000000,  0.000000,  0.000000,  0.000000,  0.000000,  0.000000,  0.000000,  0.000000,  0.000000,  0.000000,  0.000000,  0.000000,  0.000000,  0.000000,  0.000000,  0.000000,  0.000000,  0.000000,  0.000000,  0.000000,  0.000000,  0.000000,  0.000000,  0.000000,  0.000000,  0.000000,  0.000000,  0.000000,  0.000000,  0.000000,  0.000000,  0.000000 ]
f3=0.329723 a3=0.670277
f4=0.151640 a4=0.518637
f5=0.083015 a5=0.435621
f6=0.050742 a6=0.384879
f7=0.033467 a7=0.351413
f8=0.023336 a8=0.328076
f9=0.016979 a9=0.311097
f10=0.311097
[ 0.329723,  0.151640,  0.083015,  0.050742,  0.033467,  0.023336,  0.016979, 0.311097]
0.311097 == 0.311097
