Repeated 0 time
f2=0.512817 a2=0.487183
f3=0.186095 a3=0.301088
f4=0.090654 a4=0.210433
f5=0.051893 a5=0.158540
f6=0.032897 a6=0.125643
f7=0.022377 a7=0.103266
f8=0.016026 a8=0.087241
f9=0.011938 a9=0.075303
f10=0.009174 a10=0.066129
f11=0.007229 a11=0.058900
f12=0.005815 a12=0.053085
f13=0.004761 a13=0.048324
f14=0.003956 a14=0.044368
f15=0.003329 a15=0.041039
f16=0.002833 a16=0.038207
f17=0.002435 a17=0.035772
f18=0.002110 a18=0.033662
f19=0.001844 a19=0.031818
f20=0.031818
[ 0.512817,  0.186095,  0.090654,  0.051893,  0.032897,  0.022377,  0.016026,  0.011938,  0.009174,  0.007229,  0.005815,  0.004761,  0.003956,  0.003329,  0.002833,  0.002435,  0.002110,  0.001844, 0.031818]
0.031818 == 0.031818

total 91914 nodes
[ 0.001131,  0.514242,  0.183791,  0.090237,  0.052266,  0.031627,  0.024207,  0.014274,  0.013339,  0.007453,  0.008475,  0.005570,  0.004548,  0.005940,  0.001980,  0.000870,  0.004896,  0.003166,  0.002143,  0.029843,  0.000000,  0.000000,  0.000000,  0.000000,  0.000000,  0.000000,  0.000000,  0.000000,  0.000000,  0.000000,  0.000000,  0.000000,  0.000000,  0.000000,  0.000000,  0.000000,  0.000000,  0.000000,  0.000000,  0.000000,  0.000000,  0.000000,  0.000000,  0.000000,  0.000000,  0.000000,  0.000000,  0.000000,  0.000000,  0.000000,  0.000000,  0.000000,  0.000000,  0.000000,  0.000000,  0.000000,  0.000000,  0.000000,  0.000000,  0.000000,  0.000000,  0.000000,  0.000000,  0.000000,  0.000000,  0.000000,  0.000000,  0.000000,  0.000000,  0.000000,  0.000000,  0.000000,  0.000000,  0.000000,  0.000000,  0.000000,  0.000000,  0.000000,  0.000000,  0.000000,  0.000000,  0.000000,  0.000000,  0.000000,  0.000000,  0.000000,  0.000000,  0.000000,  0.000000,  0.000000,  0.000000,  0.000000,  0.000000,  0.000000,  0.000000,  0.000000,  0.000000,  0.000000,  0.000000,  0.000000,  0.000000,  0.000000,  0.000000,  0.000000,  0.000000,  0.000000,  0.000000,  0.000000,  0.000000,  0.000000,  0.000000,  0.000000,  0.000000,  0.000000,  0.000000,  0.000000,  0.000000,  0.000000,  0.000000,  0.000000,  0.000000,  0.000000,  0.000000,  0.000000,  0.000000,  0.000000,  0.000000,  0.000000,  0.000000,  0.000000,  0.000000,  0.000000,  0.000000,  0.000000,  0.000000,  0.000000,  0.000000,  0.000000,  0.000000,  0.000000,  0.000000,  0.000000,  0.000000,  0.000000,  0.000000,  0.000000,  0.000000,  0.000000,  0.000000,  0.000000,  0.000000,  0.000000,  0.000000,  0.000000,  0.000000,  0.000000,  0.000000,  0.000000,  0.000000,  0.000000,  0.000000,  0.000000,  0.000000,  0.000000,  0.000000,  0.000000,  0.000000,  0.000000,  0.000000,  0.000000,  0.000000,  0.000000,  0.000000,  0.000000,  0.000000,  0.000000,  0.000000,  0.000000,  0.000000,  0.000000,  0.000000,  0.000000,  0.000000,  0.000000,  0.000000,  0.000000,  0.000000,  0.000000,  0.000000,  0.000000,  0.000000,  0.000000,  0.000000,  0.000000,  0.000000,  0.000000,  0.000000,  0.000000,  0.000000,  0.000000 ]
checksum = 1.000000
Repeated 1 time
f2=0.512817 a2=0.487183
f3=0.186095 a3=0.301088
f4=0.090654 a4=0.210433
f5=0.051893 a5=0.158540
f6=0.032897 a6=0.125643
f7=0.022377 a7=0.103266
f8=0.016026 a8=0.087241
f9=0.011938 a9=0.075303
f10=0.009174 a10=0.066129
f11=0.007229 a11=0.058900
f12=0.005815 a12=0.053085
f13=0.004761 a13=0.048324
f14=0.003956 a14=0.044368
f15=0.003329 a15=0.041039
f16=0.002833 a16=0.038207
f17=0.002435 a17=0.035772
f18=0.002110 a18=0.033662
f19=0.001844 a19=0.031818
f20=0.031818
[ 0.512817,  0.186095,  0.090654,  0.051893,  0.032897,  0.022377,  0.016026,  0.011938,  0.009174,  0.007229,  0.005815,  0.004761,  0.003956,  0.003329,  0.002833,  0.002435,  0.002110,  0.001844, 0.031818]
0.031818 == 0.031818

total 91778 nodes
[ 0.000610,  0.513010,  0.185611,  0.087472,  0.053836,  0.036686,  0.019820,  0.013816,  0.011800,  0.011016,  0.006952,  0.008281,  0.006222,  0.001340,  0.002778,  0.003617,  0.002550,  0.002168,  0.001831,  0.030585,  0.000000,  0.000000,  0.000000,  0.000000,  0.000000,  0.000000,  0.000000,  0.000000,  0.000000,  0.000000,  0.000000,  0.000000,  0.000000,  0.000000,  0.000000,  0.000000,  0.000000,  0.000000,  0.000000,  0.000000,  0.000000,  0.000000,  0.000000,  0.000000,  0.000000,  0.000000,  0.000000,  0.000000,  0.000000,  0.000000,  0.000000,  0.000000,  0.000000,  0.000000,  0.000000,  0.000000,  0.000000,  0.000000,  0.000000,  0.000000,  0.000000,  0.000000,  0.000000,  0.000000,  0.000000,  0.000000,  0.000000,  0.000000,  0.000000,  0.000000,  0.000000,  0.000000,  0.000000,  0.000000,  0.000000,  0.000000,  0.000000,  0.000000,  0.000000,  0.000000,  0.000000,  0.000000,  0.000000,  0.000000,  0.000000,  0.000000,  0.000000,  0.000000,  0.000000,  0.000000,  0.000000,  0.000000,  0.000000,  0.000000,  0.000000,  0.000000,  0.000000,  0.000000,  0.000000,  0.000000,  0.000000,  0.000000,  0.000000,  0.000000,  0.000000,  0.000000,  0.000000,  0.000000,  0.000000,  0.000000,  0.000000,  0.000000,  0.000000,  0.000000,  0.000000,  0.000000,  0.000000,  0.000000,  0.000000,  0.000000,  0.000000,  0.000000,  0.000000,  0.000000,  0.000000,  0.000000,  0.000000,  0.000000,  0.000000,  0.000000,  0.000000,  0.000000,  0.000000,  0.000000,  0.000000,  0.000000,  0.000000,  0.000000,  0.000000,  0.000000,  0.000000,  0.000000,  0.000000,  0.000000,  0.000000,  0.000000,  0.000000,  0.000000,  0.000000,  0.000000,  0.000000,  0.000000,  0.000000,  0.000000,  0.000000,  0.000000,  0.000000,  0.000000,  0.000000,  0.000000,  0.000000,  0.000000,  0.000000,  0.000000,  0.000000,  0.000000,  0.000000,  0.000000,  0.000000,  0.000000,  0.000000,  0.000000,  0.000000,  0.000000,  0.000000,  0.000000,  0.000000,  0.000000,  0.000000,  0.000000,  0.000000,  0.000000,  0.000000,  0.000000,  0.000000,  0.000000,  0.000000,  0.000000,  0.000000,  0.000000,  0.000000,  0.000000,  0.000000,  0.000000,  0.000000,  0.000000,  0.000000,  0.000000,  0.000000,  0.000000 ]
checksum = 1.000000
Repeated 2 time
f2=0.512817 a2=0.487183
f3=0.186095 a3=0.301088
f4=0.090654 a4=0.210433
f5=0.051893 a5=0.158540
f6=0.032897 a6=0.125643
f7=0.022377 a7=0.103266
f8=0.016026 a8=0.087241
f9=0.011938 a9=0.075303
f10=0.009174 a10=0.066129
f11=0.007229 a11=0.058900
f12=0.005815 a12=0.053085
f13=0.004761 a13=0.048324
f14=0.003956 a14=0.044368
f15=0.003329 a15=0.041039
f16=0.002833 a16=0.038207
f17=0.002435 a17=0.035772
f18=0.002110 a18=0.033662
f19=0.001844 a19=0.031818
f20=0.031818
[ 0.512817,  0.186095,  0.090654,  0.051893,  0.032897,  0.022377,  0.016026,  0.011938,  0.009174,  0.007229,  0.005815,  0.004761,  0.003956,  0.003329,  0.002833,  0.002435,  0.002110,  0.001844, 0.031818]
0.031818 == 0.031818

total 91660 nodes
[ 0.000284,  0.512121,  0.187574,  0.084890,  0.058575,  0.031028,  0.022660,  0.015547,  0.012754,  0.007081,  0.008444,  0.006371,  0.003644,  0.005771,  0.002433,  0.003022,  0.002640,  0.003000,  0.001800,  0.030362,  0.000000,  0.000000,  0.000000,  0.000000,  0.000000,  0.000000,  0.000000,  0.000000,  0.000000,  0.000000,  0.000000,  0.000000,  0.000000,  0.000000,  0.000000,  0.000000,  0.000000,  0.000000,  0.000000,  0.000000,  0.000000,  0.000000,  0.000000,  0.000000,  0.000000,  0.000000,  0.000000,  0.000000,  0.000000,  0.000000,  0.000000,  0.000000,  0.000000,  0.000000,  0.000000,  0.000000,  0.000000,  0.000000,  0.000000,  0.000000,  0.000000,  0.000000,  0.000000,  0.000000,  0.000000,  0.000000,  0.000000,  0.000000,  0.000000,  0.000000,  0.000000,  0.000000,  0.000000,  0.000000,  0.000000,  0.000000,  0.000000,  0.000000,  0.000000,  0.000000,  0.000000,  0.000000,  0.000000,  0.000000,  0.000000,  0.000000,  0.000000,  0.000000,  0.000000,  0.000000,  0.000000,  0.000000,  0.000000,  0.000000,  0.000000,  0.000000,  0.000000,  0.000000,  0.000000,  0.000000,  0.000000,  0.000000,  0.000000,  0.000000,  0.000000,  0.000000,  0.000000,  0.000000,  0.000000,  0.000000,  0.000000,  0.000000,  0.000000,  0.000000,  0.000000,  0.000000,  0.000000,  0.000000,  0.000000,  0.000000,  0.000000,  0.000000,  0.000000,  0.000000,  0.000000,  0.000000,  0.000000,  0.000000,  0.000000,  0.000000,  0.000000,  0.000000,  0.000000,  0.000000,  0.000000,  0.000000,  0.000000,  0.000000,  0.000000,  0.000000,  0.000000,  0.000000,  0.000000,  0.000000,  0.000000,  0.000000,  0.000000,  0.000000,  0.000000,  0.000000,  0.000000,  0.000000,  0.000000,  0.000000,  0.000000,  0.000000,  0.000000,  0.000000,  0.000000,  0.000000,  0.000000,  0.000000,  0.000000,  0.000000,  0.000000,  0.000000,  0.000000,  0.000000,  0.000000,  0.000000,  0.000000,  0.000000,  0.000000,  0.000000,  0.000000,  0.000000,  0.000000,  0.000000,  0.000000,  0.000000,  0.000000,  0.000000,  0.000000,  0.000000,  0.000000,  0.000000,  0.000000,  0.000000,  0.000000,  0.000000,  0.000000,  0.000000,  0.000000,  0.000000,  0.000000,  0.000000,  0.000000,  0.000000,  0.000000,  0.000000 ]
checksum = 1.000000
Repeated 3 time
f2=0.512817 a2=0.487183
f3=0.186095 a3=0.301088
f4=0.090654 a4=0.210433
f5=0.051893 a5=0.158540
f6=0.032897 a6=0.125643
f7=0.022377 a7=0.103266
f8=0.016026 a8=0.087241
f9=0.011938 a9=0.075303
f10=0.009174 a10=0.066129
f11=0.007229 a11=0.058900
f12=0.005815 a12=0.053085
f13=0.004761 a13=0.048324
f14=0.003956 a14=0.044368
f15=0.003329 a15=0.041039
f16=0.002833 a16=0.038207
f17=0.002435 a17=0.035772
f18=0.002110 a18=0.033662
f19=0.001844 a19=0.031818
f20=0.031818
[ 0.512817,  0.186095,  0.090654,  0.051893,  0.032897,  0.022377,  0.016026,  0.011938,  0.009174,  0.007229,  0.005815,  0.004761,  0.003956,  0.003329,  0.002833,  0.002435,  0.002110,  0.001844, 0.031818]
0.031818 == 0.031818

total 91792 nodes
[ 0.000795,  0.511504,  0.182794,  0.091075,  0.054340,  0.035907,  0.019381,  0.020165,  0.010262,  0.008214,  0.008617,  0.004706,  0.003541,  0.002506,  0.005719,  0.003225,  0.002429,  0.002005,  0.001013,  0.031800,  0.000000,  0.000000,  0.000000,  0.000000,  0.000000,  0.000000,  0.000000,  0.000000,  0.000000,  0.000000,  0.000000,  0.000000,  0.000000,  0.000000,  0.000000,  0.000000,  0.000000,  0.000000,  0.000000,  0.000000,  0.000000,  0.000000,  0.000000,  0.000000,  0.000000,  0.000000,  0.000000,  0.000000,  0.000000,  0.000000,  0.000000,  0.000000,  0.000000,  0.000000,  0.000000,  0.000000,  0.000000,  0.000000,  0.000000,  0.000000,  0.000000,  0.000000,  0.000000,  0.000000,  0.000000,  0.000000,  0.000000,  0.000000,  0.000000,  0.000000,  0.000000,  0.000000,  0.000000,  0.000000,  0.000000,  0.000000,  0.000000,  0.000000,  0.000000,  0.000000,  0.000000,  0.000000,  0.000000,  0.000000,  0.000000,  0.000000,  0.000000,  0.000000,  0.000000,  0.000000,  0.000000,  0.000000,  0.000000,  0.000000,  0.000000,  0.000000,  0.000000,  0.000000,  0.000000,  0.000000,  0.000000,  0.000000,  0.000000,  0.000000,  0.000000,  0.000000,  0.000000,  0.000000,  0.000000,  0.000000,  0.000000,  0.000000,  0.000000,  0.000000,  0.000000,  0.000000,  0.000000,  0.000000,  0.000000,  0.000000,  0.000000,  0.000000,  0.000000,  0.000000,  0.000000,  0.000000,  0.000000,  0.000000,  0.000000,  0.000000,  0.000000,  0.000000,  0.000000,  0.000000,  0.000000,  0.000000,  0.000000,  0.000000,  0.000000,  0.000000,  0.000000,  0.000000,  0.000000,  0.000000,  0.000000,  0.000000,  0.000000,  0.000000,  0.000000,  0.000000,  0.000000,  0.000000,  0.000000,  0.000000,  0.000000,  0.000000,  0.000000,  0.000000,  0.000000,  0.000000,  0.000000,  0.000000,  0.000000,  0.000000,  0.000000,  0.000000,  0.000000,  0.000000,  0.000000,  0.000000,  0.000000,  0.000000,  0.000000,  0.000000,  0.000000,  0.000000,  0.000000,  0.000000,  0.000000,  0.000000,  0.000000,  0.000000,  0.000000,  0.000000,  0.000000,  0.000000,  0.000000,  0.000000,  0.000000,  0.000000,  0.000000,  0.000000,  0.000000,  0.000000,  0.000000,  0.000000,  0.000000,  0.000000,  0.000000,  0.000000 ]
checksum = 1.000000
Repeated 4 time
f2=0.512817 a2=0.487183
f3=0.186095 a3=0.301088
f4=0.090654 a4=0.210433
f5=0.051893 a5=0.158540
f6=0.032897 a6=0.125643
f7=0.022377 a7=0.103266
f8=0.016026 a8=0.087241
f9=0.011938 a9=0.075303
f10=0.009174 a10=0.066129
f11=0.007229 a11=0.058900
f12=0.005815 a12=0.053085
f13=0.004761 a13=0.048324
f14=0.003956 a14=0.044368
f15=0.003329 a15=0.041039
f16=0.002833 a16=0.038207
f17=0.002435 a17=0.035772
f18=0.002110 a18=0.033662
f19=0.001844 a19=0.031818
f20=0.031818
[ 0.512817,  0.186095,  0.090654,  0.051893,  0.032897,  0.022377,  0.016026,  0.011938,  0.009174,  0.007229,  0.005815,  0.004761,  0.003956,  0.003329,  0.002833,  0.002435,  0.002110,  0.001844, 0.031818]
0.031818 == 0.031818

total 91794 nodes
[ 0.000872,  0.510480,  0.183345,  0.094592,  0.050417,  0.034349,  0.022561,  0.016003,  0.014347,  0.006613,  0.006732,  0.007593,  0.005175,  0.002680,  0.004521,  0.003181,  0.001863,  0.000784,  0.004543,  0.029348,  0.000000,  0.000000,  0.000000,  0.000000,  0.000000,  0.000000,  0.000000,  0.000000,  0.000000,  0.000000,  0.000000,  0.000000,  0.000000,  0.000000,  0.000000,  0.000000,  0.000000,  0.000000,  0.000000,  0.000000,  0.000000,  0.000000,  0.000000,  0.000000,  0.000000,  0.000000,  0.000000,  0.000000,  0.000000,  0.000000,  0.000000,  0.000000,  0.000000,  0.000000,  0.000000,  0.000000,  0.000000,  0.000000,  0.000000,  0.000000,  0.000000,  0.000000,  0.000000,  0.000000,  0.000000,  0.000000,  0.000000,  0.000000,  0.000000,  0.000000,  0.000000,  0.000000,  0.000000,  0.000000,  0.000000,  0.000000,  0.000000,  0.000000,  0.000000,  0.000000,  0.000000,  0.000000,  0.000000,  0.000000,  0.000000,  0.000000,  0.000000,  0.000000,  0.000000,  0.000000,  0.000000,  0.000000,  0.000000,  0.000000,  0.000000,  0.000000,  0.000000,  0.000000,  0.000000,  0.000000,  0.000000,  0.000000,  0.000000,  0.000000,  0.000000,  0.000000,  0.000000,  0.000000,  0.000000,  0.000000,  0.000000,  0.000000,  0.000000,  0.000000,  0.000000,  0.000000,  0.000000,  0.000000,  0.000000,  0.000000,  0.000000,  0.000000,  0.000000,  0.000000,  0.000000,  0.000000,  0.000000,  0.000000,  0.000000,  0.000000,  0.000000,  0.000000,  0.000000,  0.000000,  0.000000,  0.000000,  0.000000,  0.000000,  0.000000,  0.000000,  0.000000,  0.000000,  0.000000,  0.000000,  0.000000,  0.000000,  0.000000,  0.000000,  0.000000,  0.000000,  0.000000,  0.000000,  0.000000,  0.000000,  0.000000,  0.000000,  0.000000,  0.000000,  0.000000,  0.000000,  0.000000,  0.000000,  0.000000,  0.000000,  0.000000,  0.000000,  0.000000,  0.000000,  0.000000,  0.000000,  0.000000,  0.000000,  0.000000,  0.000000,  0.000000,  0.000000,  0.000000,  0.000000,  0.000000,  0.000000,  0.000000,  0.000000,  0.000000,  0.000000,  0.000000,  0.000000,  0.000000,  0.000000,  0.000000,  0.000000,  0.000000,  0.000000,  0.000000,  0.000000,  0.000000,  0.000000,  0.000000,  0.000000,  0.000000,  0.000000 ]
checksum = 1.000000
Repeated 5 time
f2=0.512817 a2=0.487183
f3=0.186095 a3=0.301088
f4=0.090654 a4=0.210433
f5=0.051893 a5=0.158540
f6=0.032897 a6=0.125643
f7=0.022377 a7=0.103266
f8=0.016026 a8=0.087241
f9=0.011938 a9=0.075303
f10=0.009174 a10=0.066129
f11=0.007229 a11=0.058900
f12=0.005815 a12=0.053085
f13=0.004761 a13=0.048324
f14=0.003956 a14=0.044368
f15=0.003329 a15=0.041039
f16=0.002833 a16=0.038207
f17=0.002435 a17=0.035772
f18=0.002110 a18=0.033662
f19=0.001844 a19=0.031818
f20=0.031818
[ 0.512817,  0.186095,  0.090654,  0.051893,  0.032897,  0.022377,  0.016026,  0.011938,  0.009174,  0.007229,  0.005815,  0.004761,  0.003956,  0.003329,  0.002833,  0.002435,  0.002110,  0.001844, 0.031818]
0.031818 == 0.031818

total 92034 nodes
[ 0.001000,  0.509562,  0.191571,  0.086262,  0.049884,  0.034237,  0.026577,  0.017820,  0.008855,  0.005824,  0.010224,  0.004368,  0.005248,  0.003075,  0.005205,  0.003999,  0.001793,  0.001532,  0.002358,  0.030608,  0.000000,  0.000000,  0.000000,  0.000000,  0.000000,  0.000000,  0.000000,  0.000000,  0.000000,  0.000000,  0.000000,  0.000000,  0.000000,  0.000000,  0.000000,  0.000000,  0.000000,  0.000000,  0.000000,  0.000000,  0.000000,  0.000000,  0.000000,  0.000000,  0.000000,  0.000000,  0.000000,  0.000000,  0.000000,  0.000000,  0.000000,  0.000000,  0.000000,  0.000000,  0.000000,  0.000000,  0.000000,  0.000000,  0.000000,  0.000000,  0.000000,  0.000000,  0.000000,  0.000000,  0.000000,  0.000000,  0.000000,  0.000000,  0.000000,  0.000000,  0.000000,  0.000000,  0.000000,  0.000000,  0.000000,  0.000000,  0.000000,  0.000000,  0.000000,  0.000000,  0.000000,  0.000000,  0.000000,  0.000000,  0.000000,  0.000000,  0.000000,  0.000000,  0.000000,  0.000000,  0.000000,  0.000000,  0.000000,  0.000000,  0.000000,  0.000000,  0.000000,  0.000000,  0.000000,  0.000000,  0.000000,  0.000000,  0.000000,  0.000000,  0.000000,  0.000000,  0.000000,  0.000000,  0.000000,  0.000000,  0.000000,  0.000000,  0.000000,  0.000000,  0.000000,  0.000000,  0.000000,  0.000000,  0.000000,  0.000000,  0.000000,  0.000000,  0.000000,  0.000000,  0.000000,  0.000000,  0.000000,  0.000000,  0.000000,  0.000000,  0.000000,  0.000000,  0.000000,  0.000000,  0.000000,  0.000000,  0.000000,  0.000000,  0.000000,  0.000000,  0.000000,  0.000000,  0.000000,  0.000000,  0.000000,  0.000000,  0.000000,  0.000000,  0.000000,  0.000000,  0.000000,  0.000000,  0.000000,  0.000000,  0.000000,  0.000000,  0.000000,  0.000000,  0.000000,  0.000000,  0.000000,  0.000000,  0.000000,  0.000000,  0.000000,  0.000000,  0.000000,  0.000000,  0.000000,  0.000000,  0.000000,  0.000000,  0.000000,  0.000000,  0.000000,  0.000000,  0.000000,  0.000000,  0.000000,  0.000000,  0.000000,  0.000000,  0.000000,  0.000000,  0.000000,  0.000000,  0.000000,  0.000000,  0.000000,  0.000000,  0.000000,  0.000000,  0.000000,  0.000000,  0.000000,  0.000000,  0.000000,  0.000000,  0.000000,  0.000000 ]
checksum = 1.000000
Repeated 6 time
f2=0.512817 a2=0.487183
f3=0.186095 a3=0.301088
f4=0.090654 a4=0.210433
f5=0.051893 a5=0.158540
f6=0.032897 a6=0.125643
f7=0.022377 a7=0.103266
f8=0.016026 a8=0.087241
f9=0.011938 a9=0.075303
f10=0.009174 a10=0.066129
f11=0.007229 a11=0.058900
f12=0.005815 a12=0.053085
f13=0.004761 a13=0.048324
f14=0.003956 a14=0.044368
f15=0.003329 a15=0.041039
f16=0.002833 a16=0.038207
f17=0.002435 a17=0.035772
f18=0.002110 a18=0.033662
f19=0.001844 a19=0.031818
f20=0.031818
[ 0.512817,  0.186095,  0.090654,  0.051893,  0.032897,  0.022377,  0.016026,  0.011938,  0.009174,  0.007229,  0.005815,  0.004761,  0.003956,  0.003329,  0.002833,  0.002435,  0.002110,  0.001844, 0.031818]
0.031818 == 0.031818

total 91671 nodes
[ 0.000949,  0.510140,  0.190082,  0.083745,  0.058754,  0.026421,  0.028319,  0.016079,  0.010679,  0.008465,  0.010734,  0.004134,  0.003163,  0.004745,  0.002902,  0.002771,  0.003491,  0.000982,  0.003654,  0.029791,  0.000000,  0.000000,  0.000000,  0.000000,  0.000000,  0.000000,  0.000000,  0.000000,  0.000000,  0.000000,  0.000000,  0.000000,  0.000000,  0.000000,  0.000000,  0.000000,  0.000000,  0.000000,  0.000000,  0.000000,  0.000000,  0.000000,  0.000000,  0.000000,  0.000000,  0.000000,  0.000000,  0.000000,  0.000000,  0.000000,  0.000000,  0.000000,  0.000000,  0.000000,  0.000000,  0.000000,  0.000000,  0.000000,  0.000000,  0.000000,  0.000000,  0.000000,  0.000000,  0.000000,  0.000000,  0.000000,  0.000000,  0.000000,  0.000000,  0.000000,  0.000000,  0.000000,  0.000000,  0.000000,  0.000000,  0.000000,  0.000000,  0.000000,  0.000000,  0.000000,  0.000000,  0.000000,  0.000000,  0.000000,  0.000000,  0.000000,  0.000000,  0.000000,  0.000000,  0.000000,  0.000000,  0.000000,  0.000000,  0.000000,  0.000000,  0.000000,  0.000000,  0.000000,  0.000000,  0.000000,  0.000000,  0.000000,  0.000000,  0.000000,  0.000000,  0.000000,  0.000000,  0.000000,  0.000000,  0.000000,  0.000000,  0.000000,  0.000000,  0.000000,  0.000000,  0.000000,  0.000000,  0.000000,  0.000000,  0.000000,  0.000000,  0.000000,  0.000000,  0.000000,  0.000000,  0.000000,  0.000000,  0.000000,  0.000000,  0.000000,  0.000000,  0.000000,  0.000000,  0.000000,  0.000000,  0.000000,  0.000000,  0.000000,  0.000000,  0.000000,  0.000000,  0.000000,  0.000000,  0.000000,  0.000000,  0.000000,  0.000000,  0.000000,  0.000000,  0.000000,  0.000000,  0.000000,  0.000000,  0.000000,  0.000000,  0.000000,  0.000000,  0.000000,  0.000000,  0.000000,  0.000000,  0.000000,  0.000000,  0.000000,  0.000000,  0.000000,  0.000000,  0.000000,  0.000000,  0.000000,  0.000000,  0.000000,  0.000000,  0.000000,  0.000000,  0.000000,  0.000000,  0.000000,  0.000000,  0.000000,  0.000000,  0.000000,  0.000000,  0.000000,  0.000000,  0.000000,  0.000000,  0.000000,  0.000000,  0.000000,  0.000000,  0.000000,  0.000000,  0.000000,  0.000000,  0.000000,  0.000000,  0.000000,  0.000000,  0.000000 ]
checksum = 1.000000
Repeated 7 time
f2=0.512817 a2=0.487183
f3=0.186095 a3=0.301088
f4=0.090654 a4=0.210433
f5=0.051893 a5=0.158540
f6=0.032897 a6=0.125643
f7=0.022377 a7=0.103266
f8=0.016026 a8=0.087241
f9=0.011938 a9=0.075303
f10=0.009174 a10=0.066129
f11=0.007229 a11=0.058900
f12=0.005815 a12=0.053085
f13=0.004761 a13=0.048324
f14=0.003956 a14=0.044368
f15=0.003329 a15=0.041039
f16=0.002833 a16=0.038207
f17=0.002435 a17=0.035772
f18=0.002110 a18=0.033662
f19=0.001844 a19=0.031818
f20=0.031818
[ 0.512817,  0.186095,  0.090654,  0.051893,  0.032897,  0.022377,  0.016026,  0.011938,  0.009174,  0.007229,  0.005815,  0.004761,  0.003956,  0.003329,  0.002833,  0.002435,  0.002110,  0.001844, 0.031818]
0.031818 == 0.031818

total 91814 nodes
[ 0.000479,  0.510794,  0.188468,  0.089768,  0.050581,  0.032871,  0.021729,  0.016653,  0.013048,  0.010641,  0.004302,  0.008201,  0.005010,  0.004400,  0.002777,  0.002745,  0.000697,  0.003453,  0.002037,  0.031346,  0.000000,  0.000000,  0.000000,  0.000000,  0.000000,  0.000000,  0.000000,  0.000000,  0.000000,  0.000000,  0.000000,  0.000000,  0.000000,  0.000000,  0.000000,  0.000000,  0.000000,  0.000000,  0.000000,  0.000000,  0.000000,  0.000000,  0.000000,  0.000000,  0.000000,  0.000000,  0.000000,  0.000000,  0.000000,  0.000000,  0.000000,  0.000000,  0.000000,  0.000000,  0.000000,  0.000000,  0.000000,  0.000000,  0.000000,  0.000000,  0.000000,  0.000000,  0.000000,  0.000000,  0.000000,  0.000000,  0.000000,  0.000000,  0.000000,  0.000000,  0.000000,  0.000000,  0.000000,  0.000000,  0.000000,  0.000000,  0.000000,  0.000000,  0.000000,  0.000000,  0.000000,  0.000000,  0.000000,  0.000000,  0.000000,  0.000000,  0.000000,  0.000000,  0.000000,  0.000000,  0.000000,  0.000000,  0.000000,  0.000000,  0.000000,  0.000000,  0.000000,  0.000000,  0.000000,  0.000000,  0.000000,  0.000000,  0.000000,  0.000000,  0.000000,  0.000000,  0.000000,  0.000000,  0.000000,  0.000000,  0.000000,  0.000000,  0.000000,  0.000000,  0.000000,  0.000000,  0.000000,  0.000000,  0.000000,  0.000000,  0.000000,  0.000000,  0.000000,  0.000000,  0.000000,  0.000000,  0.000000,  0.000000,  0.000000,  0.000000,  0.000000,  0.000000,  0.000000,  0.000000,  0.000000,  0.000000,  0.000000,  0.000000,  0.000000,  0.000000,  0.000000,  0.000000,  0.000000,  0.000000,  0.000000,  0.000000,  0.000000,  0.000000,  0.000000,  0.000000,  0.000000,  0.000000,  0.000000,  0.000000,  0.000000,  0.000000,  0.000000,  0.000000,  0.000000,  0.000000,  0.000000,  0.000000,  0.000000,  0.000000,  0.000000,  0.000000,  0.000000,  0.000000,  0.000000,  0.000000,  0.000000,  0.000000,  0.000000,  0.000000,  0.000000,  0.000000,  0.000000,  0.000000,  0.000000,  0.000000,  0.000000,  0.000000,  0.000000,  0.000000,  0.000000,  0.000000,  0.000000,  0.000000,  0.000000,  0.000000,  0.000000,  0.000000,  0.000000,  0.000000,  0.000000,  0.000000,  0.000000,  0.000000,  0.000000,  0.000000 ]
checksum = 1.000000
Repeated 8 time
f2=0.512817 a2=0.487183
f3=0.186095 a3=0.301088
f4=0.090654 a4=0.210433
f5=0.051893 a5=0.158540
f6=0.032897 a6=0.125643
f7=0.022377 a7=0.103266
f8=0.016026 a8=0.087241
f9=0.011938 a9=0.075303
f10=0.009174 a10=0.066129
f11=0.007229 a11=0.058900
f12=0.005815 a12=0.053085
f13=0.004761 a13=0.048324
f14=0.003956 a14=0.044368
f15=0.003329 a15=0.041039
f16=0.002833 a16=0.038207
f17=0.002435 a17=0.035772
f18=0.002110 a18=0.033662
f19=0.001844 a19=0.031818
f20=0.031818
[ 0.512817,  0.186095,  0.090654,  0.051893,  0.032897,  0.022377,  0.016026,  0.011938,  0.009174,  0.007229,  0.005815,  0.004761,  0.003956,  0.003329,  0.002833,  0.002435,  0.002110,  0.001844, 0.031818]
0.031818 == 0.031818

total 91766 nodes
[ 0.000915,  0.505503,  0.191422,  0.091570,  0.052950,  0.033455,  0.025816,  0.010821,  0.012946,  0.009535,  0.005808,  0.006418,  0.005340,  0.005405,  0.001003,  0.003901,  0.001068,  0.003084,  0.001580,  0.031460,  0.000000,  0.000000,  0.000000,  0.000000,  0.000000,  0.000000,  0.000000,  0.000000,  0.000000,  0.000000,  0.000000,  0.000000,  0.000000,  0.000000,  0.000000,  0.000000,  0.000000,  0.000000,  0.000000,  0.000000,  0.000000,  0.000000,  0.000000,  0.000000,  0.000000,  0.000000,  0.000000,  0.000000,  0.000000,  0.000000,  0.000000,  0.000000,  0.000000,  0.000000,  0.000000,  0.000000,  0.000000,  0.000000,  0.000000,  0.000000,  0.000000,  0.000000,  0.000000,  0.000000,  0.000000,  0.000000,  0.000000,  0.000000,  0.000000,  0.000000,  0.000000,  0.000000,  0.000000,  0.000000,  0.000000,  0.000000,  0.000000,  0.000000,  0.000000,  0.000000,  0.000000,  0.000000,  0.000000,  0.000000,  0.000000,  0.000000,  0.000000,  0.000000,  0.000000,  0.000000,  0.000000,  0.000000,  0.000000,  0.000000,  0.000000,  0.000000,  0.000000,  0.000000,  0.000000,  0.000000,  0.000000,  0.000000,  0.000000,  0.000000,  0.000000,  0.000000,  0.000000,  0.000000,  0.000000,  0.000000,  0.000000,  0.000000,  0.000000,  0.000000,  0.000000,  0.000000,  0.000000,  0.000000,  0.000000,  0.000000,  0.000000,  0.000000,  0.000000,  0.000000,  0.000000,  0.000000,  0.000000,  0.000000,  0.000000,  0.000000,  0.000000,  0.000000,  0.000000,  0.000000,  0.000000,  0.000000,  0.000000,  0.000000,  0.000000,  0.000000,  0.000000,  0.000000,  0.000000,  0.000000,  0.000000,  0.000000,  0.000000,  0.000000,  0.000000,  0.000000,  0.000000,  0.000000,  0.000000,  0.000000,  0.000000,  0.000000,  0.000000,  0.000000,  0.000000,  0.000000,  0.000000,  0.000000,  0.000000,  0.000000,  0.000000,  0.000000,  0.000000,  0.000000,  0.000000,  0.000000,  0.000000,  0.000000,  0.000000,  0.000000,  0.000000,  0.000000,  0.000000,  0.000000,  0.000000,  0.000000,  0.000000,  0.000000,  0.000000,  0.000000,  0.000000,  0.000000,  0.000000,  0.000000,  0.000000,  0.000000,  0.000000,  0.000000,  0.000000,  0.000000,  0.000000,  0.000000,  0.000000,  0.000000,  0.000000,  0.000000 ]
checksum = 1.000000
Repeated 9 time
f2=0.512817 a2=0.487183
f3=0.186095 a3=0.301088
f4=0.090654 a4=0.210433
f5=0.051893 a5=0.158540
f6=0.032897 a6=0.125643
f7=0.022377 a7=0.103266
f8=0.016026 a8=0.087241
f9=0.011938 a9=0.075303
f10=0.009174 a10=0.066129
f11=0.007229 a11=0.058900
f12=0.005815 a12=0.053085
f13=0.004761 a13=0.048324
f14=0.003956 a14=0.044368
f15=0.003329 a15=0.041039
f16=0.002833 a16=0.038207
f17=0.002435 a17=0.035772
f18=0.002110 a18=0.033662
f19=0.001844 a19=0.031818
f20=0.031818
[ 0.512817,  0.186095,  0.090654,  0.051893,  0.032897,  0.022377,  0.016026,  0.011938,  0.009174,  0.007229,  0.005815,  0.004761,  0.003956,  0.003329,  0.002833,  0.002435,  0.002110,  0.001844, 0.031818]
0.031818 == 0.031818

total 92614 nodes
[ 0.000605,  0.509718,  0.184486,  0.097858,  0.051169,  0.032015,  0.020137,  0.013810,  0.012525,  0.012309,  0.007731,  0.005593,  0.006468,  0.001199,  0.004956,  0.001199,  0.003660,  0.001944,  0.001911,  0.030708,  0.000000,  0.000000,  0.000000,  0.000000,  0.000000,  0.000000,  0.000000,  0.000000,  0.000000,  0.000000,  0.000000,  0.000000,  0.000000,  0.000000,  0.000000,  0.000000,  0.000000,  0.000000,  0.000000,  0.000000,  0.000000,  0.000000,  0.000000,  0.000000,  0.000000,  0.000000,  0.000000,  0.000000,  0.000000,  0.000000,  0.000000,  0.000000,  0.000000,  0.000000,  0.000000,  0.000000,  0.000000,  0.000000,  0.000000,  0.000000,  0.000000,  0.000000,  0.000000,  0.000000,  0.000000,  0.000000,  0.000000,  0.000000,  0.000000,  0.000000,  0.000000,  0.000000,  0.000000,  0.000000,  0.000000,  0.000000,  0.000000,  0.000000,  0.000000,  0.000000,  0.000000,  0.000000,  0.000000,  0.000000,  0.000000,  0.000000,  0.000000,  0.000000,  0.000000,  0.000000,  0.000000,  0.000000,  0.000000,  0.000000,  0.000000,  0.000000,  0.000000,  0.000000,  0.000000,  0.000000,  0.000000,  0.000000,  0.000000,  0.000000,  0.000000,  0.000000,  0.000000,  0.000000,  0.000000,  0.000000,  0.000000,  0.000000,  0.000000,  0.000000,  0.000000,  0.000000,  0.000000,  0.000000,  0.000000,  0.000000,  0.000000,  0.000000,  0.000000,  0.000000,  0.000000,  0.000000,  0.000000,  0.000000,  0.000000,  0.000000,  0.000000,  0.000000,  0.000000,  0.000000,  0.000000,  0.000000,  0.000000,  0.000000,  0.000000,  0.000000,  0.000000,  0.000000,  0.000000,  0.000000,  0.000000,  0.000000,  0.000000,  0.000000,  0.000000,  0.000000,  0.000000,  0.000000,  0.000000,  0.000000,  0.000000,  0.000000,  0.000000,  0.000000,  0.000000,  0.000000,  0.000000,  0.000000,  0.000000,  0.000000,  0.000000,  0.000000,  0.000000,  0.000000,  0.000000,  0.000000,  0.000000,  0.000000,  0.000000,  0.000000,  0.000000,  0.000000,  0.000000,  0.000000,  0.000000,  0.000000,  0.000000,  0.000000,  0.000000,  0.000000,  0.000000,  0.000000,  0.000000,  0.000000,  0.000000,  0.000000,  0.000000,  0.000000,  0.000000,  0.000000,  0.000000,  0.000000,  0.000000,  0.000000,  0.000000,  0.000000 ]
checksum = 1.000000
====================
[ 0.000000,  0.000764,  0.510707,  0.186914,  0.089747,  0.053277,  0.032860,  0.023121,  0.015499,  0.012056,  0.008715,  0.007802,  0.006124,  0.004836,  0.003706,  0.003427,  0.002853,  0.002509,  0.002212,  0.002287,  0.030585,  0.000000,  0.000000,  0.000000,  0.000000,  0.000000,  0.000000,  0.000000,  0.000000,  0.000000,  0.000000,  0.000000,  0.000000,  0.000000,  0.000000,  0.000000,  0.000000,  0.000000,  0.000000,  0.000000,  0.000000,  0.000000,  0.000000,  0.000000,  0.000000,  0.000000,  0.000000,  0.000000,  0.000000,  0.000000,  0.000000,  0.000000,  0.000000,  0.000000,  0.000000,  0.000000,  0.000000,  0.000000,  0.000000,  0.000000,  0.000000,  0.000000,  0.000000,  0.000000,  0.000000,  0.000000,  0.000000,  0.000000,  0.000000,  0.000000,  0.000000,  0.000000,  0.000000,  0.000000,  0.000000,  0.000000,  0.000000,  0.000000,  0.000000,  0.000000,  0.000000,  0.000000,  0.000000,  0.000000,  0.000000,  0.000000,  0.000000,  0.000000,  0.000000,  0.000000,  0.000000,  0.000000,  0.000000,  0.000000,  0.000000,  0.000000,  0.000000,  0.000000,  0.000000,  0.000000,  0.000000 ]
f2=0.512817 a2=0.487183
f3=0.186095 a3=0.301088
f4=0.090654 a4=0.210433
f5=0.051893 a5=0.158540
f6=0.032897 a6=0.125643
f7=0.022377 a7=0.103266
f8=0.016026 a8=0.087241
f9=0.011938 a9=0.075303
f10=0.009174 a10=0.066129
f11=0.007229 a11=0.058900
f12=0.005815 a12=0.053085
f13=0.004761 a13=0.048324
f14=0.003956 a14=0.044368
f15=0.003329 a15=0.041039
f16=0.002833 a16=0.038207
f17=0.002435 a17=0.035772
f18=0.002110 a18=0.033662
f19=0.001844 a19=0.031818
f20=0.031818
[ 0.512817,  0.186095,  0.090654,  0.051893,  0.032897,  0.022377,  0.016026,  0.011938,  0.009174,  0.007229,  0.005815,  0.004761,  0.003956,  0.003329,  0.002833,  0.002435,  0.002110,  0.001844, 0.031818]
0.031818 == 0.031818
