Repeated 0 time
f3=0.348132 a3=0.651868
f4=0.146868 a4=0.505000
f5=0.075196 a5=0.429804
f6=0.043516 a6=0.386287
f7=0.027404 a7=0.358884
f8=0.018359 a8=0.340525
f9=0.012894 a9=0.327631
f10=0.327631
[ 0.348132,  0.146868,  0.075196,  0.043516,  0.027404,  0.018359,  0.012894, 0.327631]
0.327631 == 0.327631

total 92218 nodes
[ 0.000000,  0.000141,  0.347286,  0.144787,  0.081015,  0.046217,  0.021406,  0.016775,  0.011982,  0.330391,  0.000000,  0.000000,  0.000000,  0.000000,  0.000000,  0.000000,  0.000000,  0.000000,  0.000000,  0.000000,  0.000000,  0.000000,  0.000000,  0.000000,  0.000000,  0.000000,  0.000000,  0.000000,  0.000000,  0.000000,  0.000000,  0.000000,  0.000000,  0.000000,  0.000000,  0.000000,  0.000000,  0.000000,  0.000000,  0.000000,  0.000000,  0.000000,  0.000000,  0.000000,  0.000000,  0.000000,  0.000000,  0.000000,  0.000000,  0.000000,  0.000000,  0.000000,  0.000000,  0.000000,  0.000000,  0.000000,  0.000000,  0.000000,  0.000000,  0.000000,  0.000000,  0.000000,  0.000000,  0.000000,  0.000000,  0.000000,  0.000000,  0.000000,  0.000000,  0.000000,  0.000000,  0.000000,  0.000000,  0.000000,  0.000000,  0.000000,  0.000000,  0.000000,  0.000000,  0.000000,  0.000000,  0.000000,  0.000000,  0.000000,  0.000000,  0.000000,  0.000000,  0.000000,  0.000000,  0.000000,  0.000000,  0.000000,  0.000000,  0.000000,  0.000000,  0.000000,  0.000000,  0.000000,  0.000000,  0.000000 ]
checksum = 1.000000
Repeated 1 time
f3=0.348132 a3=0.651868
f4=0.146868 a4=0.505000
f5=0.075196 a5=0.429804
f6=0.043516 a6=0.386287
f7=0.027404 a7=0.358884
f8=0.018359 a8=0.340525
f9=0.012894 a9=0.327631
f10=0.327631
[ 0.348132,  0.146868,  0.075196,  0.043516,  0.027404,  0.018359,  0.012894, 0.327631]
0.327631 == 0.327631

total 92232 nodes
[ 0.000000,  0.000087,  0.343080,  0.150967,  0.076720,  0.042100,  0.022443,  0.028819,  0.009313,  0.326470,  0.000000,  0.000000,  0.000000,  0.000000,  0.000000,  0.000000,  0.000000,  0.000000,  0.000000,  0.000000,  0.000000,  0.000000,  0.000000,  0.000000,  0.000000,  0.000000,  0.000000,  0.000000,  0.000000,  0.000000,  0.000000,  0.000000,  0.000000,  0.000000,  0.000000,  0.000000,  0.000000,  0.000000,  0.000000,  0.000000,  0.000000,  0.000000,  0.000000,  0.000000,  0.000000,  0.000000,  0.000000,  0.000000,  0.000000,  0.000000,  0.000000,  0.000000,  0.000000,  0.000000,  0.000000,  0.000000,  0.000000,  0.000000,  0.000000,  0.000000,  0.000000,  0.000000,  0.000000,  0.000000,  0.000000,  0.000000,  0.000000,  0.000000,  0.000000,  0.000000,  0.000000,  0.000000,  0.000000,  0.000000,  0.000000,  0.000000,  0.000000,  0.000000,  0.000000,  0.000000,  0.000000,  0.000000,  0.000000,  0.000000,  0.000000,  0.000000,  0.000000,  0.000000,  0.000000,  0.000000,  0.000000,  0.000000,  0.000000,  0.000000,  0.000000,  0.000000,  0.000000,  0.000000,  0.000000,  0.000000 ]
checksum = 1.000000
Repeated 2 time
f3=0.348132 a3=0.651868
f4=0.146868 a4=0.505000
f5=0.075196 a5=0.429804
f6=0.043516 a6=0.386287
f7=0.027404 a7=0.358884
f8=0.018359 a8=0.340525
f9=0.012894 a9=0.327631
f10=0.327631
[ 0.348132,  0.146868,  0.075196,  0.043516,  0.027404,  0.018359,  0.012894, 0.327631]
0.327631 == 0.327631

total 91532 nodes
[ 0.000000,  0.000011,  0.349725,  0.149369,  0.069659,  0.042335,  0.034491,  0.013853,  0.015470,  0.325088,  0.000000,  0.000000,  0.000000,  0.000000,  0.000000,  0.000000,  0.000000,  0.000000,  0.000000,  0.000000,  0.000000,  0.000000,  0.000000,  0.000000,  0.000000,  0.000000,  0.000000,  0.000000,  0.000000,  0.000000,  0.000000,  0.000000,  0.000000,  0.000000,  0.000000,  0.000000,  0.000000,  0.000000,  0.000000,  0.000000,  0.000000,  0.000000,  0.000000,  0.000000,  0.000000,  0.000000,  0.000000,  0.000000,  0.000000,  0.000000,  0.000000,  0.000000,  0.000000,  0.000000,  0.000000,  0.000000,  0.000000,  0.000000,  0.000000,  0.000000,  0.000000,  0.000000,  0.000000,  0.000000,  0.000000,  0.000000,  0.000000,  0.000000,  0.000000,  0.000000,  0.000000,  0.000000,  0.000000,  0.000000,  0.000000,  0.000000,  0.000000,  0.000000,  0.000000,  0.000000,  0.000000,  0.000000,  0.000000,  0.000000,  0.000000,  0.000000,  0.000000,  0.000000,  0.000000,  0.000000,  0.000000,  0.000000,  0.000000,  0.000000,  0.000000,  0.000000,  0.000000,  0.000000,  0.000000,  0.000000 ]
checksum = 1.000000
Repeated 3 time
f3=0.348132 a3=0.651868
f4=0.146868 a4=0.505000
f5=0.075196 a5=0.429804
f6=0.043516 a6=0.386287
f7=0.027404 a7=0.358884
f8=0.018359 a8=0.340525
f9=0.012894 a9=0.327631
f10=0.327631
[ 0.348132,  0.146868,  0.075196,  0.043516,  0.027404,  0.018359,  0.012894, 0.327631]
0.327631 == 0.327631

total 92176 nodes
[ 0.000000,  0.000141,  0.351360,  0.139364,  0.082028,  0.040151,  0.025408,  0.017543,  0.017662,  0.326343,  0.000000,  0.000000,  0.000000,  0.000000,  0.000000,  0.000000,  0.000000,  0.000000,  0.000000,  0.000000,  0.000000,  0.000000,  0.000000,  0.000000,  0.000000,  0.000000,  0.000000,  0.000000,  0.000000,  0.000000,  0.000000,  0.000000,  0.000000,  0.000000,  0.000000,  0.000000,  0.000000,  0.000000,  0.000000,  0.000000,  0.000000,  0.000000,  0.000000,  0.000000,  0.000000,  0.000000,  0.000000,  0.000000,  0.000000,  0.000000,  0.000000,  0.000000,  0.000000,  0.000000,  0.000000,  0.000000,  0.000000,  0.000000,  0.000000,  0.000000,  0.000000,  0.000000,  0.000000,  0.000000,  0.000000,  0.000000,  0.000000,  0.000000,  0.000000,  0.000000,  0.000000,  0.000000,  0.000000,  0.000000,  0.000000,  0.000000,  0.000000,  0.000000,  0.000000,  0.000000,  0.000000,  0.000000,  0.000000,  0.000000,  0.000000,  0.000000,  0.000000,  0.000000,  0.000000,  0.000000,  0.000000,  0.000000,  0.000000,  0.000000,  0.000000,  0.000000,  0.000000,  0.000000,  0.000000,  0.000000 ]
checksum = 1.000000
Repeated 4 time
f3=0.348132 a3=0.651868
f4=0.146868 a4=0.505000
f5=0.075196 a5=0.429804
f6=0.043516 a6=0.386287
f7=0.027404 a7=0.358884
f8=0.018359 a8=0.340525
f9=0.012894 a9=0.327631
f10=0.327631
[ 0.348132,  0.146868,  0.075196,  0.043516,  0.027404,  0.018359,  0.012894, 0.327631]
0.327631 == 0.327631

total 92458 nodes
[ 0.000000,  0.000054,  0.350959,  0.141232,  0.074985,  0.044647,  0.028846,  0.017749,  0.016970,  0.324558,  0.000000,  0.000000,  0.000000,  0.000000,  0.000000,  0.000000,  0.000000,  0.000000,  0.000000,  0.000000,  0.000000,  0.000000,  0.000000,  0.000000,  0.000000,  0.000000,  0.000000,  0.000000,  0.000000,  0.000000,  0.000000,  0.000000,  0.000000,  0.000000,  0.000000,  0.000000,  0.000000,  0.000000,  0.000000,  0.000000,  0.000000,  0.000000,  0.000000,  0.000000,  0.000000,  0.000000,  0.000000,  0.000000,  0.000000,  0.000000,  0.000000,  0.000000,  0.000000,  0.000000,  0.000000,  0.000000,  0.000000,  0.000000,  0.000000,  0.000000,  0.000000,  0.000000,  0.000000,  0.000000,  0.000000,  0.000000,  0.000000,  0.000000,  0.000000,  0.000000,  0.000000,  0.000000,  0.000000,  0.000000,  0.000000,  0.000000,  0.000000,  0.000000,  0.000000,  0.000000,  0.000000,  0.000000,  0.000000,  0.000000,  0.000000,  0.000000,  0.000000,  0.000000,  0.000000,  0.000000,  0.000000,  0.000000,  0.000000,  0.000000,  0.000000,  0.000000,  0.000000,  0.000000,  0.000000,  0.000000 ]
checksum = 1.000000
Repeated 5 time
f3=0.348132 a3=0.651868
f4=0.146868 a4=0.505000
f5=0.075196 a5=0.429804
f6=0.043516 a6=0.386287
f7=0.027404 a7=0.358884
f8=0.018359 a8=0.340525
f9=0.012894 a9=0.327631
f10=0.327631
[ 0.348132,  0.146868,  0.075196,  0.043516,  0.027404,  0.018359,  0.012894, 0.327631]
0.327631 == 0.327631

total 91752 nodes
[ 0.000000,  0.000076,  0.346565,  0.149839,  0.072391,  0.047171,  0.027727,  0.017896,  0.011640,  0.326696,  0.000000,  0.000000,  0.000000,  0.000000,  0.000000,  0.000000,  0.000000,  0.000000,  0.000000,  0.000000,  0.000000,  0.000000,  0.000000,  0.000000,  0.000000,  0.000000,  0.000000,  0.000000,  0.000000,  0.000000,  0.000000,  0.000000,  0.000000,  0.000000,  0.000000,  0.000000,  0.000000,  0.000000,  0.000000,  0.000000,  0.000000,  0.000000,  0.000000,  0.000000,  0.000000,  0.000000,  0.000000,  0.000000,  0.000000,  0.000000,  0.000000,  0.000000,  0.000000,  0.000000,  0.000000,  0.000000,  0.000000,  0.000000,  0.000000,  0.000000,  0.000000,  0.000000,  0.000000,  0.000000,  0.000000,  0.000000,  0.000000,  0.000000,  0.000000,  0.000000,  0.000000,  0.000000,  0.000000,  0.000000,  0.000000,  0.000000,  0.000000,  0.000000,  0.000000,  0.000000,  0.000000,  0.000000,  0.000000,  0.000000,  0.000000,  0.000000,  0.000000,  0.000000,  0.000000,  0.000000,  0.000000,  0.000000,  0.000000,  0.000000,  0.000000,  0.000000,  0.000000,  0.000000,  0.000000,  0.000000 ]
checksum = 1.000000
Repeated 6 time
f3=0.348132 a3=0.651868
f4=0.146868 a4=0.505000
f5=0.075196 a5=0.429804
f6=0.043516 a6=0.386287
f7=0.027404 a7=0.358884
f8=0.018359 a8=0.340525
f9=0.012894 a9=0.327631
f10=0.327631
[ 0.348132,  0.146868,  0.075196,  0.043516,  0.027404,  0.018359,  0.012894, 0.327631]
0.327631 == 0.327631

total 92512 nodes
[ 0.000000,  0.000086,  0.348344,  0.145495,  0.079309,  0.044621,  0.024721,  0.017371,  0.009858,  0.330195,  0.000000,  0.000000,  0.000000,  0.000000,  0.000000,  0.000000,  0.000000,  0.000000,  0.000000,  0.000000,  0.000000,  0.000000,  0.000000,  0.000000,  0.000000,  0.000000,  0.000000,  0.000000,  0.000000,  0.000000,  0.000000,  0.000000,  0.000000,  0.000000,  0.000000,  0.000000,  0.000000,  0.000000,  0.000000,  0.000000,  0.000000,  0.000000,  0.000000,  0.000000,  0.000000,  0.000000,  0.000000,  0.000000,  0.000000,  0.000000,  0.000000,  0.000000,  0.000000,  0.000000,  0.000000,  0.000000,  0.000000,  0.000000,  0.000000,  0.000000,  0.000000,  0.000000,  0.000000,  0.000000,  0.000000,  0.000000,  0.000000,  0.000000,  0.000000,  0.000000,  0.000000,  0.000000,  0.000000,  0.000000,  0.000000,  0.000000,  0.000000,  0.000000,  0.000000,  0.000000,  0.000000,  0.000000,  0.000000,  0.000000,  0.000000,  0.000000,  0.000000,  0.000000,  0.000000,  0.000000,  0.000000,  0.000000,  0.000000,  0.000000,  0.000000,  0.000000,  0.000000,  0.000000,  0.000000,  0.000000 ]
checksum = 1.000000
Repeated 7 time
f3=0.348132 a3=0.651868
f4=0.146868 a4=0.505000
f5=0.075196 a5=0.429804
f6=0.043516 a6=0.386287
f7=0.027404 a7=0.358884
f8=0.018359 a8=0.340525
f9=0.012894 a9=0.327631
f10=0.327631
[ 0.348132,  0.146868,  0.075196,  0.043516,  0.027404,  0.018359,  0.012894, 0.327631]
0.327631 == 0.327631

total 91618 nodes
[ 0.000000,  0.000065,  0.345609,  0.154435,  0.066570,  0.048571,  0.027789,  0.023434,  0.009747,  0.323779,  0.000000,  0.000000,  0.000000,  0.000000,  0.000000,  0.000000,  0.000000,  0.000000,  0.000000,  0.000000,  0.000000,  0.000000,  0.000000,  0.000000,  0.000000,  0.000000,  0.000000,  0.000000,  0.000000,  0.000000,  0.000000,  0.000000,  0.000000,  0.000000,  0.000000,  0.000000,  0.000000,  0.000000,  0.000000,  0.000000,  0.000000,  0.000000,  0.000000,  0.000000,  0.000000,  0.000000,  0.000000,  0.000000,  0.000000,  0.000000,  0.000000,  0.000000,  0.000000,  0.000000,  0.000000,  0.000000,  0.000000,  0.000000,  0.000000,  0.000000,  0.000000,  0.000000,  0.000000,  0.000000,  0.000000,  0.000000,  0.000000,  0.000000,  0.000000,  0.000000,  0.000000,  0.000000,  0.000000,  0.000000,  0.000000,  0.000000,  0.000000,  0.000000,  0.000000,  0.000000,  0.000000,  0.000000,  0.000000,  0.000000,  0.000000,  0.000000,  0.000000,  0.000000,  0.000000,  0.000000,  0.000000,  0.000000,  0.000000,  0.000000,  0.000000,  0.000000,  0.000000,  0.000000,  0.000000,  0.000000 ]
checksum = 1.000000
Repeated 8 time
f3=0.348132 a3=0.651868
f4=0.146868 a4=0.505000
f5=0.075196 a5=0.429804
f6=0.043516 a6=0.386287
f7=0.027404 a7=0.358884
f8=0.018359 a8=0.340525
f9=0.012894 a9=0.327631
f10=0.327631
[ 0.348132,  0.146868,  0.075196,  0.043516,  0.027404,  0.018359,  0.012894, 0.327631]
0.327631 == 0.327631

total 91880 nodes
[ 0.000000,  0.000044,  0.346441,  0.142131,  0.080997,  0.044221,  0.021223,  0.032347,  0.007042,  0.325555,  0.000000,  0.000000,  0.000000,  0.000000,  0.000000,  0.000000,  0.000000,  0.000000,  0.000000,  0.000000,  0.000000,  0.000000,  0.000000,  0.000000,  0.000000,  0.000000,  0.000000,  0.000000,  0.000000,  0.000000,  0.000000,  0.000000,  0.000000,  0.000000,  0.000000,  0.000000,  0.000000,  0.000000,  0.000000,  0.000000,  0.000000,  0.000000,  0.000000,  0.000000,  0.000000,  0.000000,  0.000000,  0.000000,  0.000000,  0.000000,  0.000000,  0.000000,  0.000000,  0.000000,  0.000000,  0.000000,  0.000000,  0.000000,  0.000000,  0.000000,  0.000000,  0.000000,  0.000000,  0.000000,  0.000000,  0.000000,  0.000000,  0.000000,  0.000000,  0.000000,  0.000000,  0.000000,  0.000000,  0.000000,  0.000000,  0.000000,  0.000000,  0.000000,  0.000000,  0.000000,  0.000000,  0.000000,  0.000000,  0.000000,  0.000000,  0.000000,  0.000000,  0.000000,  0.000000,  0.000000,  0.000000,  0.000000,  0.000000,  0.000000,  0.000000,  0.000000,  0.000000,  0.000000,  0.000000,  0.000000 ]
checksum = 1.000000
Repeated 9 time
f3=0.348132 a3=0.651868
f4=0.146868 a4=0.505000
f5=0.075196 a5=0.429804
f6=0.043516 a6=0.386287
f7=0.027404 a7=0.358884
f8=0.018359 a8=0.340525
f9=0.012894 a9=0.327631
f10=0.327631
[ 0.348132,  0.146868,  0.075196,  0.043516,  0.027404,  0.018359,  0.012894, 0.327631]
0.327631 == 0.327631

total 92218 nodes
[ 0.000000,  0.000043,  0.352491,  0.141122,  0.073597,  0.045382,  0.026708,  0.020235,  0.009651,  0.330771,  0.000000,  0.000000,  0.000000,  0.000000,  0.000000,  0.000000,  0.000000,  0.000000,  0.000000,  0.000000,  0.000000,  0.000000,  0.000000,  0.000000,  0.000000,  0.000000,  0.000000,  0.000000,  0.000000,  0.000000,  0.000000,  0.000000,  0.000000,  0.000000,  0.000000,  0.000000,  0.000000,  0.000000,  0.000000,  0.000000,  0.000000,  0.000000,  0.000000,  0.000000,  0.000000,  0.000000,  0.000000,  0.000000,  0.000000,  0.000000,  0.000000,  0.000000,  0.000000,  0.000000,  0.000000,  0.000000,  0.000000,  0.000000,  0.000000,  0.000000,  0.000000,  0.000000,  0.000000,  0.000000,  0.000000,  0.000000,  0.000000,  0.000000,  0.000000,  0.000000,  0.000000,  0.000000,  0.000000,  0.000000,  0.000000,  0.000000,  0.000000,  0.000000,  0.000000,  0.000000,  0.000000,  0.000000,  0.000000,  0.000000,  0.000000,  0.000000,  0.000000,  0.000000,  0.000000,  0.000000,  0.000000,  0.000000,  0.000000,  0.000000,  0.000000,  0.000000,  0.000000,  0.000000,  0.000000,  0.000000 ]
checksum = 1.000000
====================
[ 0.000000,  0.000000,  0.000075,  0.348186,  0.145874,  0.075727,  0.044542,  0.026076,  0.020602,  0.011934,  0.326985,  0.000000,  0.000000,  0.000000,  0.000000,  0.000000,  0.000000,  0.000000,  0.000000,  0.000000,  0.000000,  0.000000,  0.000000,  0.000000,  0.000000,  0.000000,  0.000000,  0.000000,  0.000000,  0.000000,  0.000000,  0.000000,  0.000000,  0.000000,  0.000000,  0.000000,  0.000000,  0.000000,  0.000000,  0.000000,  0.000000,  0.000000,  0.000000,  0.000000,  0.000000,  0.000000,  0.000000,  0.000000,  0.000000,  0.000000,  0.000000,  0.000000,  0.000000,  0.000000,  0.000000,  0.000000,  0.000000,  0.000000,  0.000000,  0.000000,  0.000000,  0.000000,  0.000000,  0.000000,  0.000000,  0.000000,  0.000000,  0.000000,  0.000000,  0.000000,  0.000000,  0.000000,  0.000000,  0.000000,  0.000000,  0.000000,  0.000000,  0.000000,  0.000000,  0.000000,  0.000000,  0.000000,  0.000000,  0.000000,  0.000000,  0.000000,  0.000000,  0.000000,  0.000000,  0.000000,  0.000000,  0.000000,  0.000000,  0.000000,  0.000000,  0.000000,  0.000000,  0.000000,  0.000000,  0.000000,  0.000000 ]
f3=0.348132 a3=0.651868
f4=0.146868 a4=0.505000
f5=0.075196 a5=0.429804
f6=0.043516 a6=0.386287
f7=0.027404 a7=0.358884
f8=0.018359 a8=0.340525
f9=0.012894 a9=0.327631
f10=0.327631
[ 0.348132,  0.146868,  0.075196,  0.043516,  0.027404,  0.018359,  0.012894, 0.327631]
0.327631 == 0.327631
