Repeated 0 time
f2=0.519581 a2=0.480419
f3=0.188549 a3=0.291869
f4=0.091850 a4=0.200020
f5=0.052578 a5=0.147442
f6=0.033331 a6=0.114111
f7=0.022672 a7=0.091439
f8=0.016237 a8=0.075202
f9=0.012095 a9=0.063106
f10=0.009295 a10=0.053812
f11=0.007324 a11=0.046488
f12=0.005892 a12=0.040596
f13=0.004824 a13=0.035772
f14=0.004008 a14=0.031764
f15=0.003373 a15=0.028392
f16=0.002870 a16=0.025521
f17=0.002467 a17=0.023055
f18=0.002138 a18=0.020916
f19=0.001868 a19=0.019049
f20=0.001643 a20=0.017405
f21=0.001454 a21=0.015951
f22=0.001295 a22=0.014656
f23=0.001159 a23=0.013498
f24=0.001042 a24=0.012456
f25=0.000941 a25=0.011516
f26=0.000853 a26=0.010663
f27=0.000776 a27=0.009887
f28=0.000708 a28=0.009179
f29=0.000649 a29=0.008530
f30=0.000596 a30=0.007933
f31=0.000549 a31=0.007384
f32=0.000507 a32=0.006877
f33=0.000470 a33=0.006407
f34=0.000436 a34=0.005971
f35=0.000406 a35=0.005565
f36=0.000378 a36=0.005187
f37=0.000353 a37=0.004834
f38=0.000330 a38=0.004504
f39=0.000309 a39=0.004195
f40=0.000290 a40=0.003904
f41=0.000273 a41=0.003631
f42=0.000257 a42=0.003374
f43=0.000242 a43=0.003132
f44=0.000229 a44=0.002903
f45=0.000216 a45=0.002686
f46=0.000205 a46=0.002482
f47=0.000194 a47=0.002287
f48=0.000184 a48=0.002103
f49=0.000175 a49=0.001928
f50=0.001928
[ 0.519581,  0.188549,  0.091850,  0.052578,  0.033331,  0.022672,  0.016237,  0.012095,  0.009295,  0.007324,  0.005892,  0.004824,  0.004008,  0.003373,  0.002870,  0.002467,  0.002138,  0.001868,  0.001643,  0.001454,  0.001295,  0.001159,  0.001042,  0.000941,  0.000853,  0.000776,  0.000708,  0.000649,  0.000596,  0.000549,  0.000507,  0.000470,  0.000436,  0.000406,  0.000378,  0.000353,  0.000330,  0.000309,  0.000290,  0.000273,  0.000257,  0.000242,  0.000229,  0.000216,  0.000205,  0.000194,  0.000184,  0.000175, 0.001928]
0.001928 == 0.001928

total 91778 nodes
[ 0.004620,  0.516998,  0.183933,  0.095317,  0.051319,  0.037318,  0.020452,  0.015930,  0.010787,  0.010340,  0.006102,  0.006058,  0.006919,  0.003857,  0.000567,  0.003770,  0.001438,  0.004042,  0.000850,  0.002669,  0.000730,  0.001438,  0.000686,  0.002179,  0.000654,  0.000926,  0.001013,  0.000109,  0.000839,  0.000447,  0.001253,  0.000621,  0.000567,  0.000458,  0.000044,  0.000240,  0.000174,  0.000033,  0.000523,  0.000338,  0.000403,  0.000185,  0.000207,  0.000098,  0.000229,  0.000022,  0.000218,  0.000599,  0.000207,  0.001275,  0.000000,  0.000000,  0.000000,  0.000000,  0.000000,  0.000000,  0.000000,  0.000000,  0.000000,  0.000000,  0.000000,  0.000000,  0.000000,  0.000000,  0.000000,  0.000000,  0.000000,  0.000000,  0.000000,  0.000000,  0.000000,  0.000000,  0.000000,  0.000000,  0.000000,  0.000000,  0.000000,  0.000000,  0.000000,  0.000000,  0.000000,  0.000000,  0.000000,  0.000000,  0.000000,  0.000000,  0.000000,  0.000000,  0.000000,  0.000000,  0.000000,  0.000000,  0.000000,  0.000000,  0.000000,  0.000000,  0.000000,  0.000000,  0.000000,  0.000000,  0.000000,  0.000000,  0.000000,  0.000000,  0.000000,  0.000000,  0.000000,  0.000000,  0.000000,  0.000000,  0.000000,  0.000000,  0.000000,  0.000000,  0.000000,  0.000000,  0.000000,  0.000000,  0.000000,  0.000000,  0.000000,  0.000000,  0.000000,  0.000000,  0.000000,  0.000000,  0.000000,  0.000000,  0.000000,  0.000000,  0.000000,  0.000000,  0.000000,  0.000000,  0.000000,  0.000000,  0.000000,  0.000000,  0.000000,  0.000000,  0.000000,  0.000000,  0.000000,  0.000000,  0.000000,  0.000000,  0.000000,  0.000000,  0.000000,  0.000000,  0.000000,  0.000000,  0.000000,  0.000000,  0.000000,  0.000000,  0.000000,  0.000000,  0.000000,  0.000000,  0.000000,  0.000000,  0.000000,  0.000000,  0.000000,  0.000000,  0.000000,  0.000000,  0.000000,  0.000000,  0.000000,  0.000000,  0.000000,  0.000000,  0.000000,  0.000000,  0.000000,  0.000000,  0.000000,  0.000000,  0.000000,  0.000000,  0.000000,  0.000000,  0.000000,  0.000000,  0.000000,  0.000000,  0.000000,  0.000000,  0.000000,  0.000000,  0.000000,  0.000000,  0.000000,  0.000000,  0.000000,  0.000000,  0.000000,  0.000000,  0.000000,  0.000000,  0.000000,  0.000000,  0.000000,  0.000000,  0.000000,  0.000000,  0.000000,  0.000000,  0.000000,  0.000000,  0.000000,  0.000000,  0.000000,  0.000000,  0.000000,  0.000000,  0.000000,  0.000000,  0.000000,  0.000000,  0.000000,  0.000000,  0.000000,  0.000000,  0.000000,  0.000000,  0.000000,  0.000000,  0.000000,  0.000000,  0.000000,  0.000000,  0.000000,  0.000000,  0.000000,  0.000000,  0.000000,  0.000000,  0.000000,  0.000000,  0.000000,  0.000000,  0.000000,  0.000000,  0.000000,  0.000000,  0.000000,  0.000000,  0.000000,  0.000000,  0.000000,  0.000000,  0.000000,  0.000000,  0.000000,  0.000000,  0.000000,  0.000000,  0.000000,  0.000000,  0.000000,  0.000000,  0.000000,  0.000000,  0.000000,  0.000000,  0.000000,  0.000000,  0.000000,  0.000000,  0.000000,  0.000000,  0.000000,  0.000000,  0.000000,  0.000000,  0.000000,  0.000000,  0.000000,  0.000000,  0.000000,  0.000000,  0.000000,  0.000000,  0.000000,  0.000000,  0.000000,  0.000000,  0.000000,  0.000000,  0.000000,  0.000000,  0.000000,  0.000000,  0.000000,  0.000000,  0.000000,  0.000000,  0.000000,  0.000000,  0.000000,  0.000000,  0.000000,  0.000000,  0.000000,  0.000000,  0.000000,  0.000000,  0.000000,  0.000000,  0.000000,  0.000000,  0.000000,  0.000000,  0.000000,  0.000000,  0.000000,  0.000000,  0.000000,  0.000000,  0.000000,  0.000000,  0.000000,  0.000000,  0.000000,  0.000000,  0.000000,  0.000000,  0.000000,  0.000000,  0.000000,  0.000000,  0.000000,  0.000000,  0.000000,  0.000000,  0.000000,  0.000000,  0.000000,  0.000000,  0.000000,  0.000000,  0.000000,  0.000000,  0.000000,  0.000000,  0.000000,  0.000000,  0.000000,  0.000000,  0.000000,  0.000000,  0.000000,  0.000000,  0.000000,  0.000000,  0.000000,  0.000000,  0.000000,  0.000000,  0.000000,  0.000000,  0.000000,  0.000000,  0.000000,  0.000000,  0.000000,  0.000000,  0.000000,  0.000000,  0.000000,  0.000000,  0.000000,  0.000000,  0.000000,  0.000000,  0.000000,  0.000000,  0.000000,  0.000000,  0.000000,  0.000000,  0.000000,  0.000000,  0.000000,  0.000000,  0.000000,  0.000000,  0.000000,  0.000000,  0.000000,  0.000000,  0.000000,  0.000000,  0.000000,  0.000000,  0.000000,  0.000000,  0.000000,  0.000000,  0.000000,  0.000000,  0.000000,  0.000000,  0.000000,  0.000000,  0.000000,  0.000000,  0.000000,  0.000000,  0.000000,  0.000000,  0.000000,  0.000000,  0.000000,  0.000000,  0.000000,  0.000000,  0.000000,  0.000000,  0.000000,  0.000000,  0.000000,  0.000000,  0.000000,  0.000000,  0.000000,  0.000000,  0.000000,  0.000000,  0.000000,  0.000000,  0.000000,  0.000000,  0.000000,  0.000000,  0.000000,  0.000000,  0.000000,  0.000000,  0.000000,  0.000000,  0.000000,  0.000000,  0.000000,  0.000000,  0.000000,  0.000000,  0.000000,  0.000000,  0.000000,  0.000000,  0.000000,  0.000000,  0.000000,  0.000000,  0.000000,  0.000000,  0.000000,  0.000000,  0.000000,  0.000000,  0.000000,  0.000000,  0.000000,  0.000000,  0.000000,  0.000000,  0.000000,  0.000000,  0.000000,  0.000000,  0.000000,  0.000000,  0.000000,  0.000000,  0.000000,  0.000000,  0.000000,  0.000000,  0.000000,  0.000000,  0.000000,  0.000000,  0.000000,  0.000000,  0.000000,  0.000000,  0.000000,  0.000000,  0.000000,  0.000000,  0.000000,  0.000000,  0.000000,  0.000000,  0.000000,  0.000000 ]
checksum = 1.000000
Repeated 1 time
f2=0.519581 a2=0.480419
f3=0.188549 a3=0.291869
f4=0.091850 a4=0.200020
f5=0.052578 a5=0.147442
f6=0.033331 a6=0.114111
f7=0.022672 a7=0.091439
f8=0.016237 a8=0.075202
f9=0.012095 a9=0.063106
f10=0.009295 a10=0.053812
f11=0.007324 a11=0.046488
f12=0.005892 a12=0.040596
f13=0.004824 a13=0.035772
f14=0.004008 a14=0.031764
f15=0.003373 a15=0.028392
f16=0.002870 a16=0.025521
f17=0.002467 a17=0.023055
f18=0.002138 a18=0.020916
f19=0.001868 a19=0.019049
f20=0.001643 a20=0.017405
f21=0.001454 a21=0.015951
f22=0.001295 a22=0.014656
f23=0.001159 a23=0.013498
f24=0.001042 a24=0.012456
f25=0.000941 a25=0.011516
f26=0.000853 a26=0.010663
f27=0.000776 a27=0.009887
f28=0.000708 a28=0.009179
f29=0.000649 a29=0.008530
f30=0.000596 a30=0.007933
f31=0.000549 a31=0.007384
f32=0.000507 a32=0.006877
f33=0.000470 a33=0.006407
f34=0.000436 a34=0.005971
f35=0.000406 a35=0.005565
f36=0.000378 a36=0.005187
f37=0.000353 a37=0.004834
f38=0.000330 a38=0.004504
f39=0.000309 a39=0.004195
f40=0.000290 a40=0.003904
f41=0.000273 a41=0.003631
f42=0.000257 a42=0.003374
f43=0.000242 a43=0.003132
f44=0.000229 a44=0.002903
f45=0.000216 a45=0.002686
f46=0.000205 a46=0.002482
f47=0.000194 a47=0.002287
f48=0.000184 a48=0.002103
f49=0.000175 a49=0.001928
f50=0.001928
[ 0.519581,  0.188549,  0.091850,  0.052578,  0.033331,  0.022672,  0.016237,  0.012095,  0.009295,  0.007324,  0.005892,  0.004824,  0.004008,  0.003373,  0.002870,  0.002467,  0.002138,  0.001868,  0.001643,  0.001454,  0.001295,  0.001159,  0.001042,  0.000941,  0.000853,  0.000776,  0.000708,  0.000649,  0.000596,  0.000549,  0.000507,  0.000470,  0.000436,  0.000406,  0.000378,  0.000353,  0.000330,  0.000309,  0.000290,  0.000273,  0.000257,  0.000242,  0.000229,  0.000216,  0.000205,  0.000194,  0.000184,  0.000175, 0.001928]
0.001928 == 0.001928

total 91910 nodes
[ 0.004820,  0.516114,  0.191350,  0.086128,  0.054532,  0.035013,  0.021608,  0.015657,  0.007594,  0.015874,  0.003688,  0.006887,  0.006234,  0.002666,  0.003144,  0.003068,  0.003438,  0.001164,  0.001708,  0.001632,  0.001001,  0.001926,  0.000228,  0.003231,  0.000500,  0.000228,  0.000740,  0.000272,  0.001306,  0.000751,  0.000424,  0.001501,  0.000120,  0.000131,  0.000131,  0.000424,  0.000533,  0.000087,  0.000631,  0.000392,  0.000000,  0.000131,  0.000174,  0.000348,  0.000283,  0.000261,  0.000033,  0.000457,  0.000120,  0.001317,  0.000000,  0.000000,  0.000000,  0.000000,  0.000000,  0.000000,  0.000000,  0.000000,  0.000000,  0.000000,  0.000000,  0.000000,  0.000000,  0.000000,  0.000000,  0.000000,  0.000000,  0.000000,  0.000000,  0.000000,  0.000000,  0.000000,  0.000000,  0.000000,  0.000000,  0.000000,  0.000000,  0.000000,  0.000000,  0.000000,  0.000000,  0.000000,  0.000000,  0.000000,  0.000000,  0.000000,  0.000000,  0.000000,  0.000000,  0.000000,  0.000000,  0.000000,  0.000000,  0.000000,  0.000000,  0.000000,  0.000000,  0.000000,  0.000000,  0.000000,  0.000000,  0.000000,  0.000000,  0.000000,  0.000000,  0.000000,  0.000000,  0.000000,  0.000000,  0.000000,  0.000000,  0.000000,  0.000000,  0.000000,  0.000000,  0.000000,  0.000000,  0.000000,  0.000000,  0.000000,  0.000000,  0.000000,  0.000000,  0.000000,  0.000000,  0.000000,  0.000000,  0.000000,  0.000000,  0.000000,  0.000000,  0.000000,  0.000000,  0.000000,  0.000000,  0.000000,  0.000000,  0.000000,  0.000000,  0.000000,  0.000000,  0.000000,  0.000000,  0.000000,  0.000000,  0.000000,  0.000000,  0.000000,  0.000000,  0.000000,  0.000000,  0.000000,  0.000000,  0.000000,  0.000000,  0.000000,  0.000000,  0.000000,  0.000000,  0.000000,  0.000000,  0.000000,  0.000000,  0.000000,  0.000000,  0.000000,  0.000000,  0.000000,  0.000000,  0.000000,  0.000000,  0.000000,  0.000000,  0.000000,  0.000000,  0.000000,  0.000000,  0.000000,  0.000000,  0.000000,  0.000000,  0.000000,  0.000000,  0.000000,  0.000000,  0.000000,  0.000000,  0.000000,  0.000000,  0.000000,  0.000000,  0.000000,  0.000000,  0.000000,  0.000000,  0.000000,  0.000000,  0.000000,  0.000000,  0.000000,  0.000000,  0.000000,  0.000000,  0.000000,  0.000000,  0.000000,  0.000000,  0.000000,  0.000000,  0.000000,  0.000000,  0.000000,  0.000000,  0.000000,  0.000000,  0.000000,  0.000000,  0.000000,  0.000000,  0.000000,  0.000000,  0.000000,  0.000000,  0.000000,  0.000000,  0.000000,  0.000000,  0.000000,  0.000000,  0.000000,  0.000000,  0.000000,  0.000000,  0.000000,  0.000000,  0.000000,  0.000000,  0.000000,  0.000000,  0.000000,  0.000000,  0.000000,  0.000000,  0.000000,  0.000000,  0.000000,  0.000000,  0.000000,  0.000000,  0.000000,  0.000000,  0.000000,  0.000000,  0.000000,  0.000000,  0.000000,  0.000000,  0.000000,  0.000000,  0.000000,  0.000000,  0.000000,  0.000000,  0.000000,  0.000000,  0.000000,  0.000000,  0.000000,  0.000000,  0.000000,  0.000000,  0.000000,  0.000000,  0.000000,  0.000000,  0.000000,  0.000000,  0.000000,  0.000000,  0.000000,  0.000000,  0.000000,  0.000000,  0.000000,  0.000000,  0.000000,  0.000000,  0.000000,  0.000000,  0.000000,  0.000000,  0.000000,  0.000000,  0.000000,  0.000000,  0.000000,  0.000000,  0.000000,  0.000000,  0.000000,  0.000000,  0.000000,  0.000000,  0.000000,  0.000000,  0.000000,  0.000000,  0.000000,  0.000000,  0.000000,  0.000000,  0.000000,  0.000000,  0.000000,  0.000000,  0.000000,  0.000000,  0.000000,  0.000000,  0.000000,  0.000000,  0.000000,  0.000000,  0.000000,  0.000000,  0.000000,  0.000000,  0.000000,  0.000000,  0.000000,  0.000000,  0.000000,  0.000000,  0.000000,  0.000000,  0.000000,  0.000000,  0.000000,  0.000000,  0.000000,  0.000000,  0.000000,  0.000000,  0.000000,  0.000000,  0.000000,  0.000000,  0.000000,  0.000000,  0.000000,  0.000000,  0.000000,  0.000000,  0.000000,  0.000000,  0.000000,  0.000000,  0.000000,  0.000000,  0.000000,  0.000000,  0.000000,  0.000000,  0.000000,  0.000000,  0.000000,  0.000000,  0.000000,  0.000000,  0.000000,  0.000000,  0.000000,  0.000000,  0.000000,  0.000000,  0.000000,  0.000000,  0.000000,  0.000000,  0.000000,  0.000000,  0.000000,  0.000000,  0.000000,  0.000000,  0.000000,  0.000000,  0.000000,  0.000000,  0.000000,  0.000000,  0.000000,  0.000000,  0.000000,  0.000000,  0.000000,  0.000000,  0.000000,  0.000000,  0.000000,  0.000000,  0.000000,  0.000000,  0.000000,  0.000000,  0.000000,  0.000000,  0.000000,  0.000000,  0.000000,  0.000000,  0.000000,  0.000000,  0.000000,  0.000000,  0.000000,  0.000000,  0.000000,  0.000000,  0.000000,  0.000000,  0.000000,  0.000000,  0.000000,  0.000000,  0.000000,  0.000000,  0.000000,  0.000000,  0.000000,  0.000000,  0.000000,  0.000000,  0.000000,  0.000000,  0.000000,  0.000000,  0.000000,  0.000000,  0.000000,  0.000000,  0.000000,  0.000000,  0.000000,  0.000000,  0.000000,  0.000000,  0.000000,  0.000000,  0.000000,  0.000000,  0.000000,  0.000000,  0.000000,  0.000000,  0.000000,  0.000000,  0.000000,  0.000000,  0.000000,  0.000000,  0.000000,  0.000000,  0.000000,  0.000000,  0.000000,  0.000000,  0.000000,  0.000000,  0.000000,  0.000000,  0.000000,  0.000000,  0.000000,  0.000000,  0.000000,  0.000000,  0.000000,  0.000000,  0.000000,  0.000000,  0.000000,  0.000000,  0.000000,  0.000000,  0.000000,  0.000000,  0.000000,  0.000000,  0.000000,  0.000000,  0.000000,  0.000000,  0.000000,  0.000000,  0.000000,  0.000000,  0.000000,  0.000000,  0.000000 ]
checksum = 1.000000
Repeated 2 time
f2=0.519581 a2=0.480419
f3=0.188549 a3=0.291869
f4=0.091850 a4=0.200020
f5=0.052578 a5=0.147442
f6=0.033331 a6=0.114111
f7=0.022672 a7=0.091439
f8=0.016237 a8=0.075202
f9=0.012095 a9=0.063106
f10=0.009295 a10=0.053812
f11=0.007324 a11=0.046488
f12=0.005892 a12=0.040596
f13=0.004824 a13=0.035772
f14=0.004008 a14=0.031764
f15=0.003373 a15=0.028392
f16=0.002870 a16=0.025521
f17=0.002467 a17=0.023055
f18=0.002138 a18=0.020916
f19=0.001868 a19=0.019049
f20=0.001643 a20=0.017405
f21=0.001454 a21=0.015951
f22=0.001295 a22=0.014656
f23=0.001159 a23=0.013498
f24=0.001042 a24=0.012456
f25=0.000941 a25=0.011516
f26=0.000853 a26=0.010663
f27=0.000776 a27=0.009887
f28=0.000708 a28=0.009179
f29=0.000649 a29=0.008530
f30=0.000596 a30=0.007933
f31=0.000549 a31=0.007384
f32=0.000507 a32=0.006877
f33=0.000470 a33=0.006407
f34=0.000436 a34=0.005971
f35=0.000406 a35=0.005565
f36=0.000378 a36=0.005187
f37=0.000353 a37=0.004834
f38=0.000330 a38=0.004504
f39=0.000309 a39=0.004195
f40=0.000290 a40=0.003904
f41=0.000273 a41=0.003631
f42=0.000257 a42=0.003374
f43=0.000242 a43=0.003132
f44=0.000229 a44=0.002903
f45=0.000216 a45=0.002686
f46=0.000205 a46=0.002482
f47=0.000194 a47=0.002287
f48=0.000184 a48=0.002103
f49=0.000175 a49=0.001928
f50=0.001928
[ 0.519581,  0.188549,  0.091850,  0.052578,  0.033331,  0.022672,  0.016237,  0.012095,  0.009295,  0.007324,  0.005892,  0.004824,  0.004008,  0.003373,  0.002870,  0.002467,  0.002138,  0.001868,  0.001643,  0.001454,  0.001295,  0.001159,  0.001042,  0.000941,  0.000853,  0.000776,  0.000708,  0.000649,  0.000596,  0.000549,  0.000507,  0.000470,  0.000436,  0.000406,  0.000378,  0.000353,  0.000330,  0.000309,  0.000290,  0.000273,  0.000257,  0.000242,  0.000229,  0.000216,  0.000205,  0.000194,  0.000184,  0.000175, 0.001928]
0.001928 == 0.001928

total 91916 nodes
[ 0.004428,  0.518974,  0.185311,  0.092302,  0.052679,  0.032203,  0.020595,  0.019942,  0.012414,  0.006060,  0.009226,  0.004384,  0.005766,  0.002600,  0.004015,  0.004384,  0.001251,  0.002676,  0.001969,  0.000392,  0.003242,  0.000729,  0.001229,  0.001382,  0.000968,  0.000598,  0.000577,  0.000805,  0.000326,  0.000403,  0.000892,  0.000500,  0.000859,  0.000620,  0.000424,  0.000218,  0.000544,  0.000033,  0.000250,  0.000587,  0.000033,  0.000577,  0.000022,  0.000207,  0.000120,  0.000326,  0.000054,  0.000196,  0.000065,  0.001643,  0.000000,  0.000000,  0.000000,  0.000000,  0.000000,  0.000000,  0.000000,  0.000000,  0.000000,  0.000000,  0.000000,  0.000000,  0.000000,  0.000000,  0.000000,  0.000000,  0.000000,  0.000000,  0.000000,  0.000000,  0.000000,  0.000000,  0.000000,  0.000000,  0.000000,  0.000000,  0.000000,  0.000000,  0.000000,  0.000000,  0.000000,  0.000000,  0.000000,  0.000000,  0.000000,  0.000000,  0.000000,  0.000000,  0.000000,  0.000000,  0.000000,  0.000000,  0.000000,  0.000000,  0.000000,  0.000000,  0.000000,  0.000000,  0.000000,  0.000000,  0.000000,  0.000000,  0.000000,  0.000000,  0.000000,  0.000000,  0.000000,  0.000000,  0.000000,  0.000000,  0.000000,  0.000000,  0.000000,  0.000000,  0.000000,  0.000000,  0.000000,  0.000000,  0.000000,  0.000000,  0.000000,  0.000000,  0.000000,  0.000000,  0.000000,  0.000000,  0.000000,  0.000000,  0.000000,  0.000000,  0.000000,  0.000000,  0.000000,  0.000000,  0.000000,  0.000000,  0.000000,  0.000000,  0.000000,  0.000000,  0.000000,  0.000000,  0.000000,  0.000000,  0.000000,  0.000000,  0.000000,  0.000000,  0.000000,  0.000000,  0.000000,  0.000000,  0.000000,  0.000000,  0.000000,  0.000000,  0.000000,  0.000000,  0.000000,  0.000000,  0.000000,  0.000000,  0.000000,  0.000000,  0.000000,  0.000000,  0.000000,  0.000000,  0.000000,  0.000000,  0.000000,  0.000000,  0.000000,  0.000000,  0.000000,  0.000000,  0.000000,  0.000000,  0.000000,  0.000000,  0.000000,  0.000000,  0.000000,  0.000000,  0.000000,  0.000000,  0.000000,  0.000000,  0.000000,  0.000000,  0.000000,  0.000000,  0.000000,  0.000000,  0.000000,  0.000000,  0.000000,  0.000000,  0.000000,  0.000000,  0.000000,  0.000000,  0.000000,  0.000000,  0.000000,  0.000000,  0.000000,  0.000000,  0.000000,  0.000000,  0.000000,  0.000000,  0.000000,  0.000000,  0.000000,  0.000000,  0.000000,  0.000000,  0.000000,  0.000000,  0.000000,  0.000000,  0.000000,  0.000000,  0.000000,  0.000000,  0.000000,  0.000000,  0.000000,  0.000000,  0.000000,  0.000000,  0.000000,  0.000000,  0.000000,  0.000000,  0.000000,  0.000000,  0.000000,  0.000000,  0.000000,  0.000000,  0.000000,  0.000000,  0.000000,  0.000000,  0.000000,  0.000000,  0.000000,  0.000000,  0.000000,  0.000000,  0.000000,  0.000000,  0.000000,  0.000000,  0.000000,  0.000000,  0.000000,  0.000000,  0.000000,  0.000000,  0.000000,  0.000000,  0.000000,  0.000000,  0.000000,  0.000000,  0.000000,  0.000000,  0.000000,  0.000000,  0.000000,  0.000000,  0.000000,  0.000000,  0.000000,  0.000000,  0.000000,  0.000000,  0.000000,  0.000000,  0.000000,  0.000000,  0.000000,  0.000000,  0.000000,  0.000000,  0.000000,  0.000000,  0.000000,  0.000000,  0.000000,  0.000000,  0.000000,  0.000000,  0.000000,  0.000000,  0.000000,  0.000000,  0.000000,  0.000000,  0.000000,  0.000000,  0.000000,  0.000000,  0.000000,  0.000000,  0.000000,  0.000000,  0.000000,  0.000000,  0.000000,  0.000000,  0.000000,  0.000000,  0.000000,  0.000000,  0.000000,  0.000000,  0.000000,  0.000000,  0.000000,  0.000000,  0.000000,  0.000000,  0.000000,  0.000000,  0.000000,  0.000000,  0.000000,  0.000000,  0.000000,  0.000000,  0.000000,  0.000000,  0.000000,  0.000000,  0.000000,  0.000000,  0.000000,  0.000000,  0.000000,  0.000000,  0.000000,  0.000000,  0.000000,  0.000000,  0.000000,  0.000000,  0.000000,  0.000000,  0.000000,  0.000000,  0.000000,  0.000000,  0.000000,  0.000000,  0.000000,  0.000000,  0.000000,  0.000000,  0.000000,  0.000000,  0.000000,  0.000000,  0.000000,  0.000000,  0.000000,  0.000000,  0.000000,  0.000000,  0.000000,  0.000000,  0.000000,  0.000000,  0.000000,  0.000000,  0.000000,  0.000000,  0.000000,  0.000000,  0.000000,  0.000000,  0.000000,  0.000000,  0.000000,  0.000000,  0.000000,  0.000000,  0.000000,  0.000000,  0.000000,  0.000000,  0.000000,  0.000000,  0.000000,  0.000000,  0.000000,  0.000000,  0.000000,  0.000000,  0.000000,  0.000000,  0.000000,  0.000000,  0.000000,  0.000000,  0.000000,  0.000000,  0.000000,  0.000000,  0.000000,  0.000000,  0.000000,  0.000000,  0.000000,  0.000000,  0.000000,  0.000000,  0.000000,  0.000000,  0.000000,  0.000000,  0.000000,  0.000000,  0.000000,  0.000000,  0.000000,  0.000000,  0.000000,  0.000000,  0.000000,  0.000000,  0.000000,  0.000000,  0.000000,  0.000000,  0.000000,  0.000000,  0.000000,  0.000000,  0.000000,  0.000000,  0.000000,  0.000000,  0.000000,  0.000000,  0.000000,  0.000000,  0.000000,  0.000000,  0.000000,  0.000000,  0.000000,  0.000000,  0.000000,  0.000000,  0.000000,  0.000000,  0.000000,  0.000000,  0.000000,  0.000000,  0.000000,  0.000000,  0.000000,  0.000000,  0.000000,  0.000000,  0.000000,  0.000000,  0.000000,  0.000000,  0.000000,  0.000000,  0.000000,  0.000000,  0.000000,  0.000000,  0.000000,  0.000000,  0.000000,  0.000000,  0.000000,  0.000000,  0.000000,  0.000000,  0.000000,  0.000000,  0.000000,  0.000000,  0.000000,  0.000000,  0.000000,  0.000000,  0.000000,  0.000000,  0.000000,  0.000000 ]
checksum = 1.000000
Repeated 3 time
f2=0.519581 a2=0.480419
f3=0.188549 a3=0.291869
f4=0.091850 a4=0.200020
f5=0.052578 a5=0.147442
f6=0.033331 a6=0.114111
f7=0.022672 a7=0.091439
f8=0.016237 a8=0.075202
f9=0.012095 a9=0.063106
f10=0.009295 a10=0.053812
f11=0.007324 a11=0.046488
f12=0.005892 a12=0.040596
f13=0.004824 a13=0.035772
f14=0.004008 a14=0.031764
f15=0.003373 a15=0.028392
f16=0.002870 a16=0.025521
f17=0.002467 a17=0.023055
f18=0.002138 a18=0.020916
f19=0.001868 a19=0.019049
f20=0.001643 a20=0.017405
f21=0.001454 a21=0.015951
f22=0.001295 a22=0.014656
f23=0.001159 a23=0.013498
f24=0.001042 a24=0.012456
f25=0.000941 a25=0.011516
f26=0.000853 a26=0.010663
f27=0.000776 a27=0.009887
f28=0.000708 a28=0.009179
f29=0.000649 a29=0.008530
f30=0.000596 a30=0.007933
f31=0.000549 a31=0.007384
f32=0.000507 a32=0.006877
f33=0.000470 a33=0.006407
f34=0.000436 a34=0.005971
f35=0.000406 a35=0.005565
f36=0.000378 a36=0.005187
f37=0.000353 a37=0.004834
f38=0.000330 a38=0.004504
f39=0.000309 a39=0.004195
f40=0.000290 a40=0.003904
f41=0.000273 a41=0.003631
f42=0.000257 a42=0.003374
f43=0.000242 a43=0.003132
f44=0.000229 a44=0.002903
f45=0.000216 a45=0.002686
f46=0.000205 a46=0.002482
f47=0.000194 a47=0.002287
f48=0.000184 a48=0.002103
f49=0.000175 a49=0.001928
f50=0.001928
[ 0.519581,  0.188549,  0.091850,  0.052578,  0.033331,  0.022672,  0.016237,  0.012095,  0.009295,  0.007324,  0.005892,  0.004824,  0.004008,  0.003373,  0.002870,  0.002467,  0.002138,  0.001868,  0.001643,  0.001454,  0.001295,  0.001159,  0.001042,  0.000941,  0.000853,  0.000776,  0.000708,  0.000649,  0.000596,  0.000549,  0.000507,  0.000470,  0.000436,  0.000406,  0.000378,  0.000353,  0.000330,  0.000309,  0.000290,  0.000273,  0.000257,  0.000242,  0.000229,  0.000216,  0.000205,  0.000194,  0.000184,  0.000175, 0.001928]
0.001928 == 0.001928

total 91923 nodes
[ 0.005505,  0.514072,  0.187048,  0.093383,  0.051500,  0.034877,  0.019951,  0.018679,  0.014958,  0.004885,  0.010291,  0.006103,  0.003144,  0.005309,  0.001969,  0.001915,  0.003035,  0.002915,  0.003797,  0.000337,  0.000022,  0.003264,  0.000239,  0.000294,  0.001338,  0.001730,  0.000870,  0.000131,  0.000925,  0.000577,  0.000457,  0.000294,  0.000120,  0.000315,  0.000729,  0.000794,  0.000196,  0.000392,  0.000152,  0.000065,  0.000457,  0.000163,  0.000054,  0.000207,  0.000011,  0.000522,  0.000033,  0.000228,  0.000479,  0.001273,  0.000000,  0.000000,  0.000000,  0.000000,  0.000000,  0.000000,  0.000000,  0.000000,  0.000000,  0.000000,  0.000000,  0.000000,  0.000000,  0.000000,  0.000000,  0.000000,  0.000000,  0.000000,  0.000000,  0.000000,  0.000000,  0.000000,  0.000000,  0.000000,  0.000000,  0.000000,  0.000000,  0.000000,  0.000000,  0.000000,  0.000000,  0.000000,  0.000000,  0.000000,  0.000000,  0.000000,  0.000000,  0.000000,  0.000000,  0.000000,  0.000000,  0.000000,  0.000000,  0.000000,  0.000000,  0.000000,  0.000000,  0.000000,  0.000000,  0.000000,  0.000000,  0.000000,  0.000000,  0.000000,  0.000000,  0.000000,  0.000000,  0.000000,  0.000000,  0.000000,  0.000000,  0.000000,  0.000000,  0.000000,  0.000000,  0.000000,  0.000000,  0.000000,  0.000000,  0.000000,  0.000000,  0.000000,  0.000000,  0.000000,  0.000000,  0.000000,  0.000000,  0.000000,  0.000000,  0.000000,  0.000000,  0.000000,  0.000000,  0.000000,  0.000000,  0.000000,  0.000000,  0.000000,  0.000000,  0.000000,  0.000000,  0.000000,  0.000000,  0.000000,  0.000000,  0.000000,  0.000000,  0.000000,  0.000000,  0.000000,  0.000000,  0.000000,  0.000000,  0.000000,  0.000000,  0.000000,  0.000000,  0.000000,  0.000000,  0.000000,  0.000000,  0.000000,  0.000000,  0.000000,  0.000000,  0.000000,  0.000000,  0.000000,  0.000000,  0.000000,  0.000000,  0.000000,  0.000000,  0.000000,  0.000000,  0.000000,  0.000000,  0.000000,  0.000000,  0.000000,  0.000000,  0.000000,  0.000000,  0.000000,  0.000000,  0.000000,  0.000000,  0.000000,  0.000000,  0.000000,  0.000000,  0.000000,  0.000000,  0.000000,  0.000000,  0.000000,  0.000000,  0.000000,  0.000000,  0.000000,  0.000000,  0.000000,  0.000000,  0.000000,  0.000000,  0.000000,  0.000000,  0.000000,  0.000000,  0.000000,  0.000000,  0.000000,  0.000000,  0.000000,  0.000000,  0.000000,  0.000000,  0.000000,  0.000000,  0.000000,  0.000000,  0.000000,  0.000000,  0.000000,  0.000000,  0.000000,  0.000000,  0.000000,  0.000000,  0.000000,  0.000000,  0.000000,  0.000000,  0.000000,  0.000000,  0.000000,  0.000000,  0.000000,  0.000000,  0.000000,  0.000000,  0.000000,  0.000000,  0.000000,  0.000000,  0.000000,  0.000000,  0.000000,  0.000000,  0.000000,  0.000000,  0.000000,  0.000000,  0.000000,  0.000000,  0.000000,  0.000000,  0.000000,  0.000000,  0.000000,  0.000000,  0.000000,  0.000000,  0.000000,  0.000000,  0.000000,  0.000000,  0.000000,  0.000000,  0.000000,  0.000000,  0.000000,  0.000000,  0.000000,  0.000000,  0.000000,  0.000000,  0.000000,  0.000000,  0.000000,  0.000000,  0.000000,  0.000000,  0.000000,  0.000000,  0.000000,  0.000000,  0.000000,  0.000000,  0.000000,  0.000000,  0.000000,  0.000000,  0.000000,  0.000000,  0.000000,  0.000000,  0.000000,  0.000000,  0.000000,  0.000000,  0.000000,  0.000000,  0.000000,  0.000000,  0.000000,  0.000000,  0.000000,  0.000000,  0.000000,  0.000000,  0.000000,  0.000000,  0.000000,  0.000000,  0.000000,  0.000000,  0.000000,  0.000000,  0.000000,  0.000000,  0.000000,  0.000000,  0.000000,  0.000000,  0.000000,  0.000000,  0.000000,  0.000000,  0.000000,  0.000000,  0.000000,  0.000000,  0.000000,  0.000000,  0.000000,  0.000000,  0.000000,  0.000000,  0.000000,  0.000000,  0.000000,  0.000000,  0.000000,  0.000000,  0.000000,  0.000000,  0.000000,  0.000000,  0.000000,  0.000000,  0.000000,  0.000000,  0.000000,  0.000000,  0.000000,  0.000000,  0.000000,  0.000000,  0.000000,  0.000000,  0.000000,  0.000000,  0.000000,  0.000000,  0.000000,  0.000000,  0.000000,  0.000000,  0.000000,  0.000000,  0.000000,  0.000000,  0.000000,  0.000000,  0.000000,  0.000000,  0.000000,  0.000000,  0.000000,  0.000000,  0.000000,  0.000000,  0.000000,  0.000000,  0.000000,  0.000000,  0.000000,  0.000000,  0.000000,  0.000000,  0.000000,  0.000000,  0.000000,  0.000000,  0.000000,  0.000000,  0.000000,  0.000000,  0.000000,  0.000000,  0.000000,  0.000000,  0.000000,  0.000000,  0.000000,  0.000000,  0.000000,  0.000000,  0.000000,  0.000000,  0.000000,  0.000000,  0.000000,  0.000000,  0.000000,  0.000000,  0.000000,  0.000000,  0.000000,  0.000000,  0.000000,  0.000000,  0.000000,  0.000000,  0.000000,  0.000000,  0.000000,  0.000000,  0.000000,  0.000000,  0.000000,  0.000000,  0.000000,  0.000000,  0.000000,  0.000000,  0.000000,  0.000000,  0.000000,  0.000000,  0.000000,  0.000000,  0.000000,  0.000000,  0.000000,  0.000000,  0.000000,  0.000000,  0.000000,  0.000000,  0.000000,  0.000000,  0.000000,  0.000000,  0.000000,  0.000000,  0.000000,  0.000000,  0.000000,  0.000000,  0.000000,  0.000000,  0.000000,  0.000000,  0.000000,  0.000000,  0.000000,  0.000000,  0.000000,  0.000000,  0.000000,  0.000000,  0.000000,  0.000000,  0.000000,  0.000000,  0.000000,  0.000000,  0.000000,  0.000000,  0.000000,  0.000000,  0.000000,  0.000000,  0.000000,  0.000000,  0.000000,  0.000000,  0.000000,  0.000000,  0.000000,  0.000000,  0.000000,  0.000000,  0.000000,  0.000000,  0.000000,  0.000000,  0.000000 ]
checksum = 1.000000
Repeated 4 time
f2=0.519581 a2=0.480419
f3=0.188549 a3=0.291869
f4=0.091850 a4=0.200020
f5=0.052578 a5=0.147442
f6=0.033331 a6=0.114111
f7=0.022672 a7=0.091439
f8=0.016237 a8=0.075202
f9=0.012095 a9=0.063106
f10=0.009295 a10=0.053812
f11=0.007324 a11=0.046488
f12=0.005892 a12=0.040596
f13=0.004824 a13=0.035772
f14=0.004008 a14=0.031764
f15=0.003373 a15=0.028392
f16=0.002870 a16=0.025521
f17=0.002467 a17=0.023055
f18=0.002138 a18=0.020916
f19=0.001868 a19=0.019049
f20=0.001643 a20=0.017405
f21=0.001454 a21=0.015951
f22=0.001295 a22=0.014656
f23=0.001159 a23=0.013498
f24=0.001042 a24=0.012456
f25=0.000941 a25=0.011516
f26=0.000853 a26=0.010663
f27=0.000776 a27=0.009887
f28=0.000708 a28=0.009179
f29=0.000649 a29=0.008530
f30=0.000596 a30=0.007933
f31=0.000549 a31=0.007384
f32=0.000507 a32=0.006877
f33=0.000470 a33=0.006407
f34=0.000436 a34=0.005971
f35=0.000406 a35=0.005565
f36=0.000378 a36=0.005187
f37=0.000353 a37=0.004834
f38=0.000330 a38=0.004504
f39=0.000309 a39=0.004195
f40=0.000290 a40=0.003904
f41=0.000273 a41=0.003631
f42=0.000257 a42=0.003374
f43=0.000242 a43=0.003132
f44=0.000229 a44=0.002903
f45=0.000216 a45=0.002686
f46=0.000205 a46=0.002482
f47=0.000194 a47=0.002287
f48=0.000184 a48=0.002103
f49=0.000175 a49=0.001928
f50=0.001928
[ 0.519581,  0.188549,  0.091850,  0.052578,  0.033331,  0.022672,  0.016237,  0.012095,  0.009295,  0.007324,  0.005892,  0.004824,  0.004008,  0.003373,  0.002870,  0.002467,  0.002138,  0.001868,  0.001643,  0.001454,  0.001295,  0.001159,  0.001042,  0.000941,  0.000853,  0.000776,  0.000708,  0.000649,  0.000596,  0.000549,  0.000507,  0.000470,  0.000436,  0.000406,  0.000378,  0.000353,  0.000330,  0.000309,  0.000290,  0.000273,  0.000257,  0.000242,  0.000229,  0.000216,  0.000205,  0.000194,  0.000184,  0.000175, 0.001928]
0.001928 == 0.001928

total 91551 nodes
[ 0.004282,  0.515003,  0.187109,  0.095892,  0.051916,  0.031196,  0.024533,  0.015074,  0.012518,  0.008148,  0.008596,  0.006182,  0.004435,  0.002359,  0.003637,  0.004522,  0.002884,  0.002283,  0.001016,  0.001835,  0.001365,  0.000983,  0.000164,  0.002119,  0.000568,  0.001759,  0.000273,  0.000743,  0.000568,  0.000666,  0.000382,  0.000229,  0.000382,  0.000918,  0.000251,  0.000393,  0.000164,  0.000666,  0.000328,  0.000426,  0.000044,  0.000066,  0.000197,  0.000284,  0.000328,  0.000098,  0.000481,  0.000197,  0.000186,  0.001354,  0.000000,  0.000000,  0.000000,  0.000000,  0.000000,  0.000000,  0.000000,  0.000000,  0.000000,  0.000000,  0.000000,  0.000000,  0.000000,  0.000000,  0.000000,  0.000000,  0.000000,  0.000000,  0.000000,  0.000000,  0.000000,  0.000000,  0.000000,  0.000000,  0.000000,  0.000000,  0.000000,  0.000000,  0.000000,  0.000000,  0.000000,  0.000000,  0.000000,  0.000000,  0.000000,  0.000000,  0.000000,  0.000000,  0.000000,  0.000000,  0.000000,  0.000000,  0.000000,  0.000000,  0.000000,  0.000000,  0.000000,  0.000000,  0.000000,  0.000000,  0.000000,  0.000000,  0.000000,  0.000000,  0.000000,  0.000000,  0.000000,  0.000000,  0.000000,  0.000000,  0.000000,  0.000000,  0.000000,  0.000000,  0.000000,  0.000000,  0.000000,  0.000000,  0.000000,  0.000000,  0.000000,  0.000000,  0.000000,  0.000000,  0.000000,  0.000000,  0.000000,  0.000000,  0.000000,  0.000000,  0.000000,  0.000000,  0.000000,  0.000000,  0.000000,  0.000000,  0.000000,  0.000000,  0.000000,  0.000000,  0.000000,  0.000000,  0.000000,  0.000000,  0.000000,  0.000000,  0.000000,  0.000000,  0.000000,  0.000000,  0.000000,  0.000000,  0.000000,  0.000000,  0.000000,  0.000000,  0.000000,  0.000000,  0.000000,  0.000000,  0.000000,  0.000000,  0.000000,  0.000000,  0.000000,  0.000000,  0.000000,  0.000000,  0.000000,  0.000000,  0.000000,  0.000000,  0.000000,  0.000000,  0.000000,  0.000000,  0.000000,  0.000000,  0.000000,  0.000000,  0.000000,  0.000000,  0.000000,  0.000000,  0.000000,  0.000000,  0.000000,  0.000000,  0.000000,  0.000000,  0.000000,  0.000000,  0.000000,  0.000000,  0.000000,  0.000000,  0.000000,  0.000000,  0.000000,  0.000000,  0.000000,  0.000000,  0.000000,  0.000000,  0.000000,  0.000000,  0.000000,  0.000000,  0.000000,  0.000000,  0.000000,  0.000000,  0.000000,  0.000000,  0.000000,  0.000000,  0.000000,  0.000000,  0.000000,  0.000000,  0.000000,  0.000000,  0.000000,  0.000000,  0.000000,  0.000000,  0.000000,  0.000000,  0.000000,  0.000000,  0.000000,  0.000000,  0.000000,  0.000000,  0.000000,  0.000000,  0.000000,  0.000000,  0.000000,  0.000000,  0.000000,  0.000000,  0.000000,  0.000000,  0.000000,  0.000000,  0.000000,  0.000000,  0.000000,  0.000000,  0.000000,  0.000000,  0.000000,  0.000000,  0.000000,  0.000000,  0.000000,  0.000000,  0.000000,  0.000000,  0.000000,  0.000000,  0.000000,  0.000000,  0.000000,  0.000000,  0.000000,  0.000000,  0.000000,  0.000000,  0.000000,  0.000000,  0.000000,  0.000000,  0.000000,  0.000000,  0.000000,  0.000000,  0.000000,  0.000000,  0.000000,  0.000000,  0.000000,  0.000000,  0.000000,  0.000000,  0.000000,  0.000000,  0.000000,  0.000000,  0.000000,  0.000000,  0.000000,  0.000000,  0.000000,  0.000000,  0.000000,  0.000000,  0.000000,  0.000000,  0.000000,  0.000000,  0.000000,  0.000000,  0.000000,  0.000000,  0.000000,  0.000000,  0.000000,  0.000000,  0.000000,  0.000000,  0.000000,  0.000000,  0.000000,  0.000000,  0.000000,  0.000000,  0.000000,  0.000000,  0.000000,  0.000000,  0.000000,  0.000000,  0.000000,  0.000000,  0.000000,  0.000000,  0.000000,  0.000000,  0.000000,  0.000000,  0.000000,  0.000000,  0.000000,  0.000000,  0.000000,  0.000000,  0.000000,  0.000000,  0.000000,  0.000000,  0.000000,  0.000000,  0.000000,  0.000000,  0.000000,  0.000000,  0.000000,  0.000000,  0.000000,  0.000000,  0.000000,  0.000000,  0.000000,  0.000000,  0.000000,  0.000000,  0.000000,  0.000000,  0.000000,  0.000000,  0.000000,  0.000000,  0.000000,  0.000000,  0.000000,  0.000000,  0.000000,  0.000000,  0.000000,  0.000000,  0.000000,  0.000000,  0.000000,  0.000000,  0.000000,  0.000000,  0.000000,  0.000000,  0.000000,  0.000000,  0.000000,  0.000000,  0.000000,  0.000000,  0.000000,  0.000000,  0.000000,  0.000000,  0.000000,  0.000000,  0.000000,  0.000000,  0.000000,  0.000000,  0.000000,  0.000000,  0.000000,  0.000000,  0.000000,  0.000000,  0.000000,  0.000000,  0.000000,  0.000000,  0.000000,  0.000000,  0.000000,  0.000000,  0.000000,  0.000000,  0.000000,  0.000000,  0.000000,  0.000000,  0.000000,  0.000000,  0.000000,  0.000000,  0.000000,  0.000000,  0.000000,  0.000000,  0.000000,  0.000000,  0.000000,  0.000000,  0.000000,  0.000000,  0.000000,  0.000000,  0.000000,  0.000000,  0.000000,  0.000000,  0.000000,  0.000000,  0.000000,  0.000000,  0.000000,  0.000000,  0.000000,  0.000000,  0.000000,  0.000000,  0.000000,  0.000000,  0.000000,  0.000000,  0.000000,  0.000000,  0.000000,  0.000000,  0.000000,  0.000000,  0.000000,  0.000000,  0.000000,  0.000000,  0.000000,  0.000000,  0.000000,  0.000000,  0.000000,  0.000000,  0.000000,  0.000000,  0.000000,  0.000000,  0.000000,  0.000000,  0.000000,  0.000000,  0.000000,  0.000000,  0.000000,  0.000000,  0.000000,  0.000000,  0.000000,  0.000000,  0.000000,  0.000000,  0.000000,  0.000000,  0.000000,  0.000000,  0.000000,  0.000000,  0.000000,  0.000000,  0.000000,  0.000000,  0.000000,  0.000000,  0.000000,  0.000000,  0.000000,  0.000000 ]
checksum = 1.000000
Repeated 5 time
f2=0.519581 a2=0.480419
f3=0.188549 a3=0.291869
f4=0.091850 a4=0.200020
f5=0.052578 a5=0.147442
f6=0.033331 a6=0.114111
f7=0.022672 a7=0.091439
f8=0.016237 a8=0.075202
f9=0.012095 a9=0.063106
f10=0.009295 a10=0.053812
f11=0.007324 a11=0.046488
f12=0.005892 a12=0.040596
f13=0.004824 a13=0.035772
f14=0.004008 a14=0.031764
f15=0.003373 a15=0.028392
f16=0.002870 a16=0.025521
f17=0.002467 a17=0.023055
f18=0.002138 a18=0.020916
f19=0.001868 a19=0.019049
f20=0.001643 a20=0.017405
f21=0.001454 a21=0.015951
f22=0.001295 a22=0.014656
f23=0.001159 a23=0.013498
f24=0.001042 a24=0.012456
f25=0.000941 a25=0.011516
f26=0.000853 a26=0.010663
f27=0.000776 a27=0.009887
f28=0.000708 a28=0.009179
f29=0.000649 a29=0.008530
f30=0.000596 a30=0.007933
f31=0.000549 a31=0.007384
f32=0.000507 a32=0.006877
f33=0.000470 a33=0.006407
f34=0.000436 a34=0.005971
f35=0.000406 a35=0.005565
f36=0.000378 a36=0.005187
f37=0.000353 a37=0.004834
f38=0.000330 a38=0.004504
f39=0.000309 a39=0.004195
f40=0.000290 a40=0.003904
f41=0.000273 a41=0.003631
f42=0.000257 a42=0.003374
f43=0.000242 a43=0.003132
f44=0.000229 a44=0.002903
f45=0.000216 a45=0.002686
f46=0.000205 a46=0.002482
f47=0.000194 a47=0.002287
f48=0.000184 a48=0.002103
f49=0.000175 a49=0.001928
f50=0.001928
[ 0.519581,  0.188549,  0.091850,  0.052578,  0.033331,  0.022672,  0.016237,  0.012095,  0.009295,  0.007324,  0.005892,  0.004824,  0.004008,  0.003373,  0.002870,  0.002467,  0.002138,  0.001868,  0.001643,  0.001454,  0.001295,  0.001159,  0.001042,  0.000941,  0.000853,  0.000776,  0.000708,  0.000649,  0.000596,  0.000549,  0.000507,  0.000470,  0.000436,  0.000406,  0.000378,  0.000353,  0.000330,  0.000309,  0.000290,  0.000273,  0.000257,  0.000242,  0.000229,  0.000216,  0.000205,  0.000194,  0.000184,  0.000175, 0.001928]
0.001928 == 0.001928

total 92007 nodes
[ 0.005000,  0.517798,  0.189975,  0.090037,  0.048420,  0.032248,  0.024694,  0.018009,  0.010771,  0.009880,  0.008619,  0.005391,  0.003293,  0.005380,  0.002880,  0.002065,  0.002522,  0.002272,  0.002782,  0.000456,  0.001674,  0.000761,  0.001619,  0.001272,  0.001196,  0.001402,  0.000207,  0.000565,  0.001261,  0.000456,  0.000163,  0.000446,  0.000565,  0.000109,  0.000239,  0.000848,  0.000228,  0.000413,  0.000304,  0.000630,  0.000152,  0.000076,  0.000141,  0.000315,  0.000174,  0.000380,  0.000304,  0.000120,  0.000033,  0.001456,  0.000000,  0.000000,  0.000000,  0.000000,  0.000000,  0.000000,  0.000000,  0.000000,  0.000000,  0.000000,  0.000000,  0.000000,  0.000000,  0.000000,  0.000000,  0.000000,  0.000000,  0.000000,  0.000000,  0.000000,  0.000000,  0.000000,  0.000000,  0.000000,  0.000000,  0.000000,  0.000000,  0.000000,  0.000000,  0.000000,  0.000000,  0.000000,  0.000000,  0.000000,  0.000000,  0.000000,  0.000000,  0.000000,  0.000000,  0.000000,  0.000000,  0.000000,  0.000000,  0.000000,  0.000000,  0.000000,  0.000000,  0.000000,  0.000000,  0.000000,  0.000000,  0.000000,  0.000000,  0.000000,  0.000000,  0.000000,  0.000000,  0.000000,  0.000000,  0.000000,  0.000000,  0.000000,  0.000000,  0.000000,  0.000000,  0.000000,  0.000000,  0.000000,  0.000000,  0.000000,  0.000000,  0.000000,  0.000000,  0.000000,  0.000000,  0.000000,  0.000000,  0.000000,  0.000000,  0.000000,  0.000000,  0.000000,  0.000000,  0.000000,  0.000000,  0.000000,  0.000000,  0.000000,  0.000000,  0.000000,  0.000000,  0.000000,  0.000000,  0.000000,  0.000000,  0.000000,  0.000000,  0.000000,  0.000000,  0.000000,  0.000000,  0.000000,  0.000000,  0.000000,  0.000000,  0.000000,  0.000000,  0.000000,  0.000000,  0.000000,  0.000000,  0.000000,  0.000000,  0.000000,  0.000000,  0.000000,  0.000000,  0.000000,  0.000000,  0.000000,  0.000000,  0.000000,  0.000000,  0.000000,  0.000000,  0.000000,  0.000000,  0.000000,  0.000000,  0.000000,  0.000000,  0.000000,  0.000000,  0.000000,  0.000000,  0.000000,  0.000000,  0.000000,  0.000000,  0.000000,  0.000000,  0.000000,  0.000000,  0.000000,  0.000000,  0.000000,  0.000000,  0.000000,  0.000000,  0.000000,  0.000000,  0.000000,  0.000000,  0.000000,  0.000000,  0.000000,  0.000000,  0.000000,  0.000000,  0.000000,  0.000000,  0.000000,  0.000000,  0.000000,  0.000000,  0.000000,  0.000000,  0.000000,  0.000000,  0.000000,  0.000000,  0.000000,  0.000000,  0.000000,  0.000000,  0.000000,  0.000000,  0.000000,  0.000000,  0.000000,  0.000000,  0.000000,  0.000000,  0.000000,  0.000000,  0.000000,  0.000000,  0.000000,  0.000000,  0.000000,  0.000000,  0.000000,  0.000000,  0.000000,  0.000000,  0.000000,  0.000000,  0.000000,  0.000000,  0.000000,  0.000000,  0.000000,  0.000000,  0.000000,  0.000000,  0.000000,  0.000000,  0.000000,  0.000000,  0.000000,  0.000000,  0.000000,  0.000000,  0.000000,  0.000000,  0.000000,  0.000000,  0.000000,  0.000000,  0.000000,  0.000000,  0.000000,  0.000000,  0.000000,  0.000000,  0.000000,  0.000000,  0.000000,  0.000000,  0.000000,  0.000000,  0.000000,  0.000000,  0.000000,  0.000000,  0.000000,  0.000000,  0.000000,  0.000000,  0.000000,  0.000000,  0.000000,  0.000000,  0.000000,  0.000000,  0.000000,  0.000000,  0.000000,  0.000000,  0.000000,  0.000000,  0.000000,  0.000000,  0.000000,  0.000000,  0.000000,  0.000000,  0.000000,  0.000000,  0.000000,  0.000000,  0.000000,  0.000000,  0.000000,  0.000000,  0.000000,  0.000000,  0.000000,  0.000000,  0.000000,  0.000000,  0.000000,  0.000000,  0.000000,  0.000000,  0.000000,  0.000000,  0.000000,  0.000000,  0.000000,  0.000000,  0.000000,  0.000000,  0.000000,  0.000000,  0.000000,  0.000000,  0.000000,  0.000000,  0.000000,  0.000000,  0.000000,  0.000000,  0.000000,  0.000000,  0.000000,  0.000000,  0.000000,  0.000000,  0.000000,  0.000000,  0.000000,  0.000000,  0.000000,  0.000000,  0.000000,  0.000000,  0.000000,  0.000000,  0.000000,  0.000000,  0.000000,  0.000000,  0.000000,  0.000000,  0.000000,  0.000000,  0.000000,  0.000000,  0.000000,  0.000000,  0.000000,  0.000000,  0.000000,  0.000000,  0.000000,  0.000000,  0.000000,  0.000000,  0.000000,  0.000000,  0.000000,  0.000000,  0.000000,  0.000000,  0.000000,  0.000000,  0.000000,  0.000000,  0.000000,  0.000000,  0.000000,  0.000000,  0.000000,  0.000000,  0.000000,  0.000000,  0.000000,  0.000000,  0.000000,  0.000000,  0.000000,  0.000000,  0.000000,  0.000000,  0.000000,  0.000000,  0.000000,  0.000000,  0.000000,  0.000000,  0.000000,  0.000000,  0.000000,  0.000000,  0.000000,  0.000000,  0.000000,  0.000000,  0.000000,  0.000000,  0.000000,  0.000000,  0.000000,  0.000000,  0.000000,  0.000000,  0.000000,  0.000000,  0.000000,  0.000000,  0.000000,  0.000000,  0.000000,  0.000000,  0.000000,  0.000000,  0.000000,  0.000000,  0.000000,  0.000000,  0.000000,  0.000000,  0.000000,  0.000000,  0.000000,  0.000000,  0.000000,  0.000000,  0.000000,  0.000000,  0.000000,  0.000000,  0.000000,  0.000000,  0.000000,  0.000000,  0.000000,  0.000000,  0.000000,  0.000000,  0.000000,  0.000000,  0.000000,  0.000000,  0.000000,  0.000000,  0.000000,  0.000000,  0.000000,  0.000000,  0.000000,  0.000000,  0.000000,  0.000000,  0.000000,  0.000000,  0.000000,  0.000000,  0.000000,  0.000000,  0.000000,  0.000000,  0.000000,  0.000000,  0.000000,  0.000000,  0.000000,  0.000000,  0.000000,  0.000000,  0.000000,  0.000000,  0.000000,  0.000000,  0.000000,  0.000000,  0.000000,  0.000000,  0.000000 ]
checksum = 1.000000
Repeated 6 time
f2=0.519581 a2=0.480419
f3=0.188549 a3=0.291869
f4=0.091850 a4=0.200020
f5=0.052578 a5=0.147442
f6=0.033331 a6=0.114111
f7=0.022672 a7=0.091439
f8=0.016237 a8=0.075202
f9=0.012095 a9=0.063106
f10=0.009295 a10=0.053812
f11=0.007324 a11=0.046488
f12=0.005892 a12=0.040596
f13=0.004824 a13=0.035772
f14=0.004008 a14=0.031764
f15=0.003373 a15=0.028392
f16=0.002870 a16=0.025521
f17=0.002467 a17=0.023055
f18=0.002138 a18=0.020916
f19=0.001868 a19=0.019049
f20=0.001643 a20=0.017405
f21=0.001454 a21=0.015951
f22=0.001295 a22=0.014656
f23=0.001159 a23=0.013498
f24=0.001042 a24=0.012456
f25=0.000941 a25=0.011516
f26=0.000853 a26=0.010663
f27=0.000776 a27=0.009887
f28=0.000708 a28=0.009179
f29=0.000649 a29=0.008530
f30=0.000596 a30=0.007933
f31=0.000549 a31=0.007384
f32=0.000507 a32=0.006877
f33=0.000470 a33=0.006407
f34=0.000436 a34=0.005971
f35=0.000406 a35=0.005565
f36=0.000378 a36=0.005187
f37=0.000353 a37=0.004834
f38=0.000330 a38=0.004504
f39=0.000309 a39=0.004195
f40=0.000290 a40=0.003904
f41=0.000273 a41=0.003631
f42=0.000257 a42=0.003374
f43=0.000242 a43=0.003132
f44=0.000229 a44=0.002903
f45=0.000216 a45=0.002686
f46=0.000205 a46=0.002482
f47=0.000194 a47=0.002287
f48=0.000184 a48=0.002103
f49=0.000175 a49=0.001928
f50=0.001928
[ 0.519581,  0.188549,  0.091850,  0.052578,  0.033331,  0.022672,  0.016237,  0.012095,  0.009295,  0.007324,  0.005892,  0.004824,  0.004008,  0.003373,  0.002870,  0.002467,  0.002138,  0.001868,  0.001643,  0.001454,  0.001295,  0.001159,  0.001042,  0.000941,  0.000853,  0.000776,  0.000708,  0.000649,  0.000596,  0.000549,  0.000507,  0.000470,  0.000436,  0.000406,  0.000378,  0.000353,  0.000330,  0.000309,  0.000290,  0.000273,  0.000257,  0.000242,  0.000229,  0.000216,  0.000205,  0.000194,  0.000184,  0.000175, 0.001928]
0.001928 == 0.001928

total 92150 nodes
[ 0.004916,  0.515605,  0.190331,  0.087694,  0.058068,  0.026641,  0.025578,  0.020662,  0.005176,  0.011601,  0.008041,  0.005600,  0.004981,  0.003538,  0.002713,  0.002973,  0.003136,  0.000901,  0.003592,  0.000608,  0.001443,  0.002409,  0.001780,  0.000423,  0.000781,  0.000640,  0.000814,  0.000402,  0.001205,  0.000109,  0.000326,  0.001226,  0.000358,  0.000391,  0.000380,  0.000228,  0.000054,  0.000521,  0.000163,  0.000326,  0.000054,  0.000456,  0.000629,  0.000119,  0.000304,  0.000043,  0.000000,  0.000260,  0.000684,  0.001118,  0.000000,  0.000000,  0.000000,  0.000000,  0.000000,  0.000000,  0.000000,  0.000000,  0.000000,  0.000000,  0.000000,  0.000000,  0.000000,  0.000000,  0.000000,  0.000000,  0.000000,  0.000000,  0.000000,  0.000000,  0.000000,  0.000000,  0.000000,  0.000000,  0.000000,  0.000000,  0.000000,  0.000000,  0.000000,  0.000000,  0.000000,  0.000000,  0.000000,  0.000000,  0.000000,  0.000000,  0.000000,  0.000000,  0.000000,  0.000000,  0.000000,  0.000000,  0.000000,  0.000000,  0.000000,  0.000000,  0.000000,  0.000000,  0.000000,  0.000000,  0.000000,  0.000000,  0.000000,  0.000000,  0.000000,  0.000000,  0.000000,  0.000000,  0.000000,  0.000000,  0.000000,  0.000000,  0.000000,  0.000000,  0.000000,  0.000000,  0.000000,  0.000000,  0.000000,  0.000000,  0.000000,  0.000000,  0.000000,  0.000000,  0.000000,  0.000000,  0.000000,  0.000000,  0.000000,  0.000000,  0.000000,  0.000000,  0.000000,  0.000000,  0.000000,  0.000000,  0.000000,  0.000000,  0.000000,  0.000000,  0.000000,  0.000000,  0.000000,  0.000000,  0.000000,  0.000000,  0.000000,  0.000000,  0.000000,  0.000000,  0.000000,  0.000000,  0.000000,  0.000000,  0.000000,  0.000000,  0.000000,  0.000000,  0.000000,  0.000000,  0.000000,  0.000000,  0.000000,  0.000000,  0.000000,  0.000000,  0.000000,  0.000000,  0.000000,  0.000000,  0.000000,  0.000000,  0.000000,  0.000000,  0.000000,  0.000000,  0.000000,  0.000000,  0.000000,  0.000000,  0.000000,  0.000000,  0.000000,  0.000000,  0.000000,  0.000000,  0.000000,  0.000000,  0.000000,  0.000000,  0.000000,  0.000000,  0.000000,  0.000000,  0.000000,  0.000000,  0.000000,  0.000000,  0.000000,  0.000000,  0.000000,  0.000000,  0.000000,  0.000000,  0.000000,  0.000000,  0.000000,  0.000000,  0.000000,  0.000000,  0.000000,  0.000000,  0.000000,  0.000000,  0.000000,  0.000000,  0.000000,  0.000000,  0.000000,  0.000000,  0.000000,  0.000000,  0.000000,  0.000000,  0.000000,  0.000000,  0.000000,  0.000000,  0.000000,  0.000000,  0.000000,  0.000000,  0.000000,  0.000000,  0.000000,  0.000000,  0.000000,  0.000000,  0.000000,  0.000000,  0.000000,  0.000000,  0.000000,  0.000000,  0.000000,  0.000000,  0.000000,  0.000000,  0.000000,  0.000000,  0.000000,  0.000000,  0.000000,  0.000000,  0.000000,  0.000000,  0.000000,  0.000000,  0.000000,  0.000000,  0.000000,  0.000000,  0.000000,  0.000000,  0.000000,  0.000000,  0.000000,  0.000000,  0.000000,  0.000000,  0.000000,  0.000000,  0.000000,  0.000000,  0.000000,  0.000000,  0.000000,  0.000000,  0.000000,  0.000000,  0.000000,  0.000000,  0.000000,  0.000000,  0.000000,  0.000000,  0.000000,  0.000000,  0.000000,  0.000000,  0.000000,  0.000000,  0.000000,  0.000000,  0.000000,  0.000000,  0.000000,  0.000000,  0.000000,  0.000000,  0.000000,  0.000000,  0.000000,  0.000000,  0.000000,  0.000000,  0.000000,  0.000000,  0.000000,  0.000000,  0.000000,  0.000000,  0.000000,  0.000000,  0.000000,  0.000000,  0.000000,  0.000000,  0.000000,  0.000000,  0.000000,  0.000000,  0.000000,  0.000000,  0.000000,  0.000000,  0.000000,  0.000000,  0.000000,  0.000000,  0.000000,  0.000000,  0.000000,  0.000000,  0.000000,  0.000000,  0.000000,  0.000000,  0.000000,  0.000000,  0.000000,  0.000000,  0.000000,  0.000000,  0.000000,  0.000000,  0.000000,  0.000000,  0.000000,  0.000000,  0.000000,  0.000000,  0.000000,  0.000000,  0.000000,  0.000000,  0.000000,  0.000000,  0.000000,  0.000000,  0.000000,  0.000000,  0.000000,  0.000000,  0.000000,  0.000000,  0.000000,  0.000000,  0.000000,  0.000000,  0.000000,  0.000000,  0.000000,  0.000000,  0.000000,  0.000000,  0.000000,  0.000000,  0.000000,  0.000000,  0.000000,  0.000000,  0.000000,  0.000000,  0.000000,  0.000000,  0.000000,  0.000000,  0.000000,  0.000000,  0.000000,  0.000000,  0.000000,  0.000000,  0.000000,  0.000000,  0.000000,  0.000000,  0.000000,  0.000000,  0.000000,  0.000000,  0.000000,  0.000000,  0.000000,  0.000000,  0.000000,  0.000000,  0.000000,  0.000000,  0.000000,  0.000000,  0.000000,  0.000000,  0.000000,  0.000000,  0.000000,  0.000000,  0.000000,  0.000000,  0.000000,  0.000000,  0.000000,  0.000000,  0.000000,  0.000000,  0.000000,  0.000000,  0.000000,  0.000000,  0.000000,  0.000000,  0.000000,  0.000000,  0.000000,  0.000000,  0.000000,  0.000000,  0.000000,  0.000000,  0.000000,  0.000000,  0.000000,  0.000000,  0.000000,  0.000000,  0.000000,  0.000000,  0.000000,  0.000000,  0.000000,  0.000000,  0.000000,  0.000000,  0.000000,  0.000000,  0.000000,  0.000000,  0.000000,  0.000000,  0.000000,  0.000000,  0.000000,  0.000000,  0.000000,  0.000000,  0.000000,  0.000000,  0.000000,  0.000000,  0.000000,  0.000000,  0.000000,  0.000000,  0.000000,  0.000000,  0.000000,  0.000000,  0.000000,  0.000000,  0.000000,  0.000000,  0.000000,  0.000000,  0.000000,  0.000000,  0.000000,  0.000000,  0.000000,  0.000000,  0.000000,  0.000000,  0.000000,  0.000000,  0.000000,  0.000000,  0.000000,  0.000000,  0.000000,  0.000000 ]
checksum = 1.000000
Repeated 7 time
f2=0.519581 a2=0.480419
f3=0.188549 a3=0.291869
f4=0.091850 a4=0.200020
f5=0.052578 a5=0.147442
f6=0.033331 a6=0.114111
f7=0.022672 a7=0.091439
f8=0.016237 a8=0.075202
f9=0.012095 a9=0.063106
f10=0.009295 a10=0.053812
f11=0.007324 a11=0.046488
f12=0.005892 a12=0.040596
f13=0.004824 a13=0.035772
f14=0.004008 a14=0.031764
f15=0.003373 a15=0.028392
f16=0.002870 a16=0.025521
f17=0.002467 a17=0.023055
f18=0.002138 a18=0.020916
f19=0.001868 a19=0.019049
f20=0.001643 a20=0.017405
f21=0.001454 a21=0.015951
f22=0.001295 a22=0.014656
f23=0.001159 a23=0.013498
f24=0.001042 a24=0.012456
f25=0.000941 a25=0.011516
f26=0.000853 a26=0.010663
f27=0.000776 a27=0.009887
f28=0.000708 a28=0.009179
f29=0.000649 a29=0.008530
f30=0.000596 a30=0.007933
f31=0.000549 a31=0.007384
f32=0.000507 a32=0.006877
f33=0.000470 a33=0.006407
f34=0.000436 a34=0.005971
f35=0.000406 a35=0.005565
f36=0.000378 a36=0.005187
f37=0.000353 a37=0.004834
f38=0.000330 a38=0.004504
f39=0.000309 a39=0.004195
f40=0.000290 a40=0.003904
f41=0.000273 a41=0.003631
f42=0.000257 a42=0.003374
f43=0.000242 a43=0.003132
f44=0.000229 a44=0.002903
f45=0.000216 a45=0.002686
f46=0.000205 a46=0.002482
f47=0.000194 a47=0.002287
f48=0.000184 a48=0.002103
f49=0.000175 a49=0.001928
f50=0.001928
[ 0.519581,  0.188549,  0.091850,  0.052578,  0.033331,  0.022672,  0.016237,  0.012095,  0.009295,  0.007324,  0.005892,  0.004824,  0.004008,  0.003373,  0.002870,  0.002467,  0.002138,  0.001868,  0.001643,  0.001454,  0.001295,  0.001159,  0.001042,  0.000941,  0.000853,  0.000776,  0.000708,  0.000649,  0.000596,  0.000549,  0.000507,  0.000470,  0.000436,  0.000406,  0.000378,  0.000353,  0.000330,  0.000309,  0.000290,  0.000273,  0.000257,  0.000242,  0.000229,  0.000216,  0.000205,  0.000194,  0.000184,  0.000175, 0.001928]
0.001928 == 0.001928

total 91991 nodes
[ 0.004446,  0.517061,  0.188355,  0.090052,  0.051668,  0.035645,  0.020915,  0.017393,  0.011827,  0.008109,  0.007403,  0.008001,  0.005229,  0.003055,  0.002979,  0.004207,  0.000500,  0.002218,  0.002468,  0.001326,  0.000870,  0.002435,  0.000413,  0.001109,  0.000174,  0.002457,  0.000522,  0.000641,  0.000533,  0.001098,  0.000348,  0.000250,  0.000435,  0.000207,  0.000174,  0.000565,  0.000380,  0.000185,  0.000315,  0.000065,  0.000707,  0.000098,  0.000337,  0.000587,  0.000087,  0.000076,  0.000185,  0.000261,  0.000043,  0.001587,  0.000000,  0.000000,  0.000000,  0.000000,  0.000000,  0.000000,  0.000000,  0.000000,  0.000000,  0.000000,  0.000000,  0.000000,  0.000000,  0.000000,  0.000000,  0.000000,  0.000000,  0.000000,  0.000000,  0.000000,  0.000000,  0.000000,  0.000000,  0.000000,  0.000000,  0.000000,  0.000000,  0.000000,  0.000000,  0.000000,  0.000000,  0.000000,  0.000000,  0.000000,  0.000000,  0.000000,  0.000000,  0.000000,  0.000000,  0.000000,  0.000000,  0.000000,  0.000000,  0.000000,  0.000000,  0.000000,  0.000000,  0.000000,  0.000000,  0.000000,  0.000000,  0.000000,  0.000000,  0.000000,  0.000000,  0.000000,  0.000000,  0.000000,  0.000000,  0.000000,  0.000000,  0.000000,  0.000000,  0.000000,  0.000000,  0.000000,  0.000000,  0.000000,  0.000000,  0.000000,  0.000000,  0.000000,  0.000000,  0.000000,  0.000000,  0.000000,  0.000000,  0.000000,  0.000000,  0.000000,  0.000000,  0.000000,  0.000000,  0.000000,  0.000000,  0.000000,  0.000000,  0.000000,  0.000000,  0.000000,  0.000000,  0.000000,  0.000000,  0.000000,  0.000000,  0.000000,  0.000000,  0.000000,  0.000000,  0.000000,  0.000000,  0.000000,  0.000000,  0.000000,  0.000000,  0.000000,  0.000000,  0.000000,  0.000000,  0.000000,  0.000000,  0.000000,  0.000000,  0.000000,  0.000000,  0.000000,  0.000000,  0.000000,  0.000000,  0.000000,  0.000000,  0.000000,  0.000000,  0.000000,  0.000000,  0.000000,  0.000000,  0.000000,  0.000000,  0.000000,  0.000000,  0.000000,  0.000000,  0.000000,  0.000000,  0.000000,  0.000000,  0.000000,  0.000000,  0.000000,  0.000000,  0.000000,  0.000000,  0.000000,  0.000000,  0.000000,  0.000000,  0.000000,  0.000000,  0.000000,  0.000000,  0.000000,  0.000000,  0.000000,  0.000000,  0.000000,  0.000000,  0.000000,  0.000000,  0.000000,  0.000000,  0.000000,  0.000000,  0.000000,  0.000000,  0.000000,  0.000000,  0.000000,  0.000000,  0.000000,  0.000000,  0.000000,  0.000000,  0.000000,  0.000000,  0.000000,  0.000000,  0.000000,  0.000000,  0.000000,  0.000000,  0.000000,  0.000000,  0.000000,  0.000000,  0.000000,  0.000000,  0.000000,  0.000000,  0.000000,  0.000000,  0.000000,  0.000000,  0.000000,  0.000000,  0.000000,  0.000000,  0.000000,  0.000000,  0.000000,  0.000000,  0.000000,  0.000000,  0.000000,  0.000000,  0.000000,  0.000000,  0.000000,  0.000000,  0.000000,  0.000000,  0.000000,  0.000000,  0.000000,  0.000000,  0.000000,  0.000000,  0.000000,  0.000000,  0.000000,  0.000000,  0.000000,  0.000000,  0.000000,  0.000000,  0.000000,  0.000000,  0.000000,  0.000000,  0.000000,  0.000000,  0.000000,  0.000000,  0.000000,  0.000000,  0.000000,  0.000000,  0.000000,  0.000000,  0.000000,  0.000000,  0.000000,  0.000000,  0.000000,  0.000000,  0.000000,  0.000000,  0.000000,  0.000000,  0.000000,  0.000000,  0.000000,  0.000000,  0.000000,  0.000000,  0.000000,  0.000000,  0.000000,  0.000000,  0.000000,  0.000000,  0.000000,  0.000000,  0.000000,  0.000000,  0.000000,  0.000000,  0.000000,  0.000000,  0.000000,  0.000000,  0.000000,  0.000000,  0.000000,  0.000000,  0.000000,  0.000000,  0.000000,  0.000000,  0.000000,  0.000000,  0.000000,  0.000000,  0.000000,  0.000000,  0.000000,  0.000000,  0.000000,  0.000000,  0.000000,  0.000000,  0.000000,  0.000000,  0.000000,  0.000000,  0.000000,  0.000000,  0.000000,  0.000000,  0.000000,  0.000000,  0.000000,  0.000000,  0.000000,  0.000000,  0.000000,  0.000000,  0.000000,  0.000000,  0.000000,  0.000000,  0.000000,  0.000000,  0.000000,  0.000000,  0.000000,  0.000000,  0.000000,  0.000000,  0.000000,  0.000000,  0.000000,  0.000000,  0.000000,  0.000000,  0.000000,  0.000000,  0.000000,  0.000000,  0.000000,  0.000000,  0.000000,  0.000000,  0.000000,  0.000000,  0.000000,  0.000000,  0.000000,  0.000000,  0.000000,  0.000000,  0.000000,  0.000000,  0.000000,  0.000000,  0.000000,  0.000000,  0.000000,  0.000000,  0.000000,  0.000000,  0.000000,  0.000000,  0.000000,  0.000000,  0.000000,  0.000000,  0.000000,  0.000000,  0.000000,  0.000000,  0.000000,  0.000000,  0.000000,  0.000000,  0.000000,  0.000000,  0.000000,  0.000000,  0.000000,  0.000000,  0.000000,  0.000000,  0.000000,  0.000000,  0.000000,  0.000000,  0.000000,  0.000000,  0.000000,  0.000000,  0.000000,  0.000000,  0.000000,  0.000000,  0.000000,  0.000000,  0.000000,  0.000000,  0.000000,  0.000000,  0.000000,  0.000000,  0.000000,  0.000000,  0.000000,  0.000000,  0.000000,  0.000000,  0.000000,  0.000000,  0.000000,  0.000000,  0.000000,  0.000000,  0.000000,  0.000000,  0.000000,  0.000000,  0.000000,  0.000000,  0.000000,  0.000000,  0.000000,  0.000000,  0.000000,  0.000000,  0.000000,  0.000000,  0.000000,  0.000000,  0.000000,  0.000000,  0.000000,  0.000000,  0.000000,  0.000000,  0.000000,  0.000000,  0.000000,  0.000000,  0.000000,  0.000000,  0.000000,  0.000000,  0.000000,  0.000000,  0.000000,  0.000000,  0.000000,  0.000000,  0.000000,  0.000000,  0.000000,  0.000000,  0.000000,  0.000000,  0.000000,  0.000000,  0.000000 ]
checksum = 1.000000
Repeated 8 time
f2=0.519581 a2=0.480419
f3=0.188549 a3=0.291869
f4=0.091850 a4=0.200020
f5=0.052578 a5=0.147442
f6=0.033331 a6=0.114111
f7=0.022672 a7=0.091439
f8=0.016237 a8=0.075202
f9=0.012095 a9=0.063106
f10=0.009295 a10=0.053812
f11=0.007324 a11=0.046488
f12=0.005892 a12=0.040596
f13=0.004824 a13=0.035772
f14=0.004008 a14=0.031764
f15=0.003373 a15=0.028392
f16=0.002870 a16=0.025521
f17=0.002467 a17=0.023055
f18=0.002138 a18=0.020916
f19=0.001868 a19=0.019049
f20=0.001643 a20=0.017405
f21=0.001454 a21=0.015951
f22=0.001295 a22=0.014656
f23=0.001159 a23=0.013498
f24=0.001042 a24=0.012456
f25=0.000941 a25=0.011516
f26=0.000853 a26=0.010663
f27=0.000776 a27=0.009887
f28=0.000708 a28=0.009179
f29=0.000649 a29=0.008530
f30=0.000596 a30=0.007933
f31=0.000549 a31=0.007384
f32=0.000507 a32=0.006877
f33=0.000470 a33=0.006407
f34=0.000436 a34=0.005971
f35=0.000406 a35=0.005565
f36=0.000378 a36=0.005187
f37=0.000353 a37=0.004834
f38=0.000330 a38=0.004504
f39=0.000309 a39=0.004195
f40=0.000290 a40=0.003904
f41=0.000273 a41=0.003631
f42=0.000257 a42=0.003374
f43=0.000242 a43=0.003132
f44=0.000229 a44=0.002903
f45=0.000216 a45=0.002686
f46=0.000205 a46=0.002482
f47=0.000194 a47=0.002287
f48=0.000184 a48=0.002103
f49=0.000175 a49=0.001928
f50=0.001928
[ 0.519581,  0.188549,  0.091850,  0.052578,  0.033331,  0.022672,  0.016237,  0.012095,  0.009295,  0.007324,  0.005892,  0.004824,  0.004008,  0.003373,  0.002870,  0.002467,  0.002138,  0.001868,  0.001643,  0.001454,  0.001295,  0.001159,  0.001042,  0.000941,  0.000853,  0.000776,  0.000708,  0.000649,  0.000596,  0.000549,  0.000507,  0.000470,  0.000436,  0.000406,  0.000378,  0.000353,  0.000330,  0.000309,  0.000290,  0.000273,  0.000257,  0.000242,  0.000229,  0.000216,  0.000205,  0.000194,  0.000184,  0.000175, 0.001928]
0.001928 == 0.001928

total 92011 nodes
[ 0.004543,  0.522209,  0.182130,  0.091717,  0.050798,  0.032800,  0.028040,  0.012314,  0.011423,  0.009423,  0.007553,  0.007412,  0.003880,  0.003673,  0.005010,  0.001750,  0.003750,  0.001239,  0.001196,  0.001076,  0.002945,  0.001695,  0.000293,  0.001239,  0.000478,  0.001217,  0.000728,  0.000152,  0.000978,  0.000619,  0.000989,  0.000435,  0.000033,  0.000554,  0.000989,  0.000391,  0.000043,  0.000609,  0.000000,  0.000261,  0.000163,  0.000196,  0.000000,  0.000250,  0.000065,  0.000511,  0.000174,  0.000185,  0.000761,  0.001109,  0.000000,  0.000000,  0.000000,  0.000000,  0.000000,  0.000000,  0.000000,  0.000000,  0.000000,  0.000000,  0.000000,  0.000000,  0.000000,  0.000000,  0.000000,  0.000000,  0.000000,  0.000000,  0.000000,  0.000000,  0.000000,  0.000000,  0.000000,  0.000000,  0.000000,  0.000000,  0.000000,  0.000000,  0.000000,  0.000000,  0.000000,  0.000000,  0.000000,  0.000000,  0.000000,  0.000000,  0.000000,  0.000000,  0.000000,  0.000000,  0.000000,  0.000000,  0.000000,  0.000000,  0.000000,  0.000000,  0.000000,  0.000000,  0.000000,  0.000000,  0.000000,  0.000000,  0.000000,  0.000000,  0.000000,  0.000000,  0.000000,  0.000000,  0.000000,  0.000000,  0.000000,  0.000000,  0.000000,  0.000000,  0.000000,  0.000000,  0.000000,  0.000000,  0.000000,  0.000000,  0.000000,  0.000000,  0.000000,  0.000000,  0.000000,  0.000000,  0.000000,  0.000000,  0.000000,  0.000000,  0.000000,  0.000000,  0.000000,  0.000000,  0.000000,  0.000000,  0.000000,  0.000000,  0.000000,  0.000000,  0.000000,  0.000000,  0.000000,  0.000000,  0.000000,  0.000000,  0.000000,  0.000000,  0.000000,  0.000000,  0.000000,  0.000000,  0.000000,  0.000000,  0.000000,  0.000000,  0.000000,  0.000000,  0.000000,  0.000000,  0.000000,  0.000000,  0.000000,  0.000000,  0.000000,  0.000000,  0.000000,  0.000000,  0.000000,  0.000000,  0.000000,  0.000000,  0.000000,  0.000000,  0.000000,  0.000000,  0.000000,  0.000000,  0.000000,  0.000000,  0.000000,  0.000000,  0.000000,  0.000000,  0.000000,  0.000000,  0.000000,  0.000000,  0.000000,  0.000000,  0.000000,  0.000000,  0.000000,  0.000000,  0.000000,  0.000000,  0.000000,  0.000000,  0.000000,  0.000000,  0.000000,  0.000000,  0.000000,  0.000000,  0.000000,  0.000000,  0.000000,  0.000000,  0.000000,  0.000000,  0.000000,  0.000000,  0.000000,  0.000000,  0.000000,  0.000000,  0.000000,  0.000000,  0.000000,  0.000000,  0.000000,  0.000000,  0.000000,  0.000000,  0.000000,  0.000000,  0.000000,  0.000000,  0.000000,  0.000000,  0.000000,  0.000000,  0.000000,  0.000000,  0.000000,  0.000000,  0.000000,  0.000000,  0.000000,  0.000000,  0.000000,  0.000000,  0.000000,  0.000000,  0.000000,  0.000000,  0.000000,  0.000000,  0.000000,  0.000000,  0.000000,  0.000000,  0.000000,  0.000000,  0.000000,  0.000000,  0.000000,  0.000000,  0.000000,  0.000000,  0.000000,  0.000000,  0.000000,  0.000000,  0.000000,  0.000000,  0.000000,  0.000000,  0.000000,  0.000000,  0.000000,  0.000000,  0.000000,  0.000000,  0.000000,  0.000000,  0.000000,  0.000000,  0.000000,  0.000000,  0.000000,  0.000000,  0.000000,  0.000000,  0.000000,  0.000000,  0.000000,  0.000000,  0.000000,  0.000000,  0.000000,  0.000000,  0.000000,  0.000000,  0.000000,  0.000000,  0.000000,  0.000000,  0.000000,  0.000000,  0.000000,  0.000000,  0.000000,  0.000000,  0.000000,  0.000000,  0.000000,  0.000000,  0.000000,  0.000000,  0.000000,  0.000000,  0.000000,  0.000000,  0.000000,  0.000000,  0.000000,  0.000000,  0.000000,  0.000000,  0.000000,  0.000000,  0.000000,  0.000000,  0.000000,  0.000000,  0.000000,  0.000000,  0.000000,  0.000000,  0.000000,  0.000000,  0.000000,  0.000000,  0.000000,  0.000000,  0.000000,  0.000000,  0.000000,  0.000000,  0.000000,  0.000000,  0.000000,  0.000000,  0.000000,  0.000000,  0.000000,  0.000000,  0.000000,  0.000000,  0.000000,  0.000000,  0.000000,  0.000000,  0.000000,  0.000000,  0.000000,  0.000000,  0.000000,  0.000000,  0.000000,  0.000000,  0.000000,  0.000000,  0.000000,  0.000000,  0.000000,  0.000000,  0.000000,  0.000000,  0.000000,  0.000000,  0.000000,  0.000000,  0.000000,  0.000000,  0.000000,  0.000000,  0.000000,  0.000000,  0.000000,  0.000000,  0.000000,  0.000000,  0.000000,  0.000000,  0.000000,  0.000000,  0.000000,  0.000000,  0.000000,  0.000000,  0.000000,  0.000000,  0.000000,  0.000000,  0.000000,  0.000000,  0.000000,  0.000000,  0.000000,  0.000000,  0.000000,  0.000000,  0.000000,  0.000000,  0.000000,  0.000000,  0.000000,  0.000000,  0.000000,  0.000000,  0.000000,  0.000000,  0.000000,  0.000000,  0.000000,  0.000000,  0.000000,  0.000000,  0.000000,  0.000000,  0.000000,  0.000000,  0.000000,  0.000000,  0.000000,  0.000000,  0.000000,  0.000000,  0.000000,  0.000000,  0.000000,  0.000000,  0.000000,  0.000000,  0.000000,  0.000000,  0.000000,  0.000000,  0.000000,  0.000000,  0.000000,  0.000000,  0.000000,  0.000000,  0.000000,  0.000000,  0.000000,  0.000000,  0.000000,  0.000000,  0.000000,  0.000000,  0.000000,  0.000000,  0.000000,  0.000000,  0.000000,  0.000000,  0.000000,  0.000000,  0.000000,  0.000000,  0.000000,  0.000000,  0.000000,  0.000000,  0.000000,  0.000000,  0.000000,  0.000000,  0.000000,  0.000000,  0.000000,  0.000000,  0.000000,  0.000000,  0.000000,  0.000000,  0.000000,  0.000000,  0.000000,  0.000000,  0.000000,  0.000000,  0.000000,  0.000000,  0.000000,  0.000000,  0.000000,  0.000000,  0.000000,  0.000000,  0.000000,  0.000000,  0.000000,  0.000000,  0.000000,  0.000000 ]
checksum = 1.000000
Repeated 9 time
f2=0.519581 a2=0.480419
f3=0.188549 a3=0.291869
f4=0.091850 a4=0.200020
f5=0.052578 a5=0.147442
f6=0.033331 a6=0.114111
f7=0.022672 a7=0.091439
f8=0.016237 a8=0.075202
f9=0.012095 a9=0.063106
f10=0.009295 a10=0.053812
f11=0.007324 a11=0.046488
f12=0.005892 a12=0.040596
f13=0.004824 a13=0.035772
f14=0.004008 a14=0.031764
f15=0.003373 a15=0.028392
f16=0.002870 a16=0.025521
f17=0.002467 a17=0.023055
f18=0.002138 a18=0.020916
f19=0.001868 a19=0.019049
f20=0.001643 a20=0.017405
f21=0.001454 a21=0.015951
f22=0.001295 a22=0.014656
f23=0.001159 a23=0.013498
f24=0.001042 a24=0.012456
f25=0.000941 a25=0.011516
f26=0.000853 a26=0.010663
f27=0.000776 a27=0.009887
f28=0.000708 a28=0.009179
f29=0.000649 a29=0.008530
f30=0.000596 a30=0.007933
f31=0.000549 a31=0.007384
f32=0.000507 a32=0.006877
f33=0.000470 a33=0.006407
f34=0.000436 a34=0.005971
f35=0.000406 a35=0.005565
f36=0.000378 a36=0.005187
f37=0.000353 a37=0.004834
f38=0.000330 a38=0.004504
f39=0.000309 a39=0.004195
f40=0.000290 a40=0.003904
f41=0.000273 a41=0.003631
f42=0.000257 a42=0.003374
f43=0.000242 a43=0.003132
f44=0.000229 a44=0.002903
f45=0.000216 a45=0.002686
f46=0.000205 a46=0.002482
f47=0.000194 a47=0.002287
f48=0.000184 a48=0.002103
f49=0.000175 a49=0.001928
f50=0.001928
[ 0.519581,  0.188549,  0.091850,  0.052578,  0.033331,  0.022672,  0.016237,  0.012095,  0.009295,  0.007324,  0.005892,  0.004824,  0.004008,  0.003373,  0.002870,  0.002467,  0.002138,  0.001868,  0.001643,  0.001454,  0.001295,  0.001159,  0.001042,  0.000941,  0.000853,  0.000776,  0.000708,  0.000649,  0.000596,  0.000549,  0.000507,  0.000470,  0.000436,  0.000406,  0.000378,  0.000353,  0.000330,  0.000309,  0.000290,  0.000273,  0.000257,  0.000242,  0.000229,  0.000216,  0.000205,  0.000194,  0.000184,  0.000175, 0.001928]
0.001928 == 0.001928

total 92211 nodes
[ 0.004772,  0.523723,  0.180727,  0.088612,  0.052434,  0.035885,  0.025713,  0.011810,  0.013003,  0.008090,  0.009706,  0.004674,  0.005368,  0.003546,  0.003470,  0.002874,  0.003264,  0.000531,  0.003438,  0.001204,  0.001811,  0.001291,  0.000900,  0.000965,  0.000629,  0.001225,  0.000271,  0.001052,  0.001084,  0.000455,  0.000510,  0.000369,  0.000022,  0.001074,  0.000271,  0.000412,  0.000108,  0.000423,  0.000314,  0.000239,  0.000390,  0.000651,  0.000152,  0.000271,  0.000108,  0.000065,  0.000369,  0.000098,  0.000369,  0.001258,  0.000000,  0.000000,  0.000000,  0.000000,  0.000000,  0.000000,  0.000000,  0.000000,  0.000000,  0.000000,  0.000000,  0.000000,  0.000000,  0.000000,  0.000000,  0.000000,  0.000000,  0.000000,  0.000000,  0.000000,  0.000000,  0.000000,  0.000000,  0.000000,  0.000000,  0.000000,  0.000000,  0.000000,  0.000000,  0.000000,  0.000000,  0.000000,  0.000000,  0.000000,  0.000000,  0.000000,  0.000000,  0.000000,  0.000000,  0.000000,  0.000000,  0.000000,  0.000000,  0.000000,  0.000000,  0.000000,  0.000000,  0.000000,  0.000000,  0.000000,  0.000000,  0.000000,  0.000000,  0.000000,  0.000000,  0.000000,  0.000000,  0.000000,  0.000000,  0.000000,  0.000000,  0.000000,  0.000000,  0.000000,  0.000000,  0.000000,  0.000000,  0.000000,  0.000000,  0.000000,  0.000000,  0.000000,  0.000000,  0.000000,  0.000000,  0.000000,  0.000000,  0.000000,  0.000000,  0.000000,  0.000000,  0.000000,  0.000000,  0.000000,  0.000000,  0.000000,  0.000000,  0.000000,  0.000000,  0.000000,  0.000000,  0.000000,  0.000000,  0.000000,  0.000000,  0.000000,  0.000000,  0.000000,  0.000000,  0.000000,  0.000000,  0.000000,  0.000000,  0.000000,  0.000000,  0.000000,  0.000000,  0.000000,  0.000000,  0.000000,  0.000000,  0.000000,  0.000000,  0.000000,  0.000000,  0.000000,  0.000000,  0.000000,  0.000000,  0.000000,  0.000000,  0.000000,  0.000000,  0.000000,  0.000000,  0.000000,  0.000000,  0.000000,  0.000000,  0.000000,  0.000000,  0.000000,  0.000000,  0.000000,  0.000000,  0.000000,  0.000000,  0.000000,  0.000000,  0.000000,  0.000000,  0.000000,  0.000000,  0.000000,  0.000000,  0.000000,  0.000000,  0.000000,  0.000000,  0.000000,  0.000000,  0.000000,  0.000000,  0.000000,  0.000000,  0.000000,  0.000000,  0.000000,  0.000000,  0.000000,  0.000000,  0.000000,  0.000000,  0.000000,  0.000000,  0.000000,  0.000000,  0.000000,  0.000000,  0.000000,  0.000000,  0.000000,  0.000000,  0.000000,  0.000000,  0.000000,  0.000000,  0.000000,  0.000000,  0.000000,  0.000000,  0.000000,  0.000000,  0.000000,  0.000000,  0.000000,  0.000000,  0.000000,  0.000000,  0.000000,  0.000000,  0.000000,  0.000000,  0.000000,  0.000000,  0.000000,  0.000000,  0.000000,  0.000000,  0.000000,  0.000000,  0.000000,  0.000000,  0.000000,  0.000000,  0.000000,  0.000000,  0.000000,  0.000000,  0.000000,  0.000000,  0.000000,  0.000000,  0.000000,  0.000000,  0.000000,  0.000000,  0.000000,  0.000000,  0.000000,  0.000000,  0.000000,  0.000000,  0.000000,  0.000000,  0.000000,  0.000000,  0.000000,  0.000000,  0.000000,  0.000000,  0.000000,  0.000000,  0.000000,  0.000000,  0.000000,  0.000000,  0.000000,  0.000000,  0.000000,  0.000000,  0.000000,  0.000000,  0.000000,  0.000000,  0.000000,  0.000000,  0.000000,  0.000000,  0.000000,  0.000000,  0.000000,  0.000000,  0.000000,  0.000000,  0.000000,  0.000000,  0.000000,  0.000000,  0.000000,  0.000000,  0.000000,  0.000000,  0.000000,  0.000000,  0.000000,  0.000000,  0.000000,  0.000000,  0.000000,  0.000000,  0.000000,  0.000000,  0.000000,  0.000000,  0.000000,  0.000000,  0.000000,  0.000000,  0.000000,  0.000000,  0.000000,  0.000000,  0.000000,  0.000000,  0.000000,  0.000000,  0.000000,  0.000000,  0.000000,  0.000000,  0.000000,  0.000000,  0.000000,  0.000000,  0.000000,  0.000000,  0.000000,  0.000000,  0.000000,  0.000000,  0.000000,  0.000000,  0.000000,  0.000000,  0.000000,  0.000000,  0.000000,  0.000000,  0.000000,  0.000000,  0.000000,  0.000000,  0.000000,  0.000000,  0.000000,  0.000000,  0.000000,  0.000000,  0.000000,  0.000000,  0.000000,  0.000000,  0.000000,  0.000000,  0.000000,  0.000000,  0.000000,  0.000000,  0.000000,  0.000000,  0.000000,  0.000000,  0.000000,  0.000000,  0.000000,  0.000000,  0.000000,  0.000000,  0.000000,  0.000000,  0.000000,  0.000000,  0.000000,  0.000000,  0.000000,  0.000000,  0.000000,  0.000000,  0.000000,  0.000000,  0.000000,  0.000000,  0.000000,  0.000000,  0.000000,  0.000000,  0.000000,  0.000000,  0.000000,  0.000000,  0.000000,  0.000000,  0.000000,  0.000000,  0.000000,  0.000000,  0.000000,  0.000000,  0.000000,  0.000000,  0.000000,  0.000000,  0.000000,  0.000000,  0.000000,  0.000000,  0.000000,  0.000000,  0.000000,  0.000000,  0.000000,  0.000000,  0.000000,  0.000000,  0.000000,  0.000000,  0.000000,  0.000000,  0.000000,  0.000000,  0.000000,  0.000000,  0.000000,  0.000000,  0.000000,  0.000000,  0.000000,  0.000000,  0.000000,  0.000000,  0.000000,  0.000000,  0.000000,  0.000000,  0.000000,  0.000000,  0.000000,  0.000000,  0.000000,  0.000000,  0.000000,  0.000000,  0.000000,  0.000000,  0.000000,  0.000000,  0.000000,  0.000000,  0.000000,  0.000000,  0.000000,  0.000000,  0.000000,  0.000000,  0.000000,  0.000000,  0.000000,  0.000000,  0.000000,  0.000000,  0.000000,  0.000000,  0.000000,  0.000000,  0.000000,  0.000000,  0.000000,  0.000000,  0.000000,  0.000000,  0.000000,  0.000000,  0.000000,  0.000000,  0.000000,  0.000000,  0.000000,  0.000000,  0.000000 ]
checksum = 1.000000
====================
[ 0.000000,  0.004733,  0.517756,  0.186627,  0.091113,  0.052333,  0.033383,  0.023208,  0.016547,  0.011047,  0.009241,  0.007923,  0.006069,  0.004925,  0.003598,  0.003038,  0.003153,  0.002522,  0.002024,  0.002282,  0.001154,  0.001510,  0.001693,  0.000755,  0.001421,  0.000729,  0.001218,  0.000601,  0.000487,  0.000902,  0.000558,  0.000574,  0.000587,  0.000346,  0.000478,  0.000363,  0.000451,  0.000243,  0.000336,  0.000298,  0.000333,  0.000240,  0.000260,  0.000191,  0.000269,  0.000171,  0.000231,  0.000185,  0.000260,  0.000295,  0.001339,  0.000000,  0.000000,  0.000000,  0.000000,  0.000000,  0.000000,  0.000000,  0.000000,  0.000000,  0.000000,  0.000000,  0.000000,  0.000000,  0.000000,  0.000000,  0.000000,  0.000000,  0.000000,  0.000000,  0.000000,  0.000000,  0.000000,  0.000000,  0.000000,  0.000000,  0.000000,  0.000000,  0.000000,  0.000000,  0.000000,  0.000000,  0.000000,  0.000000,  0.000000,  0.000000,  0.000000,  0.000000,  0.000000,  0.000000,  0.000000,  0.000000,  0.000000,  0.000000,  0.000000,  0.000000,  0.000000,  0.000000,  0.000000,  0.000000,  0.000000 ]
f2=0.519581 a2=0.480419
f3=0.188549 a3=0.291869
f4=0.091850 a4=0.200020
f5=0.052578 a5=0.147442
f6=0.033331 a6=0.114111
f7=0.022672 a7=0.091439
f8=0.016237 a8=0.075202
f9=0.012095 a9=0.063106
f10=0.009295 a10=0.053812
f11=0.007324 a11=0.046488
f12=0.005892 a12=0.040596
f13=0.004824 a13=0.035772
f14=0.004008 a14=0.031764
f15=0.003373 a15=0.028392
f16=0.002870 a16=0.025521
f17=0.002467 a17=0.023055
f18=0.002138 a18=0.020916
f19=0.001868 a19=0.019049
f20=0.001643 a20=0.017405
f21=0.001454 a21=0.015951
f22=0.001295 a22=0.014656
f23=0.001159 a23=0.013498
f24=0.001042 a24=0.012456
f25=0.000941 a25=0.011516
f26=0.000853 a26=0.010663
f27=0.000776 a27=0.009887
f28=0.000708 a28=0.009179
f29=0.000649 a29=0.008530
f30=0.000596 a30=0.007933
f31=0.000549 a31=0.007384
f32=0.000507 a32=0.006877
f33=0.000470 a33=0.006407
f34=0.000436 a34=0.005971
f35=0.000406 a35=0.005565
f36=0.000378 a36=0.005187
f37=0.000353 a37=0.004834
f38=0.000330 a38=0.004504
f39=0.000309 a39=0.004195
f40=0.000290 a40=0.003904
f41=0.000273 a41=0.003631
f42=0.000257 a42=0.003374
f43=0.000242 a43=0.003132
f44=0.000229 a44=0.002903
f45=0.000216 a45=0.002686
f46=0.000205 a46=0.002482
f47=0.000194 a47=0.002287
f48=0.000184 a48=0.002103
f49=0.000175 a49=0.001928
f50=0.001928
[ 0.519581,  0.188549,  0.091850,  0.052578,  0.033331,  0.022672,  0.016237,  0.012095,  0.009295,  0.007324,  0.005892,  0.004824,  0.004008,  0.003373,  0.002870,  0.002467,  0.002138,  0.001868,  0.001643,  0.001454,  0.001295,  0.001159,  0.001042,  0.000941,  0.000853,  0.000776,  0.000708,  0.000649,  0.000596,  0.000549,  0.000507,  0.000470,  0.000436,  0.000406,  0.000378,  0.000353,  0.000330,  0.000309,  0.000290,  0.000273,  0.000257,  0.000242,  0.000229,  0.000216,  0.000205,  0.000194,  0.000184,  0.000175, 0.001928]
0.001928 == 0.001928
