Repeated 0 time
f3=0.393928 a3=0.606072
f4=0.191898 a4=0.414173
f5=0.109849 a5=0.304325
f6=0.069637 a6=0.234687
f7=0.047367 a7=0.187320
f8=0.033923 a8=0.153397
f9=0.025271 a9=0.128127
f10=0.019419 a10=0.108708
f11=0.015302 a11=0.093406
f12=0.012310 a12=0.081096
f13=0.010078 a13=0.071018
f14=0.008373 a14=0.062645
f15=0.007047 a15=0.055598
f16=0.005997 a16=0.049601
f17=0.005153 a17=0.044448
f18=0.004467 a18=0.039981
f19=0.003902 a19=0.036078
f20=0.003433 a20=0.032645
f21=0.003039 a21=0.029607
f22=0.002705 a22=0.026902
f23=0.002420 a23=0.024481
f24=0.002176 a24=0.022305
f25=0.001965 a25=0.020340
f26=0.001782 a26=0.018559
f27=0.001621 a27=0.016938
f28=0.001480 a28=0.015457
f29=0.001356 a29=0.014101
f30=0.001246 a30=0.012856
f31=0.001148 a31=0.011708
f32=0.001060 a32=0.010648
f33=0.000982 a33=0.009666
f34=0.000911 a34=0.008755
f35=0.000847 a35=0.007908
f36=0.000790 a36=0.007118
f37=0.000737 a37=0.006381
f38=0.000690 a38=0.005691
f39=0.000646 a39=0.005045
f40=0.000607 a40=0.004438
f41=0.000571 a41=0.003867
f42=0.000537 a42=0.003330
f43=0.000506 a43=0.002824
f44=0.000478 a44=0.002345
f45=0.000452 a45=0.001893
f46=0.000428 a46=0.001465
f47=0.000405 a47=0.001060
f48=0.000385 a48=0.000675
f49=0.000365 a49=0.000310
f50=0.000310
[ 0.393928,  0.191898,  0.109849,  0.069637,  0.047367,  0.033923,  0.025271,  0.019419,  0.015302,  0.012310,  0.010078,  0.008373,  0.007047,  0.005997,  0.005153,  0.004467,  0.003902,  0.003433,  0.003039,  0.002705,  0.002420,  0.002176,  0.001965,  0.001782,  0.001621,  0.001480,  0.001356,  0.001246,  0.001148,  0.001060,  0.000982,  0.000911,  0.000847,  0.000790,  0.000737,  0.000690,  0.000646,  0.000607,  0.000571,  0.000537,  0.000506,  0.000478,  0.000452,  0.000428,  0.000405,  0.000385,  0.000365, 0.000310]
0.000310 == 0.000310

total 91794 nodes
[ 0.000011,  0.001340,  0.395701,  0.182626,  0.116816,  0.067336,  0.053903,  0.031647,  0.024893,  0.019620,  0.014609,  0.008868,  0.009674,  0.012583,  0.003105,  0.005425,  0.006547,  0.006743,  0.000643,  0.006732,  0.001710,  0.003290,  0.002418,  0.002255,  0.002233,  0.001079,  0.000948,  0.000741,  0.002658,  0.001351,  0.001580,  0.000904,  0.001242,  0.000087,  0.000828,  0.000327,  0.001427,  0.000490,  0.000654,  0.000686,  0.000436,  0.000599,  0.000959,  0.000011,  0.000512,  0.000686,  0.000327,  0.000196,  0.000545,  0.000000,  0.000000,  0.000000,  0.000000,  0.000000,  0.000000,  0.000000,  0.000000,  0.000000,  0.000000,  0.000000,  0.000000,  0.000000,  0.000000,  0.000000,  0.000000,  0.000000,  0.000000,  0.000000,  0.000000,  0.000000,  0.000000,  0.000000,  0.000000,  0.000000,  0.000000,  0.000000,  0.000000,  0.000000,  0.000000,  0.000000,  0.000000,  0.000000,  0.000000,  0.000000,  0.000000,  0.000000,  0.000000,  0.000000,  0.000000,  0.000000,  0.000000,  0.000000,  0.000000,  0.000000,  0.000000,  0.000000,  0.000000,  0.000000,  0.000000,  0.000000,  0.000000,  0.000000,  0.000000,  0.000000,  0.000000,  0.000000,  0.000000,  0.000000,  0.000000,  0.000000,  0.000000,  0.000000,  0.000000,  0.000000,  0.000000,  0.000000,  0.000000,  0.000000,  0.000000,  0.000000,  0.000000,  0.000000,  0.000000,  0.000000,  0.000000,  0.000000,  0.000000,  0.000000,  0.000000,  0.000000,  0.000000,  0.000000,  0.000000,  0.000000,  0.000000,  0.000000,  0.000000,  0.000000,  0.000000,  0.000000,  0.000000,  0.000000,  0.000000,  0.000000,  0.000000,  0.000000,  0.000000,  0.000000,  0.000000,  0.000000,  0.000000,  0.000000,  0.000000,  0.000000,  0.000000,  0.000000,  0.000000,  0.000000,  0.000000,  0.000000,  0.000000,  0.000000,  0.000000,  0.000000,  0.000000,  0.000000,  0.000000,  0.000000,  0.000000,  0.000000,  0.000000,  0.000000,  0.000000,  0.000000,  0.000000,  0.000000,  0.000000,  0.000000,  0.000000,  0.000000,  0.000000,  0.000000,  0.000000,  0.000000,  0.000000,  0.000000,  0.000000,  0.000000,  0.000000,  0.000000,  0.000000,  0.000000,  0.000000,  0.000000,  0.000000,  0.000000,  0.000000,  0.000000,  0.000000,  0.000000,  0.000000,  0.000000,  0.000000,  0.000000,  0.000000,  0.000000,  0.000000,  0.000000,  0.000000,  0.000000,  0.000000,  0.000000,  0.000000,  0.000000,  0.000000,  0.000000,  0.000000,  0.000000,  0.000000,  0.000000,  0.000000,  0.000000,  0.000000,  0.000000,  0.000000,  0.000000,  0.000000,  0.000000,  0.000000,  0.000000,  0.000000,  0.000000,  0.000000,  0.000000,  0.000000,  0.000000,  0.000000,  0.000000,  0.000000,  0.000000,  0.000000,  0.000000,  0.000000,  0.000000,  0.000000,  0.000000,  0.000000,  0.000000,  0.000000,  0.000000,  0.000000,  0.000000,  0.000000,  0.000000,  0.000000,  0.000000,  0.000000,  0.000000,  0.000000,  0.000000,  0.000000,  0.000000,  0.000000,  0.000000,  0.000000,  0.000000,  0.000000,  0.000000,  0.000000,  0.000000,  0.000000,  0.000000,  0.000000,  0.000000,  0.000000,  0.000000,  0.000000,  0.000000,  0.000000,  0.000000,  0.000000,  0.000000,  0.000000,  0.000000,  0.000000,  0.000000,  0.000000,  0.000000,  0.000000,  0.000000,  0.000000,  0.000000,  0.000000,  0.000000,  0.000000,  0.000000,  0.000000,  0.000000,  0.000000,  0.000000,  0.000000,  0.000000,  0.000000,  0.000000,  0.000000,  0.000000,  0.000000,  0.000000,  0.000000,  0.000000,  0.000000,  0.000000,  0.000000,  0.000000,  0.000000,  0.000000,  0.000000,  0.000000,  0.000000,  0.000000,  0.000000,  0.000000,  0.000000,  0.000000,  0.000000,  0.000000,  0.000000,  0.000000,  0.000000,  0.000000,  0.000000,  0.000000,  0.000000,  0.000000,  0.000000,  0.000000,  0.000000,  0.000000,  0.000000,  0.000000,  0.000000,  0.000000,  0.000000,  0.000000,  0.000000,  0.000000,  0.000000,  0.000000,  0.000000,  0.000000,  0.000000,  0.000000,  0.000000,  0.000000,  0.000000,  0.000000,  0.000000,  0.000000,  0.000000,  0.000000,  0.000000,  0.000000,  0.000000,  0.000000,  0.000000,  0.000000,  0.000000,  0.000000,  0.000000,  0.000000,  0.000000,  0.000000,  0.000000,  0.000000,  0.000000,  0.000000,  0.000000,  0.000000,  0.000000,  0.000000,  0.000000,  0.000000,  0.000000,  0.000000,  0.000000,  0.000000,  0.000000,  0.000000,  0.000000,  0.000000,  0.000000,  0.000000,  0.000000,  0.000000,  0.000000,  0.000000,  0.000000,  0.000000,  0.000000,  0.000000,  0.000000,  0.000000,  0.000000,  0.000000,  0.000000,  0.000000,  0.000000,  0.000000,  0.000000,  0.000000,  0.000000,  0.000000,  0.000000,  0.000000,  0.000000,  0.000000,  0.000000,  0.000000,  0.000000,  0.000000,  0.000000,  0.000000,  0.000000,  0.000000,  0.000000,  0.000000,  0.000000,  0.000000,  0.000000,  0.000000,  0.000000,  0.000000,  0.000000,  0.000000,  0.000000,  0.000000,  0.000000,  0.000000,  0.000000,  0.000000,  0.000000,  0.000000,  0.000000,  0.000000,  0.000000,  0.000000,  0.000000,  0.000000,  0.000000,  0.000000,  0.000000,  0.000000,  0.000000,  0.000000,  0.000000,  0.000000,  0.000000,  0.000000,  0.000000,  0.000000,  0.000000,  0.000000,  0.000000,  0.000000,  0.000000,  0.000000,  0.000000,  0.000000,  0.000000,  0.000000,  0.000000,  0.000000,  0.000000,  0.000000,  0.000000,  0.000000,  0.000000,  0.000000,  0.000000,  0.000000,  0.000000,  0.000000,  0.000000,  0.000000,  0.000000,  0.000000,  0.000000,  0.000000,  0.000000,  0.000000,  0.000000,  0.000000,  0.000000,  0.000000,  0.000000,  0.000000,  0.000000,  0.000000,  0.000000,  0.000000 ]
checksum = 1.000000
Repeated 1 time
f3=0.393928 a3=0.606072
f4=0.191898 a4=0.414173
f5=0.109849 a5=0.304325
f6=0.069637 a6=0.234687
f7=0.047367 a7=0.187320
f8=0.033923 a8=0.153397
f9=0.025271 a9=0.128127
f10=0.019419 a10=0.108708
f11=0.015302 a11=0.093406
f12=0.012310 a12=0.081096
f13=0.010078 a13=0.071018
f14=0.008373 a14=0.062645
f15=0.007047 a15=0.055598
f16=0.005997 a16=0.049601
f17=0.005153 a17=0.044448
f18=0.004467 a18=0.039981
f19=0.003902 a19=0.036078
f20=0.003433 a20=0.032645
f21=0.003039 a21=0.029607
f22=0.002705 a22=0.026902
f23=0.002420 a23=0.024481
f24=0.002176 a24=0.022305
f25=0.001965 a25=0.020340
f26=0.001782 a26=0.018559
f27=0.001621 a27=0.016938
f28=0.001480 a28=0.015457
f29=0.001356 a29=0.014101
f30=0.001246 a30=0.012856
f31=0.001148 a31=0.011708
f32=0.001060 a32=0.010648
f33=0.000982 a33=0.009666
f34=0.000911 a34=0.008755
f35=0.000847 a35=0.007908
f36=0.000790 a36=0.007118
f37=0.000737 a37=0.006381
f38=0.000690 a38=0.005691
f39=0.000646 a39=0.005045
f40=0.000607 a40=0.004438
f41=0.000571 a41=0.003867
f42=0.000537 a42=0.003330
f43=0.000506 a43=0.002824
f44=0.000478 a44=0.002345
f45=0.000452 a45=0.001893
f46=0.000428 a46=0.001465
f47=0.000405 a47=0.001060
f48=0.000385 a48=0.000675
f49=0.000365 a49=0.000310
f50=0.000310
[ 0.393928,  0.191898,  0.109849,  0.069637,  0.047367,  0.033923,  0.025271,  0.019419,  0.015302,  0.012310,  0.010078,  0.008373,  0.007047,  0.005997,  0.005153,  0.004467,  0.003902,  0.003433,  0.003039,  0.002705,  0.002420,  0.002176,  0.001965,  0.001782,  0.001621,  0.001480,  0.001356,  0.001246,  0.001148,  0.001060,  0.000982,  0.000911,  0.000847,  0.000790,  0.000737,  0.000690,  0.000646,  0.000607,  0.000571,  0.000537,  0.000506,  0.000478,  0.000452,  0.000428,  0.000405,  0.000385,  0.000365, 0.000310]
0.000310 == 0.000310

total 91972 nodes
[ 0.000011,  0.001707,  0.390293,  0.188307,  0.116242,  0.067879,  0.050352,  0.031205,  0.025084,  0.023909,  0.010601,  0.016027,  0.007394,  0.010242,  0.003577,  0.007339,  0.005154,  0.006676,  0.001522,  0.004643,  0.003034,  0.001326,  0.003512,  0.002588,  0.000609,  0.002794,  0.001772,  0.001620,  0.000337,  0.002490,  0.000457,  0.000478,  0.000979,  0.000304,  0.002425,  0.000000,  0.000674,  0.000859,  0.000457,  0.000652,  0.001131,  0.000011,  0.001207,  0.000294,  0.000348,  0.000239,  0.000152,  0.000587,  0.000500,  0.000000,  0.000000,  0.000000,  0.000000,  0.000000,  0.000000,  0.000000,  0.000000,  0.000000,  0.000000,  0.000000,  0.000000,  0.000000,  0.000000,  0.000000,  0.000000,  0.000000,  0.000000,  0.000000,  0.000000,  0.000000,  0.000000,  0.000000,  0.000000,  0.000000,  0.000000,  0.000000,  0.000000,  0.000000,  0.000000,  0.000000,  0.000000,  0.000000,  0.000000,  0.000000,  0.000000,  0.000000,  0.000000,  0.000000,  0.000000,  0.000000,  0.000000,  0.000000,  0.000000,  0.000000,  0.000000,  0.000000,  0.000000,  0.000000,  0.000000,  0.000000,  0.000000,  0.000000,  0.000000,  0.000000,  0.000000,  0.000000,  0.000000,  0.000000,  0.000000,  0.000000,  0.000000,  0.000000,  0.000000,  0.000000,  0.000000,  0.000000,  0.000000,  0.000000,  0.000000,  0.000000,  0.000000,  0.000000,  0.000000,  0.000000,  0.000000,  0.000000,  0.000000,  0.000000,  0.000000,  0.000000,  0.000000,  0.000000,  0.000000,  0.000000,  0.000000,  0.000000,  0.000000,  0.000000,  0.000000,  0.000000,  0.000000,  0.000000,  0.000000,  0.000000,  0.000000,  0.000000,  0.000000,  0.000000,  0.000000,  0.000000,  0.000000,  0.000000,  0.000000,  0.000000,  0.000000,  0.000000,  0.000000,  0.000000,  0.000000,  0.000000,  0.000000,  0.000000,  0.000000,  0.000000,  0.000000,  0.000000,  0.000000,  0.000000,  0.000000,  0.000000,  0.000000,  0.000000,  0.000000,  0.000000,  0.000000,  0.000000,  0.000000,  0.000000,  0.000000,  0.000000,  0.000000,  0.000000,  0.000000,  0.000000,  0.000000,  0.000000,  0.000000,  0.000000,  0.000000,  0.000000,  0.000000,  0.000000,  0.000000,  0.000000,  0.000000,  0.000000,  0.000000,  0.000000,  0.000000,  0.000000,  0.000000,  0.000000,  0.000000,  0.000000,  0.000000,  0.000000,  0.000000,  0.000000,  0.000000,  0.000000,  0.000000,  0.000000,  0.000000,  0.000000,  0.000000,  0.000000,  0.000000,  0.000000,  0.000000,  0.000000,  0.000000,  0.000000,  0.000000,  0.000000,  0.000000,  0.000000,  0.000000,  0.000000,  0.000000,  0.000000,  0.000000,  0.000000,  0.000000,  0.000000,  0.000000,  0.000000,  0.000000,  0.000000,  0.000000,  0.000000,  0.000000,  0.000000,  0.000000,  0.000000,  0.000000,  0.000000,  0.000000,  0.000000,  0.000000,  0.000000,  0.000000,  0.000000,  0.000000,  0.000000,  0.000000,  0.000000,  0.000000,  0.000000,  0.000000,  0.000000,  0.000000,  0.000000,  0.000000,  0.000000,  0.000000,  0.000000,  0.000000,  0.000000,  0.000000,  0.000000,  0.000000,  0.000000,  0.000000,  0.000000,  0.000000,  0.000000,  0.000000,  0.000000,  0.000000,  0.000000,  0.000000,  0.000000,  0.000000,  0.000000,  0.000000,  0.000000,  0.000000,  0.000000,  0.000000,  0.000000,  0.000000,  0.000000,  0.000000,  0.000000,  0.000000,  0.000000,  0.000000,  0.000000,  0.000000,  0.000000,  0.000000,  0.000000,  0.000000,  0.000000,  0.000000,  0.000000,  0.000000,  0.000000,  0.000000,  0.000000,  0.000000,  0.000000,  0.000000,  0.000000,  0.000000,  0.000000,  0.000000,  0.000000,  0.000000,  0.000000,  0.000000,  0.000000,  0.000000,  0.000000,  0.000000,  0.000000,  0.000000,  0.000000,  0.000000,  0.000000,  0.000000,  0.000000,  0.000000,  0.000000,  0.000000,  0.000000,  0.000000,  0.000000,  0.000000,  0.000000,  0.000000,  0.000000,  0.000000,  0.000000,  0.000000,  0.000000,  0.000000,  0.000000,  0.000000,  0.000000,  0.000000,  0.000000,  0.000000,  0.000000,  0.000000,  0.000000,  0.000000,  0.000000,  0.000000,  0.000000,  0.000000,  0.000000,  0.000000,  0.000000,  0.000000,  0.000000,  0.000000,  0.000000,  0.000000,  0.000000,  0.000000,  0.000000,  0.000000,  0.000000,  0.000000,  0.000000,  0.000000,  0.000000,  0.000000,  0.000000,  0.000000,  0.000000,  0.000000,  0.000000,  0.000000,  0.000000,  0.000000,  0.000000,  0.000000,  0.000000,  0.000000,  0.000000,  0.000000,  0.000000,  0.000000,  0.000000,  0.000000,  0.000000,  0.000000,  0.000000,  0.000000,  0.000000,  0.000000,  0.000000,  0.000000,  0.000000,  0.000000,  0.000000,  0.000000,  0.000000,  0.000000,  0.000000,  0.000000,  0.000000,  0.000000,  0.000000,  0.000000,  0.000000,  0.000000,  0.000000,  0.000000,  0.000000,  0.000000,  0.000000,  0.000000,  0.000000,  0.000000,  0.000000,  0.000000,  0.000000,  0.000000,  0.000000,  0.000000,  0.000000,  0.000000,  0.000000,  0.000000,  0.000000,  0.000000,  0.000000,  0.000000,  0.000000,  0.000000,  0.000000,  0.000000,  0.000000,  0.000000,  0.000000,  0.000000,  0.000000,  0.000000,  0.000000,  0.000000,  0.000000,  0.000000,  0.000000,  0.000000,  0.000000,  0.000000,  0.000000,  0.000000,  0.000000,  0.000000,  0.000000,  0.000000,  0.000000,  0.000000,  0.000000,  0.000000,  0.000000,  0.000000,  0.000000,  0.000000,  0.000000,  0.000000,  0.000000,  0.000000,  0.000000,  0.000000,  0.000000,  0.000000,  0.000000,  0.000000,  0.000000,  0.000000,  0.000000,  0.000000,  0.000000,  0.000000,  0.000000,  0.000000,  0.000000,  0.000000,  0.000000,  0.000000,  0.000000,  0.000000,  0.000000,  0.000000,  0.000000 ]
checksum = 1.000000
Repeated 2 time
f3=0.393928 a3=0.606072
f4=0.191898 a4=0.414173
f5=0.109849 a5=0.304325
f6=0.069637 a6=0.234687
f7=0.047367 a7=0.187320
f8=0.033923 a8=0.153397
f9=0.025271 a9=0.128127
f10=0.019419 a10=0.108708
f11=0.015302 a11=0.093406
f12=0.012310 a12=0.081096
f13=0.010078 a13=0.071018
f14=0.008373 a14=0.062645
f15=0.007047 a15=0.055598
f16=0.005997 a16=0.049601
f17=0.005153 a17=0.044448
f18=0.004467 a18=0.039981
f19=0.003902 a19=0.036078
f20=0.003433 a20=0.032645
f21=0.003039 a21=0.029607
f22=0.002705 a22=0.026902
f23=0.002420 a23=0.024481
f24=0.002176 a24=0.022305
f25=0.001965 a25=0.020340
f26=0.001782 a26=0.018559
f27=0.001621 a27=0.016938
f28=0.001480 a28=0.015457
f29=0.001356 a29=0.014101
f30=0.001246 a30=0.012856
f31=0.001148 a31=0.011708
f32=0.001060 a32=0.010648
f33=0.000982 a33=0.009666
f34=0.000911 a34=0.008755
f35=0.000847 a35=0.007908
f36=0.000790 a36=0.007118
f37=0.000737 a37=0.006381
f38=0.000690 a38=0.005691
f39=0.000646 a39=0.005045
f40=0.000607 a40=0.004438
f41=0.000571 a41=0.003867
f42=0.000537 a42=0.003330
f43=0.000506 a43=0.002824
f44=0.000478 a44=0.002345
f45=0.000452 a45=0.001893
f46=0.000428 a46=0.001465
f47=0.000405 a47=0.001060
f48=0.000385 a48=0.000675
f49=0.000365 a49=0.000310
f50=0.000310
[ 0.393928,  0.191898,  0.109849,  0.069637,  0.047367,  0.033923,  0.025271,  0.019419,  0.015302,  0.012310,  0.010078,  0.008373,  0.007047,  0.005997,  0.005153,  0.004467,  0.003902,  0.003433,  0.003039,  0.002705,  0.002420,  0.002176,  0.001965,  0.001782,  0.001621,  0.001480,  0.001356,  0.001246,  0.001148,  0.001060,  0.000982,  0.000911,  0.000847,  0.000790,  0.000737,  0.000690,  0.000646,  0.000607,  0.000571,  0.000537,  0.000506,  0.000478,  0.000452,  0.000428,  0.000405,  0.000385,  0.000365, 0.000310]
0.000310 == 0.000310

total 91934 nodes
[ 0.000033,  0.002132,  0.387136,  0.198893,  0.112428,  0.063339,  0.047567,  0.036363,  0.029869,  0.012335,  0.014489,  0.012150,  0.012194,  0.008223,  0.005896,  0.007669,  0.004177,  0.006429,  0.003677,  0.002350,  0.002339,  0.004210,  0.002980,  0.002078,  0.000381,  0.002165,  0.001131,  0.002502,  0.001414,  0.000228,  0.000674,  0.002567,  0.000620,  0.001186,  0.000751,  0.001099,  0.000174,  0.000914,  0.000152,  0.001251,  0.000381,  0.000381,  0.000435,  0.000359,  0.000196,  0.000892,  0.000207,  0.000446,  0.000544,  0.000000,  0.000000,  0.000000,  0.000000,  0.000000,  0.000000,  0.000000,  0.000000,  0.000000,  0.000000,  0.000000,  0.000000,  0.000000,  0.000000,  0.000000,  0.000000,  0.000000,  0.000000,  0.000000,  0.000000,  0.000000,  0.000000,  0.000000,  0.000000,  0.000000,  0.000000,  0.000000,  0.000000,  0.000000,  0.000000,  0.000000,  0.000000,  0.000000,  0.000000,  0.000000,  0.000000,  0.000000,  0.000000,  0.000000,  0.000000,  0.000000,  0.000000,  0.000000,  0.000000,  0.000000,  0.000000,  0.000000,  0.000000,  0.000000,  0.000000,  0.000000,  0.000000,  0.000000,  0.000000,  0.000000,  0.000000,  0.000000,  0.000000,  0.000000,  0.000000,  0.000000,  0.000000,  0.000000,  0.000000,  0.000000,  0.000000,  0.000000,  0.000000,  0.000000,  0.000000,  0.000000,  0.000000,  0.000000,  0.000000,  0.000000,  0.000000,  0.000000,  0.000000,  0.000000,  0.000000,  0.000000,  0.000000,  0.000000,  0.000000,  0.000000,  0.000000,  0.000000,  0.000000,  0.000000,  0.000000,  0.000000,  0.000000,  0.000000,  0.000000,  0.000000,  0.000000,  0.000000,  0.000000,  0.000000,  0.000000,  0.000000,  0.000000,  0.000000,  0.000000,  0.000000,  0.000000,  0.000000,  0.000000,  0.000000,  0.000000,  0.000000,  0.000000,  0.000000,  0.000000,  0.000000,  0.000000,  0.000000,  0.000000,  0.000000,  0.000000,  0.000000,  0.000000,  0.000000,  0.000000,  0.000000,  0.000000,  0.000000,  0.000000,  0.000000,  0.000000,  0.000000,  0.000000,  0.000000,  0.000000,  0.000000,  0.000000,  0.000000,  0.000000,  0.000000,  0.000000,  0.000000,  0.000000,  0.000000,  0.000000,  0.000000,  0.000000,  0.000000,  0.000000,  0.000000,  0.000000,  0.000000,  0.000000,  0.000000,  0.000000,  0.000000,  0.000000,  0.000000,  0.000000,  0.000000,  0.000000,  0.000000,  0.000000,  0.000000,  0.000000,  0.000000,  0.000000,  0.000000,  0.000000,  0.000000,  0.000000,  0.000000,  0.000000,  0.000000,  0.000000,  0.000000,  0.000000,  0.000000,  0.000000,  0.000000,  0.000000,  0.000000,  0.000000,  0.000000,  0.000000,  0.000000,  0.000000,  0.000000,  0.000000,  0.000000,  0.000000,  0.000000,  0.000000,  0.000000,  0.000000,  0.000000,  0.000000,  0.000000,  0.000000,  0.000000,  0.000000,  0.000000,  0.000000,  0.000000,  0.000000,  0.000000,  0.000000,  0.000000,  0.000000,  0.000000,  0.000000,  0.000000,  0.000000,  0.000000,  0.000000,  0.000000,  0.000000,  0.000000,  0.000000,  0.000000,  0.000000,  0.000000,  0.000000,  0.000000,  0.000000,  0.000000,  0.000000,  0.000000,  0.000000,  0.000000,  0.000000,  0.000000,  0.000000,  0.000000,  0.000000,  0.000000,  0.000000,  0.000000,  0.000000,  0.000000,  0.000000,  0.000000,  0.000000,  0.000000,  0.000000,  0.000000,  0.000000,  0.000000,  0.000000,  0.000000,  0.000000,  0.000000,  0.000000,  0.000000,  0.000000,  0.000000,  0.000000,  0.000000,  0.000000,  0.000000,  0.000000,  0.000000,  0.000000,  0.000000,  0.000000,  0.000000,  0.000000,  0.000000,  0.000000,  0.000000,  0.000000,  0.000000,  0.000000,  0.000000,  0.000000,  0.000000,  0.000000,  0.000000,  0.000000,  0.000000,  0.000000,  0.000000,  0.000000,  0.000000,  0.000000,  0.000000,  0.000000,  0.000000,  0.000000,  0.000000,  0.000000,  0.000000,  0.000000,  0.000000,  0.000000,  0.000000,  0.000000,  0.000000,  0.000000,  0.000000,  0.000000,  0.000000,  0.000000,  0.000000,  0.000000,  0.000000,  0.000000,  0.000000,  0.000000,  0.000000,  0.000000,  0.000000,  0.000000,  0.000000,  0.000000,  0.000000,  0.000000,  0.000000,  0.000000,  0.000000,  0.000000,  0.000000,  0.000000,  0.000000,  0.000000,  0.000000,  0.000000,  0.000000,  0.000000,  0.000000,  0.000000,  0.000000,  0.000000,  0.000000,  0.000000,  0.000000,  0.000000,  0.000000,  0.000000,  0.000000,  0.000000,  0.000000,  0.000000,  0.000000,  0.000000,  0.000000,  0.000000,  0.000000,  0.000000,  0.000000,  0.000000,  0.000000,  0.000000,  0.000000,  0.000000,  0.000000,  0.000000,  0.000000,  0.000000,  0.000000,  0.000000,  0.000000,  0.000000,  0.000000,  0.000000,  0.000000,  0.000000,  0.000000,  0.000000,  0.000000,  0.000000,  0.000000,  0.000000,  0.000000,  0.000000,  0.000000,  0.000000,  0.000000,  0.000000,  0.000000,  0.000000,  0.000000,  0.000000,  0.000000,  0.000000,  0.000000,  0.000000,  0.000000,  0.000000,  0.000000,  0.000000,  0.000000,  0.000000,  0.000000,  0.000000,  0.000000,  0.000000,  0.000000,  0.000000,  0.000000,  0.000000,  0.000000,  0.000000,  0.000000,  0.000000,  0.000000,  0.000000,  0.000000,  0.000000,  0.000000,  0.000000,  0.000000,  0.000000,  0.000000,  0.000000,  0.000000,  0.000000,  0.000000,  0.000000,  0.000000,  0.000000,  0.000000,  0.000000,  0.000000,  0.000000,  0.000000,  0.000000,  0.000000,  0.000000,  0.000000,  0.000000,  0.000000,  0.000000,  0.000000,  0.000000,  0.000000,  0.000000,  0.000000,  0.000000,  0.000000,  0.000000,  0.000000,  0.000000,  0.000000,  0.000000,  0.000000,  0.000000,  0.000000,  0.000000,  0.000000,  0.000000,  0.000000 ]
checksum = 1.000000
Repeated 3 time
f3=0.393928 a3=0.606072
f4=0.191898 a4=0.414173
f5=0.109849 a5=0.304325
f6=0.069637 a6=0.234687
f7=0.047367 a7=0.187320
f8=0.033923 a8=0.153397
f9=0.025271 a9=0.128127
f10=0.019419 a10=0.108708
f11=0.015302 a11=0.093406
f12=0.012310 a12=0.081096
f13=0.010078 a13=0.071018
f14=0.008373 a14=0.062645
f15=0.007047 a15=0.055598
f16=0.005997 a16=0.049601
f17=0.005153 a17=0.044448
f18=0.004467 a18=0.039981
f19=0.003902 a19=0.036078
f20=0.003433 a20=0.032645
f21=0.003039 a21=0.029607
f22=0.002705 a22=0.026902
f23=0.002420 a23=0.024481
f24=0.002176 a24=0.022305
f25=0.001965 a25=0.020340
f26=0.001782 a26=0.018559
f27=0.001621 a27=0.016938
f28=0.001480 a28=0.015457
f29=0.001356 a29=0.014101
f30=0.001246 a30=0.012856
f31=0.001148 a31=0.011708
f32=0.001060 a32=0.010648
f33=0.000982 a33=0.009666
f34=0.000911 a34=0.008755
f35=0.000847 a35=0.007908
f36=0.000790 a36=0.007118
f37=0.000737 a37=0.006381
f38=0.000690 a38=0.005691
f39=0.000646 a39=0.005045
f40=0.000607 a40=0.004438
f41=0.000571 a41=0.003867
f42=0.000537 a42=0.003330
f43=0.000506 a43=0.002824
f44=0.000478 a44=0.002345
f45=0.000452 a45=0.001893
f46=0.000428 a46=0.001465
f47=0.000405 a47=0.001060
f48=0.000385 a48=0.000675
f49=0.000365 a49=0.000310
f50=0.000310
[ 0.393928,  0.191898,  0.109849,  0.069637,  0.047367,  0.033923,  0.025271,  0.019419,  0.015302,  0.012310,  0.010078,  0.008373,  0.007047,  0.005997,  0.005153,  0.004467,  0.003902,  0.003433,  0.003039,  0.002705,  0.002420,  0.002176,  0.001965,  0.001782,  0.001621,  0.001480,  0.001356,  0.001246,  0.001148,  0.001060,  0.000982,  0.000911,  0.000847,  0.000790,  0.000737,  0.000690,  0.000646,  0.000607,  0.000571,  0.000537,  0.000506,  0.000478,  0.000452,  0.000428,  0.000405,  0.000385,  0.000365, 0.000310]
0.000310 == 0.000310

total 91592 nodes
[ 0.000000,  0.001463,  0.395460,  0.189089,  0.113525,  0.066228,  0.043596,  0.036608,  0.024533,  0.020438,  0.014794,  0.008265,  0.014172,  0.007315,  0.009138,  0.006540,  0.006070,  0.003647,  0.002074,  0.004258,  0.004258,  0.002020,  0.001015,  0.004564,  0.001146,  0.001725,  0.002238,  0.001736,  0.000568,  0.001168,  0.000819,  0.001332,  0.001485,  0.000972,  0.000306,  0.000873,  0.000917,  0.001081,  0.000022,  0.000076,  0.000775,  0.001004,  0.000076,  0.000087,  0.000699,  0.000502,  0.000251,  0.000546,  0.000524,  0.000000,  0.000000,  0.000000,  0.000000,  0.000000,  0.000000,  0.000000,  0.000000,  0.000000,  0.000000,  0.000000,  0.000000,  0.000000,  0.000000,  0.000000,  0.000000,  0.000000,  0.000000,  0.000000,  0.000000,  0.000000,  0.000000,  0.000000,  0.000000,  0.000000,  0.000000,  0.000000,  0.000000,  0.000000,  0.000000,  0.000000,  0.000000,  0.000000,  0.000000,  0.000000,  0.000000,  0.000000,  0.000000,  0.000000,  0.000000,  0.000000,  0.000000,  0.000000,  0.000000,  0.000000,  0.000000,  0.000000,  0.000000,  0.000000,  0.000000,  0.000000,  0.000000,  0.000000,  0.000000,  0.000000,  0.000000,  0.000000,  0.000000,  0.000000,  0.000000,  0.000000,  0.000000,  0.000000,  0.000000,  0.000000,  0.000000,  0.000000,  0.000000,  0.000000,  0.000000,  0.000000,  0.000000,  0.000000,  0.000000,  0.000000,  0.000000,  0.000000,  0.000000,  0.000000,  0.000000,  0.000000,  0.000000,  0.000000,  0.000000,  0.000000,  0.000000,  0.000000,  0.000000,  0.000000,  0.000000,  0.000000,  0.000000,  0.000000,  0.000000,  0.000000,  0.000000,  0.000000,  0.000000,  0.000000,  0.000000,  0.000000,  0.000000,  0.000000,  0.000000,  0.000000,  0.000000,  0.000000,  0.000000,  0.000000,  0.000000,  0.000000,  0.000000,  0.000000,  0.000000,  0.000000,  0.000000,  0.000000,  0.000000,  0.000000,  0.000000,  0.000000,  0.000000,  0.000000,  0.000000,  0.000000,  0.000000,  0.000000,  0.000000,  0.000000,  0.000000,  0.000000,  0.000000,  0.000000,  0.000000,  0.000000,  0.000000,  0.000000,  0.000000,  0.000000,  0.000000,  0.000000,  0.000000,  0.000000,  0.000000,  0.000000,  0.000000,  0.000000,  0.000000,  0.000000,  0.000000,  0.000000,  0.000000,  0.000000,  0.000000,  0.000000,  0.000000,  0.000000,  0.000000,  0.000000,  0.000000,  0.000000,  0.000000,  0.000000,  0.000000,  0.000000,  0.000000,  0.000000,  0.000000,  0.000000,  0.000000,  0.000000,  0.000000,  0.000000,  0.000000,  0.000000,  0.000000,  0.000000,  0.000000,  0.000000,  0.000000,  0.000000,  0.000000,  0.000000,  0.000000,  0.000000,  0.000000,  0.000000,  0.000000,  0.000000,  0.000000,  0.000000,  0.000000,  0.000000,  0.000000,  0.000000,  0.000000,  0.000000,  0.000000,  0.000000,  0.000000,  0.000000,  0.000000,  0.000000,  0.000000,  0.000000,  0.000000,  0.000000,  0.000000,  0.000000,  0.000000,  0.000000,  0.000000,  0.000000,  0.000000,  0.000000,  0.000000,  0.000000,  0.000000,  0.000000,  0.000000,  0.000000,  0.000000,  0.000000,  0.000000,  0.000000,  0.000000,  0.000000,  0.000000,  0.000000,  0.000000,  0.000000,  0.000000,  0.000000,  0.000000,  0.000000,  0.000000,  0.000000,  0.000000,  0.000000,  0.000000,  0.000000,  0.000000,  0.000000,  0.000000,  0.000000,  0.000000,  0.000000,  0.000000,  0.000000,  0.000000,  0.000000,  0.000000,  0.000000,  0.000000,  0.000000,  0.000000,  0.000000,  0.000000,  0.000000,  0.000000,  0.000000,  0.000000,  0.000000,  0.000000,  0.000000,  0.000000,  0.000000,  0.000000,  0.000000,  0.000000,  0.000000,  0.000000,  0.000000,  0.000000,  0.000000,  0.000000,  0.000000,  0.000000,  0.000000,  0.000000,  0.000000,  0.000000,  0.000000,  0.000000,  0.000000,  0.000000,  0.000000,  0.000000,  0.000000,  0.000000,  0.000000,  0.000000,  0.000000,  0.000000,  0.000000,  0.000000,  0.000000,  0.000000,  0.000000,  0.000000,  0.000000,  0.000000,  0.000000,  0.000000,  0.000000,  0.000000,  0.000000,  0.000000,  0.000000,  0.000000,  0.000000,  0.000000,  0.000000,  0.000000,  0.000000,  0.000000,  0.000000,  0.000000,  0.000000,  0.000000,  0.000000,  0.000000,  0.000000,  0.000000,  0.000000,  0.000000,  0.000000,  0.000000,  0.000000,  0.000000,  0.000000,  0.000000,  0.000000,  0.000000,  0.000000,  0.000000,  0.000000,  0.000000,  0.000000,  0.000000,  0.000000,  0.000000,  0.000000,  0.000000,  0.000000,  0.000000,  0.000000,  0.000000,  0.000000,  0.000000,  0.000000,  0.000000,  0.000000,  0.000000,  0.000000,  0.000000,  0.000000,  0.000000,  0.000000,  0.000000,  0.000000,  0.000000,  0.000000,  0.000000,  0.000000,  0.000000,  0.000000,  0.000000,  0.000000,  0.000000,  0.000000,  0.000000,  0.000000,  0.000000,  0.000000,  0.000000,  0.000000,  0.000000,  0.000000,  0.000000,  0.000000,  0.000000,  0.000000,  0.000000,  0.000000,  0.000000,  0.000000,  0.000000,  0.000000,  0.000000,  0.000000,  0.000000,  0.000000,  0.000000,  0.000000,  0.000000,  0.000000,  0.000000,  0.000000,  0.000000,  0.000000,  0.000000,  0.000000,  0.000000,  0.000000,  0.000000,  0.000000,  0.000000,  0.000000,  0.000000,  0.000000,  0.000000,  0.000000,  0.000000,  0.000000,  0.000000,  0.000000,  0.000000,  0.000000,  0.000000,  0.000000,  0.000000,  0.000000,  0.000000,  0.000000,  0.000000,  0.000000,  0.000000,  0.000000,  0.000000,  0.000000,  0.000000,  0.000000,  0.000000,  0.000000,  0.000000,  0.000000,  0.000000,  0.000000,  0.000000,  0.000000,  0.000000,  0.000000,  0.000000,  0.000000,  0.000000,  0.000000,  0.000000,  0.000000,  0.000000,  0.000000 ]
checksum = 1.000000
Repeated 4 time
f3=0.393928 a3=0.606072
f4=0.191898 a4=0.414173
f5=0.109849 a5=0.304325
f6=0.069637 a6=0.234687
f7=0.047367 a7=0.187320
f8=0.033923 a8=0.153397
f9=0.025271 a9=0.128127
f10=0.019419 a10=0.108708
f11=0.015302 a11=0.093406
f12=0.012310 a12=0.081096
f13=0.010078 a13=0.071018
f14=0.008373 a14=0.062645
f15=0.007047 a15=0.055598
f16=0.005997 a16=0.049601
f17=0.005153 a17=0.044448
f18=0.004467 a18=0.039981
f19=0.003902 a19=0.036078
f20=0.003433 a20=0.032645
f21=0.003039 a21=0.029607
f22=0.002705 a22=0.026902
f23=0.002420 a23=0.024481
f24=0.002176 a24=0.022305
f25=0.001965 a25=0.020340
f26=0.001782 a26=0.018559
f27=0.001621 a27=0.016938
f28=0.001480 a28=0.015457
f29=0.001356 a29=0.014101
f30=0.001246 a30=0.012856
f31=0.001148 a31=0.011708
f32=0.001060 a32=0.010648
f33=0.000982 a33=0.009666
f34=0.000911 a34=0.008755
f35=0.000847 a35=0.007908
f36=0.000790 a36=0.007118
f37=0.000737 a37=0.006381
f38=0.000690 a38=0.005691
f39=0.000646 a39=0.005045
f40=0.000607 a40=0.004438
f41=0.000571 a41=0.003867
f42=0.000537 a42=0.003330
f43=0.000506 a43=0.002824
f44=0.000478 a44=0.002345
f45=0.000452 a45=0.001893
f46=0.000428 a46=0.001465
f47=0.000405 a47=0.001060
f48=0.000385 a48=0.000675
f49=0.000365 a49=0.000310
f50=0.000310
[ 0.393928,  0.191898,  0.109849,  0.069637,  0.047367,  0.033923,  0.025271,  0.019419,  0.015302,  0.012310,  0.010078,  0.008373,  0.007047,  0.005997,  0.005153,  0.004467,  0.003902,  0.003433,  0.003039,  0.002705,  0.002420,  0.002176,  0.001965,  0.001782,  0.001621,  0.001480,  0.001356,  0.001246,  0.001148,  0.001060,  0.000982,  0.000911,  0.000847,  0.000790,  0.000737,  0.000690,  0.000646,  0.000607,  0.000571,  0.000537,  0.000506,  0.000478,  0.000452,  0.000428,  0.000405,  0.000385,  0.000365, 0.000310]
0.000310 == 0.000310

total 92204 nodes
[ 0.000022,  0.001388,  0.392228,  0.194742,  0.102946,  0.072849,  0.048349,  0.032287,  0.025791,  0.019728,  0.020162,  0.011767,  0.006063,  0.008102,  0.009045,  0.005553,  0.006518,  0.001356,  0.005184,  0.002397,  0.004273,  0.002234,  0.003210,  0.002137,  0.001258,  0.003818,  0.000597,  0.000640,  0.001432,  0.001844,  0.000336,  0.001508,  0.000683,  0.001247,  0.001334,  0.000315,  0.000531,  0.000803,  0.000792,  0.000553,  0.000390,  0.000553,  0.000488,  0.000304,  0.000456,  0.000607,  0.000141,  0.000662,  0.000347,  0.000033,  0.000000,  0.000000,  0.000000,  0.000000,  0.000000,  0.000000,  0.000000,  0.000000,  0.000000,  0.000000,  0.000000,  0.000000,  0.000000,  0.000000,  0.000000,  0.000000,  0.000000,  0.000000,  0.000000,  0.000000,  0.000000,  0.000000,  0.000000,  0.000000,  0.000000,  0.000000,  0.000000,  0.000000,  0.000000,  0.000000,  0.000000,  0.000000,  0.000000,  0.000000,  0.000000,  0.000000,  0.000000,  0.000000,  0.000000,  0.000000,  0.000000,  0.000000,  0.000000,  0.000000,  0.000000,  0.000000,  0.000000,  0.000000,  0.000000,  0.000000,  0.000000,  0.000000,  0.000000,  0.000000,  0.000000,  0.000000,  0.000000,  0.000000,  0.000000,  0.000000,  0.000000,  0.000000,  0.000000,  0.000000,  0.000000,  0.000000,  0.000000,  0.000000,  0.000000,  0.000000,  0.000000,  0.000000,  0.000000,  0.000000,  0.000000,  0.000000,  0.000000,  0.000000,  0.000000,  0.000000,  0.000000,  0.000000,  0.000000,  0.000000,  0.000000,  0.000000,  0.000000,  0.000000,  0.000000,  0.000000,  0.000000,  0.000000,  0.000000,  0.000000,  0.000000,  0.000000,  0.000000,  0.000000,  0.000000,  0.000000,  0.000000,  0.000000,  0.000000,  0.000000,  0.000000,  0.000000,  0.000000,  0.000000,  0.000000,  0.000000,  0.000000,  0.000000,  0.000000,  0.000000,  0.000000,  0.000000,  0.000000,  0.000000,  0.000000,  0.000000,  0.000000,  0.000000,  0.000000,  0.000000,  0.000000,  0.000000,  0.000000,  0.000000,  0.000000,  0.000000,  0.000000,  0.000000,  0.000000,  0.000000,  0.000000,  0.000000,  0.000000,  0.000000,  0.000000,  0.000000,  0.000000,  0.000000,  0.000000,  0.000000,  0.000000,  0.000000,  0.000000,  0.000000,  0.000000,  0.000000,  0.000000,  0.000000,  0.000000,  0.000000,  0.000000,  0.000000,  0.000000,  0.000000,  0.000000,  0.000000,  0.000000,  0.000000,  0.000000,  0.000000,  0.000000,  0.000000,  0.000000,  0.000000,  0.000000,  0.000000,  0.000000,  0.000000,  0.000000,  0.000000,  0.000000,  0.000000,  0.000000,  0.000000,  0.000000,  0.000000,  0.000000,  0.000000,  0.000000,  0.000000,  0.000000,  0.000000,  0.000000,  0.000000,  0.000000,  0.000000,  0.000000,  0.000000,  0.000000,  0.000000,  0.000000,  0.000000,  0.000000,  0.000000,  0.000000,  0.000000,  0.000000,  0.000000,  0.000000,  0.000000,  0.000000,  0.000000,  0.000000,  0.000000,  0.000000,  0.000000,  0.000000,  0.000000,  0.000000,  0.000000,  0.000000,  0.000000,  0.000000,  0.000000,  0.000000,  0.000000,  0.000000,  0.000000,  0.000000,  0.000000,  0.000000,  0.000000,  0.000000,  0.000000,  0.000000,  0.000000,  0.000000,  0.000000,  0.000000,  0.000000,  0.000000,  0.000000,  0.000000,  0.000000,  0.000000,  0.000000,  0.000000,  0.000000,  0.000000,  0.000000,  0.000000,  0.000000,  0.000000,  0.000000,  0.000000,  0.000000,  0.000000,  0.000000,  0.000000,  0.000000,  0.000000,  0.000000,  0.000000,  0.000000,  0.000000,  0.000000,  0.000000,  0.000000,  0.000000,  0.000000,  0.000000,  0.000000,  0.000000,  0.000000,  0.000000,  0.000000,  0.000000,  0.000000,  0.000000,  0.000000,  0.000000,  0.000000,  0.000000,  0.000000,  0.000000,  0.000000,  0.000000,  0.000000,  0.000000,  0.000000,  0.000000,  0.000000,  0.000000,  0.000000,  0.000000,  0.000000,  0.000000,  0.000000,  0.000000,  0.000000,  0.000000,  0.000000,  0.000000,  0.000000,  0.000000,  0.000000,  0.000000,  0.000000,  0.000000,  0.000000,  0.000000,  0.000000,  0.000000,  0.000000,  0.000000,  0.000000,  0.000000,  0.000000,  0.000000,  0.000000,  0.000000,  0.000000,  0.000000,  0.000000,  0.000000,  0.000000,  0.000000,  0.000000,  0.000000,  0.000000,  0.000000,  0.000000,  0.000000,  0.000000,  0.000000,  0.000000,  0.000000,  0.000000,  0.000000,  0.000000,  0.000000,  0.000000,  0.000000,  0.000000,  0.000000,  0.000000,  0.000000,  0.000000,  0.000000,  0.000000,  0.000000,  0.000000,  0.000000,  0.000000,  0.000000,  0.000000,  0.000000,  0.000000,  0.000000,  0.000000,  0.000000,  0.000000,  0.000000,  0.000000,  0.000000,  0.000000,  0.000000,  0.000000,  0.000000,  0.000000,  0.000000,  0.000000,  0.000000,  0.000000,  0.000000,  0.000000,  0.000000,  0.000000,  0.000000,  0.000000,  0.000000,  0.000000,  0.000000,  0.000000,  0.000000,  0.000000,  0.000000,  0.000000,  0.000000,  0.000000,  0.000000,  0.000000,  0.000000,  0.000000,  0.000000,  0.000000,  0.000000,  0.000000,  0.000000,  0.000000,  0.000000,  0.000000,  0.000000,  0.000000,  0.000000,  0.000000,  0.000000,  0.000000,  0.000000,  0.000000,  0.000000,  0.000000,  0.000000,  0.000000,  0.000000,  0.000000,  0.000000,  0.000000,  0.000000,  0.000000,  0.000000,  0.000000,  0.000000,  0.000000,  0.000000,  0.000000,  0.000000,  0.000000,  0.000000,  0.000000,  0.000000,  0.000000,  0.000000,  0.000000,  0.000000,  0.000000,  0.000000,  0.000000,  0.000000,  0.000000,  0.000000,  0.000000,  0.000000,  0.000000,  0.000000,  0.000000,  0.000000,  0.000000,  0.000000,  0.000000,  0.000000,  0.000000,  0.000000,  0.000000,  0.000000,  0.000000 ]
checksum = 1.000000
Repeated 5 time
f3=0.393928 a3=0.606072
f4=0.191898 a4=0.414173
f5=0.109849 a5=0.304325
f6=0.069637 a6=0.234687
f7=0.047367 a7=0.187320
f8=0.033923 a8=0.153397
f9=0.025271 a9=0.128127
f10=0.019419 a10=0.108708
f11=0.015302 a11=0.093406
f12=0.012310 a12=0.081096
f13=0.010078 a13=0.071018
f14=0.008373 a14=0.062645
f15=0.007047 a15=0.055598
f16=0.005997 a16=0.049601
f17=0.005153 a17=0.044448
f18=0.004467 a18=0.039981
f19=0.003902 a19=0.036078
f20=0.003433 a20=0.032645
f21=0.003039 a21=0.029607
f22=0.002705 a22=0.026902
f23=0.002420 a23=0.024481
f24=0.002176 a24=0.022305
f25=0.001965 a25=0.020340
f26=0.001782 a26=0.018559
f27=0.001621 a27=0.016938
f28=0.001480 a28=0.015457
f29=0.001356 a29=0.014101
f30=0.001246 a30=0.012856
f31=0.001148 a31=0.011708
f32=0.001060 a32=0.010648
f33=0.000982 a33=0.009666
f34=0.000911 a34=0.008755
f35=0.000847 a35=0.007908
f36=0.000790 a36=0.007118
f37=0.000737 a37=0.006381
f38=0.000690 a38=0.005691
f39=0.000646 a39=0.005045
f40=0.000607 a40=0.004438
f41=0.000571 a41=0.003867
f42=0.000537 a42=0.003330
f43=0.000506 a43=0.002824
f44=0.000478 a44=0.002345
f45=0.000452 a45=0.001893
f46=0.000428 a46=0.001465
f47=0.000405 a47=0.001060
f48=0.000385 a48=0.000675
f49=0.000365 a49=0.000310
f50=0.000310
[ 0.393928,  0.191898,  0.109849,  0.069637,  0.047367,  0.033923,  0.025271,  0.019419,  0.015302,  0.012310,  0.010078,  0.008373,  0.007047,  0.005997,  0.005153,  0.004467,  0.003902,  0.003433,  0.003039,  0.002705,  0.002420,  0.002176,  0.001965,  0.001782,  0.001621,  0.001480,  0.001356,  0.001246,  0.001148,  0.001060,  0.000982,  0.000911,  0.000847,  0.000790,  0.000737,  0.000690,  0.000646,  0.000607,  0.000571,  0.000537,  0.000506,  0.000478,  0.000452,  0.000428,  0.000405,  0.000385,  0.000365, 0.000310]
0.000310 == 0.000310

total 91900 nodes
[ 0.000022,  0.001795,  0.399815,  0.181023,  0.103700,  0.076975,  0.049402,  0.036007,  0.022165,  0.019967,  0.015256,  0.013732,  0.010098,  0.007856,  0.006170,  0.005158,  0.009434,  0.003275,  0.002655,  0.002416,  0.004266,  0.001610,  0.002622,  0.002590,  0.002024,  0.002971,  0.000087,  0.001088,  0.001055,  0.002144,  0.001676,  0.000457,  0.001338,  0.001654,  0.000370,  0.000044,  0.001153,  0.000218,  0.000849,  0.000631,  0.000925,  0.000087,  0.000424,  0.001034,  0.000109,  0.000501,  0.000326,  0.000457,  0.000359,  0.000011,  0.000000,  0.000000,  0.000000,  0.000000,  0.000000,  0.000000,  0.000000,  0.000000,  0.000000,  0.000000,  0.000000,  0.000000,  0.000000,  0.000000,  0.000000,  0.000000,  0.000000,  0.000000,  0.000000,  0.000000,  0.000000,  0.000000,  0.000000,  0.000000,  0.000000,  0.000000,  0.000000,  0.000000,  0.000000,  0.000000,  0.000000,  0.000000,  0.000000,  0.000000,  0.000000,  0.000000,  0.000000,  0.000000,  0.000000,  0.000000,  0.000000,  0.000000,  0.000000,  0.000000,  0.000000,  0.000000,  0.000000,  0.000000,  0.000000,  0.000000,  0.000000,  0.000000,  0.000000,  0.000000,  0.000000,  0.000000,  0.000000,  0.000000,  0.000000,  0.000000,  0.000000,  0.000000,  0.000000,  0.000000,  0.000000,  0.000000,  0.000000,  0.000000,  0.000000,  0.000000,  0.000000,  0.000000,  0.000000,  0.000000,  0.000000,  0.000000,  0.000000,  0.000000,  0.000000,  0.000000,  0.000000,  0.000000,  0.000000,  0.000000,  0.000000,  0.000000,  0.000000,  0.000000,  0.000000,  0.000000,  0.000000,  0.000000,  0.000000,  0.000000,  0.000000,  0.000000,  0.000000,  0.000000,  0.000000,  0.000000,  0.000000,  0.000000,  0.000000,  0.000000,  0.000000,  0.000000,  0.000000,  0.000000,  0.000000,  0.000000,  0.000000,  0.000000,  0.000000,  0.000000,  0.000000,  0.000000,  0.000000,  0.000000,  0.000000,  0.000000,  0.000000,  0.000000,  0.000000,  0.000000,  0.000000,  0.000000,  0.000000,  0.000000,  0.000000,  0.000000,  0.000000,  0.000000,  0.000000,  0.000000,  0.000000,  0.000000,  0.000000,  0.000000,  0.000000,  0.000000,  0.000000,  0.000000,  0.000000,  0.000000,  0.000000,  0.000000,  0.000000,  0.000000,  0.000000,  0.000000,  0.000000,  0.000000,  0.000000,  0.000000,  0.000000,  0.000000,  0.000000,  0.000000,  0.000000,  0.000000,  0.000000,  0.000000,  0.000000,  0.000000,  0.000000,  0.000000,  0.000000,  0.000000,  0.000000,  0.000000,  0.000000,  0.000000,  0.000000,  0.000000,  0.000000,  0.000000,  0.000000,  0.000000,  0.000000,  0.000000,  0.000000,  0.000000,  0.000000,  0.000000,  0.000000,  0.000000,  0.000000,  0.000000,  0.000000,  0.000000,  0.000000,  0.000000,  0.000000,  0.000000,  0.000000,  0.000000,  0.000000,  0.000000,  0.000000,  0.000000,  0.000000,  0.000000,  0.000000,  0.000000,  0.000000,  0.000000,  0.000000,  0.000000,  0.000000,  0.000000,  0.000000,  0.000000,  0.000000,  0.000000,  0.000000,  0.000000,  0.000000,  0.000000,  0.000000,  0.000000,  0.000000,  0.000000,  0.000000,  0.000000,  0.000000,  0.000000,  0.000000,  0.000000,  0.000000,  0.000000,  0.000000,  0.000000,  0.000000,  0.000000,  0.000000,  0.000000,  0.000000,  0.000000,  0.000000,  0.000000,  0.000000,  0.000000,  0.000000,  0.000000,  0.000000,  0.000000,  0.000000,  0.000000,  0.000000,  0.000000,  0.000000,  0.000000,  0.000000,  0.000000,  0.000000,  0.000000,  0.000000,  0.000000,  0.000000,  0.000000,  0.000000,  0.000000,  0.000000,  0.000000,  0.000000,  0.000000,  0.000000,  0.000000,  0.000000,  0.000000,  0.000000,  0.000000,  0.000000,  0.000000,  0.000000,  0.000000,  0.000000,  0.000000,  0.000000,  0.000000,  0.000000,  0.000000,  0.000000,  0.000000,  0.000000,  0.000000,  0.000000,  0.000000,  0.000000,  0.000000,  0.000000,  0.000000,  0.000000,  0.000000,  0.000000,  0.000000,  0.000000,  0.000000,  0.000000,  0.000000,  0.000000,  0.000000,  0.000000,  0.000000,  0.000000,  0.000000,  0.000000,  0.000000,  0.000000,  0.000000,  0.000000,  0.000000,  0.000000,  0.000000,  0.000000,  0.000000,  0.000000,  0.000000,  0.000000,  0.000000,  0.000000,  0.000000,  0.000000,  0.000000,  0.000000,  0.000000,  0.000000,  0.000000,  0.000000,  0.000000,  0.000000,  0.000000,  0.000000,  0.000000,  0.000000,  0.000000,  0.000000,  0.000000,  0.000000,  0.000000,  0.000000,  0.000000,  0.000000,  0.000000,  0.000000,  0.000000,  0.000000,  0.000000,  0.000000,  0.000000,  0.000000,  0.000000,  0.000000,  0.000000,  0.000000,  0.000000,  0.000000,  0.000000,  0.000000,  0.000000,  0.000000,  0.000000,  0.000000,  0.000000,  0.000000,  0.000000,  0.000000,  0.000000,  0.000000,  0.000000,  0.000000,  0.000000,  0.000000,  0.000000,  0.000000,  0.000000,  0.000000,  0.000000,  0.000000,  0.000000,  0.000000,  0.000000,  0.000000,  0.000000,  0.000000,  0.000000,  0.000000,  0.000000,  0.000000,  0.000000,  0.000000,  0.000000,  0.000000,  0.000000,  0.000000,  0.000000,  0.000000,  0.000000,  0.000000,  0.000000,  0.000000,  0.000000,  0.000000,  0.000000,  0.000000,  0.000000,  0.000000,  0.000000,  0.000000,  0.000000,  0.000000,  0.000000,  0.000000,  0.000000,  0.000000,  0.000000,  0.000000,  0.000000,  0.000000,  0.000000,  0.000000,  0.000000,  0.000000,  0.000000,  0.000000,  0.000000,  0.000000,  0.000000,  0.000000,  0.000000,  0.000000,  0.000000,  0.000000,  0.000000,  0.000000,  0.000000,  0.000000,  0.000000,  0.000000,  0.000000,  0.000000,  0.000000,  0.000000,  0.000000,  0.000000,  0.000000,  0.000000,  0.000000,  0.000000,  0.000000 ]
checksum = 1.000000
Repeated 6 time
f3=0.393928 a3=0.606072
f4=0.191898 a4=0.414173
f5=0.109849 a5=0.304325
f6=0.069637 a6=0.234687
f7=0.047367 a7=0.187320
f8=0.033923 a8=0.153397
f9=0.025271 a9=0.128127
f10=0.019419 a10=0.108708
f11=0.015302 a11=0.093406
f12=0.012310 a12=0.081096
f13=0.010078 a13=0.071018
f14=0.008373 a14=0.062645
f15=0.007047 a15=0.055598
f16=0.005997 a16=0.049601
f17=0.005153 a17=0.044448
f18=0.004467 a18=0.039981
f19=0.003902 a19=0.036078
f20=0.003433 a20=0.032645
f21=0.003039 a21=0.029607
f22=0.002705 a22=0.026902
f23=0.002420 a23=0.024481
f24=0.002176 a24=0.022305
f25=0.001965 a25=0.020340
f26=0.001782 a26=0.018559
f27=0.001621 a27=0.016938
f28=0.001480 a28=0.015457
f29=0.001356 a29=0.014101
f30=0.001246 a30=0.012856
f31=0.001148 a31=0.011708
f32=0.001060 a32=0.010648
f33=0.000982 a33=0.009666
f34=0.000911 a34=0.008755
f35=0.000847 a35=0.007908
f36=0.000790 a36=0.007118
f37=0.000737 a37=0.006381
f38=0.000690 a38=0.005691
f39=0.000646 a39=0.005045
f40=0.000607 a40=0.004438
f41=0.000571 a41=0.003867
f42=0.000537 a42=0.003330
f43=0.000506 a43=0.002824
f44=0.000478 a44=0.002345
f45=0.000452 a45=0.001893
f46=0.000428 a46=0.001465
f47=0.000405 a47=0.001060
f48=0.000385 a48=0.000675
f49=0.000365 a49=0.000310
f50=0.000310
[ 0.393928,  0.191898,  0.109849,  0.069637,  0.047367,  0.033923,  0.025271,  0.019419,  0.015302,  0.012310,  0.010078,  0.008373,  0.007047,  0.005997,  0.005153,  0.004467,  0.003902,  0.003433,  0.003039,  0.002705,  0.002420,  0.002176,  0.001965,  0.001782,  0.001621,  0.001480,  0.001356,  0.001246,  0.001148,  0.001060,  0.000982,  0.000911,  0.000847,  0.000790,  0.000737,  0.000690,  0.000646,  0.000607,  0.000571,  0.000537,  0.000506,  0.000478,  0.000452,  0.000428,  0.000405,  0.000385,  0.000365, 0.000310]
0.000310 == 0.000310

total 92632 nodes
[ 0.000000,  0.001479,  0.398232,  0.180564,  0.118803,  0.069620,  0.046679,  0.028608,  0.024506,  0.023340,  0.016225,  0.009478,  0.013311,  0.008302,  0.006866,  0.002343,  0.006488,  0.004804,  0.002267,  0.003714,  0.004286,  0.004037,  0.003357,  0.000076,  0.000572,  0.003962,  0.001587,  0.000972,  0.002343,  0.000486,  0.001349,  0.001533,  0.000712,  0.000486,  0.001166,  0.000734,  0.000237,  0.000723,  0.001036,  0.000939,  0.000162,  0.000291,  0.001069,  0.000000,  0.000529,  0.000497,  0.000184,  0.000507,  0.000529,  0.000011,  0.000000,  0.000000,  0.000000,  0.000000,  0.000000,  0.000000,  0.000000,  0.000000,  0.000000,  0.000000,  0.000000,  0.000000,  0.000000,  0.000000,  0.000000,  0.000000,  0.000000,  0.000000,  0.000000,  0.000000,  0.000000,  0.000000,  0.000000,  0.000000,  0.000000,  0.000000,  0.000000,  0.000000,  0.000000,  0.000000,  0.000000,  0.000000,  0.000000,  0.000000,  0.000000,  0.000000,  0.000000,  0.000000,  0.000000,  0.000000,  0.000000,  0.000000,  0.000000,  0.000000,  0.000000,  0.000000,  0.000000,  0.000000,  0.000000,  0.000000,  0.000000,  0.000000,  0.000000,  0.000000,  0.000000,  0.000000,  0.000000,  0.000000,  0.000000,  0.000000,  0.000000,  0.000000,  0.000000,  0.000000,  0.000000,  0.000000,  0.000000,  0.000000,  0.000000,  0.000000,  0.000000,  0.000000,  0.000000,  0.000000,  0.000000,  0.000000,  0.000000,  0.000000,  0.000000,  0.000000,  0.000000,  0.000000,  0.000000,  0.000000,  0.000000,  0.000000,  0.000000,  0.000000,  0.000000,  0.000000,  0.000000,  0.000000,  0.000000,  0.000000,  0.000000,  0.000000,  0.000000,  0.000000,  0.000000,  0.000000,  0.000000,  0.000000,  0.000000,  0.000000,  0.000000,  0.000000,  0.000000,  0.000000,  0.000000,  0.000000,  0.000000,  0.000000,  0.000000,  0.000000,  0.000000,  0.000000,  0.000000,  0.000000,  0.000000,  0.000000,  0.000000,  0.000000,  0.000000,  0.000000,  0.000000,  0.000000,  0.000000,  0.000000,  0.000000,  0.000000,  0.000000,  0.000000,  0.000000,  0.000000,  0.000000,  0.000000,  0.000000,  0.000000,  0.000000,  0.000000,  0.000000,  0.000000,  0.000000,  0.000000,  0.000000,  0.000000,  0.000000,  0.000000,  0.000000,  0.000000,  0.000000,  0.000000,  0.000000,  0.000000,  0.000000,  0.000000,  0.000000,  0.000000,  0.000000,  0.000000,  0.000000,  0.000000,  0.000000,  0.000000,  0.000000,  0.000000,  0.000000,  0.000000,  0.000000,  0.000000,  0.000000,  0.000000,  0.000000,  0.000000,  0.000000,  0.000000,  0.000000,  0.000000,  0.000000,  0.000000,  0.000000,  0.000000,  0.000000,  0.000000,  0.000000,  0.000000,  0.000000,  0.000000,  0.000000,  0.000000,  0.000000,  0.000000,  0.000000,  0.000000,  0.000000,  0.000000,  0.000000,  0.000000,  0.000000,  0.000000,  0.000000,  0.000000,  0.000000,  0.000000,  0.000000,  0.000000,  0.000000,  0.000000,  0.000000,  0.000000,  0.000000,  0.000000,  0.000000,  0.000000,  0.000000,  0.000000,  0.000000,  0.000000,  0.000000,  0.000000,  0.000000,  0.000000,  0.000000,  0.000000,  0.000000,  0.000000,  0.000000,  0.000000,  0.000000,  0.000000,  0.000000,  0.000000,  0.000000,  0.000000,  0.000000,  0.000000,  0.000000,  0.000000,  0.000000,  0.000000,  0.000000,  0.000000,  0.000000,  0.000000,  0.000000,  0.000000,  0.000000,  0.000000,  0.000000,  0.000000,  0.000000,  0.000000,  0.000000,  0.000000,  0.000000,  0.000000,  0.000000,  0.000000,  0.000000,  0.000000,  0.000000,  0.000000,  0.000000,  0.000000,  0.000000,  0.000000,  0.000000,  0.000000,  0.000000,  0.000000,  0.000000,  0.000000,  0.000000,  0.000000,  0.000000,  0.000000,  0.000000,  0.000000,  0.000000,  0.000000,  0.000000,  0.000000,  0.000000,  0.000000,  0.000000,  0.000000,  0.000000,  0.000000,  0.000000,  0.000000,  0.000000,  0.000000,  0.000000,  0.000000,  0.000000,  0.000000,  0.000000,  0.000000,  0.000000,  0.000000,  0.000000,  0.000000,  0.000000,  0.000000,  0.000000,  0.000000,  0.000000,  0.000000,  0.000000,  0.000000,  0.000000,  0.000000,  0.000000,  0.000000,  0.000000,  0.000000,  0.000000,  0.000000,  0.000000,  0.000000,  0.000000,  0.000000,  0.000000,  0.000000,  0.000000,  0.000000,  0.000000,  0.000000,  0.000000,  0.000000,  0.000000,  0.000000,  0.000000,  0.000000,  0.000000,  0.000000,  0.000000,  0.000000,  0.000000,  0.000000,  0.000000,  0.000000,  0.000000,  0.000000,  0.000000,  0.000000,  0.000000,  0.000000,  0.000000,  0.000000,  0.000000,  0.000000,  0.000000,  0.000000,  0.000000,  0.000000,  0.000000,  0.000000,  0.000000,  0.000000,  0.000000,  0.000000,  0.000000,  0.000000,  0.000000,  0.000000,  0.000000,  0.000000,  0.000000,  0.000000,  0.000000,  0.000000,  0.000000,  0.000000,  0.000000,  0.000000,  0.000000,  0.000000,  0.000000,  0.000000,  0.000000,  0.000000,  0.000000,  0.000000,  0.000000,  0.000000,  0.000000,  0.000000,  0.000000,  0.000000,  0.000000,  0.000000,  0.000000,  0.000000,  0.000000,  0.000000,  0.000000,  0.000000,  0.000000,  0.000000,  0.000000,  0.000000,  0.000000,  0.000000,  0.000000,  0.000000,  0.000000,  0.000000,  0.000000,  0.000000,  0.000000,  0.000000,  0.000000,  0.000000,  0.000000,  0.000000,  0.000000,  0.000000,  0.000000,  0.000000,  0.000000,  0.000000,  0.000000,  0.000000,  0.000000,  0.000000,  0.000000,  0.000000,  0.000000,  0.000000,  0.000000,  0.000000,  0.000000,  0.000000,  0.000000,  0.000000,  0.000000,  0.000000,  0.000000,  0.000000,  0.000000,  0.000000,  0.000000,  0.000000,  0.000000,  0.000000,  0.000000,  0.000000,  0.000000,  0.000000 ]
checksum = 1.000000
Repeated 7 time
f3=0.393928 a3=0.606072
f4=0.191898 a4=0.414173
f5=0.109849 a5=0.304325
f6=0.069637 a6=0.234687
f7=0.047367 a7=0.187320
f8=0.033923 a8=0.153397
f9=0.025271 a9=0.128127
f10=0.019419 a10=0.108708
f11=0.015302 a11=0.093406
f12=0.012310 a12=0.081096
f13=0.010078 a13=0.071018
f14=0.008373 a14=0.062645
f15=0.007047 a15=0.055598
f16=0.005997 a16=0.049601
f17=0.005153 a17=0.044448
f18=0.004467 a18=0.039981
f19=0.003902 a19=0.036078
f20=0.003433 a20=0.032645
f21=0.003039 a21=0.029607
f22=0.002705 a22=0.026902
f23=0.002420 a23=0.024481
f24=0.002176 a24=0.022305
f25=0.001965 a25=0.020340
f26=0.001782 a26=0.018559
f27=0.001621 a27=0.016938
f28=0.001480 a28=0.015457
f29=0.001356 a29=0.014101
f30=0.001246 a30=0.012856
f31=0.001148 a31=0.011708
f32=0.001060 a32=0.010648
f33=0.000982 a33=0.009666
f34=0.000911 a34=0.008755
f35=0.000847 a35=0.007908
f36=0.000790 a36=0.007118
f37=0.000737 a37=0.006381
f38=0.000690 a38=0.005691
f39=0.000646 a39=0.005045
f40=0.000607 a40=0.004438
f41=0.000571 a41=0.003867
f42=0.000537 a42=0.003330
f43=0.000506 a43=0.002824
f44=0.000478 a44=0.002345
f45=0.000452 a45=0.001893
f46=0.000428 a46=0.001465
f47=0.000405 a47=0.001060
f48=0.000385 a48=0.000675
f49=0.000365 a49=0.000310
f50=0.000310
[ 0.393928,  0.191898,  0.109849,  0.069637,  0.047367,  0.033923,  0.025271,  0.019419,  0.015302,  0.012310,  0.010078,  0.008373,  0.007047,  0.005997,  0.005153,  0.004467,  0.003902,  0.003433,  0.003039,  0.002705,  0.002420,  0.002176,  0.001965,  0.001782,  0.001621,  0.001480,  0.001356,  0.001246,  0.001148,  0.001060,  0.000982,  0.000911,  0.000847,  0.000790,  0.000737,  0.000690,  0.000646,  0.000607,  0.000571,  0.000537,  0.000506,  0.000478,  0.000452,  0.000428,  0.000405,  0.000385,  0.000365, 0.000310]
0.000310 == 0.000310

total 91932 nodes
[ 0.000022,  0.001806,  0.387982,  0.197396,  0.110234,  0.072586,  0.042303,  0.034504,  0.023267,  0.020308,  0.018503,  0.012672,  0.009779,  0.006363,  0.008234,  0.003970,  0.006690,  0.002741,  0.003198,  0.006298,  0.001153,  0.002556,  0.005645,  0.000468,  0.000228,  0.002089,  0.001284,  0.003209,  0.000968,  0.002089,  0.000381,  0.000664,  0.000685,  0.000642,  0.000772,  0.001044,  0.000772,  0.001338,  0.000522,  0.000076,  0.000783,  0.000413,  0.000533,  0.000674,  0.000555,  0.000337,  0.000533,  0.000163,  0.000566,  0.000000,  0.000000,  0.000000,  0.000000,  0.000000,  0.000000,  0.000000,  0.000000,  0.000000,  0.000000,  0.000000,  0.000000,  0.000000,  0.000000,  0.000000,  0.000000,  0.000000,  0.000000,  0.000000,  0.000000,  0.000000,  0.000000,  0.000000,  0.000000,  0.000000,  0.000000,  0.000000,  0.000000,  0.000000,  0.000000,  0.000000,  0.000000,  0.000000,  0.000000,  0.000000,  0.000000,  0.000000,  0.000000,  0.000000,  0.000000,  0.000000,  0.000000,  0.000000,  0.000000,  0.000000,  0.000000,  0.000000,  0.000000,  0.000000,  0.000000,  0.000000,  0.000000,  0.000000,  0.000000,  0.000000,  0.000000,  0.000000,  0.000000,  0.000000,  0.000000,  0.000000,  0.000000,  0.000000,  0.000000,  0.000000,  0.000000,  0.000000,  0.000000,  0.000000,  0.000000,  0.000000,  0.000000,  0.000000,  0.000000,  0.000000,  0.000000,  0.000000,  0.000000,  0.000000,  0.000000,  0.000000,  0.000000,  0.000000,  0.000000,  0.000000,  0.000000,  0.000000,  0.000000,  0.000000,  0.000000,  0.000000,  0.000000,  0.000000,  0.000000,  0.000000,  0.000000,  0.000000,  0.000000,  0.000000,  0.000000,  0.000000,  0.000000,  0.000000,  0.000000,  0.000000,  0.000000,  0.000000,  0.000000,  0.000000,  0.000000,  0.000000,  0.000000,  0.000000,  0.000000,  0.000000,  0.000000,  0.000000,  0.000000,  0.000000,  0.000000,  0.000000,  0.000000,  0.000000,  0.000000,  0.000000,  0.000000,  0.000000,  0.000000,  0.000000,  0.000000,  0.000000,  0.000000,  0.000000,  0.000000,  0.000000,  0.000000,  0.000000,  0.000000,  0.000000,  0.000000,  0.000000,  0.000000,  0.000000,  0.000000,  0.000000,  0.000000,  0.000000,  0.000000,  0.000000,  0.000000,  0.000000,  0.000000,  0.000000,  0.000000,  0.000000,  0.000000,  0.000000,  0.000000,  0.000000,  0.000000,  0.000000,  0.000000,  0.000000,  0.000000,  0.000000,  0.000000,  0.000000,  0.000000,  0.000000,  0.000000,  0.000000,  0.000000,  0.000000,  0.000000,  0.000000,  0.000000,  0.000000,  0.000000,  0.000000,  0.000000,  0.000000,  0.000000,  0.000000,  0.000000,  0.000000,  0.000000,  0.000000,  0.000000,  0.000000,  0.000000,  0.000000,  0.000000,  0.000000,  0.000000,  0.000000,  0.000000,  0.000000,  0.000000,  0.000000,  0.000000,  0.000000,  0.000000,  0.000000,  0.000000,  0.000000,  0.000000,  0.000000,  0.000000,  0.000000,  0.000000,  0.000000,  0.000000,  0.000000,  0.000000,  0.000000,  0.000000,  0.000000,  0.000000,  0.000000,  0.000000,  0.000000,  0.000000,  0.000000,  0.000000,  0.000000,  0.000000,  0.000000,  0.000000,  0.000000,  0.000000,  0.000000,  0.000000,  0.000000,  0.000000,  0.000000,  0.000000,  0.000000,  0.000000,  0.000000,  0.000000,  0.000000,  0.000000,  0.000000,  0.000000,  0.000000,  0.000000,  0.000000,  0.000000,  0.000000,  0.000000,  0.000000,  0.000000,  0.000000,  0.000000,  0.000000,  0.000000,  0.000000,  0.000000,  0.000000,  0.000000,  0.000000,  0.000000,  0.000000,  0.000000,  0.000000,  0.000000,  0.000000,  0.000000,  0.000000,  0.000000,  0.000000,  0.000000,  0.000000,  0.000000,  0.000000,  0.000000,  0.000000,  0.000000,  0.000000,  0.000000,  0.000000,  0.000000,  0.000000,  0.000000,  0.000000,  0.000000,  0.000000,  0.000000,  0.000000,  0.000000,  0.000000,  0.000000,  0.000000,  0.000000,  0.000000,  0.000000,  0.000000,  0.000000,  0.000000,  0.000000,  0.000000,  0.000000,  0.000000,  0.000000,  0.000000,  0.000000,  0.000000,  0.000000,  0.000000,  0.000000,  0.000000,  0.000000,  0.000000,  0.000000,  0.000000,  0.000000,  0.000000,  0.000000,  0.000000,  0.000000,  0.000000,  0.000000,  0.000000,  0.000000,  0.000000,  0.000000,  0.000000,  0.000000,  0.000000,  0.000000,  0.000000,  0.000000,  0.000000,  0.000000,  0.000000,  0.000000,  0.000000,  0.000000,  0.000000,  0.000000,  0.000000,  0.000000,  0.000000,  0.000000,  0.000000,  0.000000,  0.000000,  0.000000,  0.000000,  0.000000,  0.000000,  0.000000,  0.000000,  0.000000,  0.000000,  0.000000,  0.000000,  0.000000,  0.000000,  0.000000,  0.000000,  0.000000,  0.000000,  0.000000,  0.000000,  0.000000,  0.000000,  0.000000,  0.000000,  0.000000,  0.000000,  0.000000,  0.000000,  0.000000,  0.000000,  0.000000,  0.000000,  0.000000,  0.000000,  0.000000,  0.000000,  0.000000,  0.000000,  0.000000,  0.000000,  0.000000,  0.000000,  0.000000,  0.000000,  0.000000,  0.000000,  0.000000,  0.000000,  0.000000,  0.000000,  0.000000,  0.000000,  0.000000,  0.000000,  0.000000,  0.000000,  0.000000,  0.000000,  0.000000,  0.000000,  0.000000,  0.000000,  0.000000,  0.000000,  0.000000,  0.000000,  0.000000,  0.000000,  0.000000,  0.000000,  0.000000,  0.000000,  0.000000,  0.000000,  0.000000,  0.000000,  0.000000,  0.000000,  0.000000,  0.000000,  0.000000,  0.000000,  0.000000,  0.000000,  0.000000,  0.000000,  0.000000,  0.000000,  0.000000,  0.000000,  0.000000,  0.000000,  0.000000,  0.000000,  0.000000,  0.000000,  0.000000,  0.000000,  0.000000,  0.000000,  0.000000,  0.000000,  0.000000,  0.000000,  0.000000,  0.000000 ]
checksum = 1.000000
Repeated 8 time
f3=0.393928 a3=0.606072
f4=0.191898 a4=0.414173
f5=0.109849 a5=0.304325
f6=0.069637 a6=0.234687
f7=0.047367 a7=0.187320
f8=0.033923 a8=0.153397
f9=0.025271 a9=0.128127
f10=0.019419 a10=0.108708
f11=0.015302 a11=0.093406
f12=0.012310 a12=0.081096
f13=0.010078 a13=0.071018
f14=0.008373 a14=0.062645
f15=0.007047 a15=0.055598
f16=0.005997 a16=0.049601
f17=0.005153 a17=0.044448
f18=0.004467 a18=0.039981
f19=0.003902 a19=0.036078
f20=0.003433 a20=0.032645
f21=0.003039 a21=0.029607
f22=0.002705 a22=0.026902
f23=0.002420 a23=0.024481
f24=0.002176 a24=0.022305
f25=0.001965 a25=0.020340
f26=0.001782 a26=0.018559
f27=0.001621 a27=0.016938
f28=0.001480 a28=0.015457
f29=0.001356 a29=0.014101
f30=0.001246 a30=0.012856
f31=0.001148 a31=0.011708
f32=0.001060 a32=0.010648
f33=0.000982 a33=0.009666
f34=0.000911 a34=0.008755
f35=0.000847 a35=0.007908
f36=0.000790 a36=0.007118
f37=0.000737 a37=0.006381
f38=0.000690 a38=0.005691
f39=0.000646 a39=0.005045
f40=0.000607 a40=0.004438
f41=0.000571 a41=0.003867
f42=0.000537 a42=0.003330
f43=0.000506 a43=0.002824
f44=0.000478 a44=0.002345
f45=0.000452 a45=0.001893
f46=0.000428 a46=0.001465
f47=0.000405 a47=0.001060
f48=0.000385 a48=0.000675
f49=0.000365 a49=0.000310
f50=0.000310
[ 0.393928,  0.191898,  0.109849,  0.069637,  0.047367,  0.033923,  0.025271,  0.019419,  0.015302,  0.012310,  0.010078,  0.008373,  0.007047,  0.005997,  0.005153,  0.004467,  0.003902,  0.003433,  0.003039,  0.002705,  0.002420,  0.002176,  0.001965,  0.001782,  0.001621,  0.001480,  0.001356,  0.001246,  0.001148,  0.001060,  0.000982,  0.000911,  0.000847,  0.000790,  0.000737,  0.000690,  0.000646,  0.000607,  0.000571,  0.000537,  0.000506,  0.000478,  0.000452,  0.000428,  0.000405,  0.000385,  0.000365, 0.000310]
0.000310 == 0.000310

total 92304 nodes
[ 0.000033,  0.001625,  0.386505,  0.195051,  0.116257,  0.064396,  0.050442,  0.031884,  0.025362,  0.021440,  0.017215,  0.010173,  0.005525,  0.013022,  0.006804,  0.005569,  0.003304,  0.005861,  0.003922,  0.002448,  0.003759,  0.003499,  0.001863,  0.002828,  0.000888,  0.002979,  0.000520,  0.001647,  0.001885,  0.000531,  0.001809,  0.001051,  0.000661,  0.001235,  0.000336,  0.000964,  0.000303,  0.000488,  0.001008,  0.000325,  0.001105,  0.000206,  0.000325,  0.000585,  0.000563,  0.000477,  0.000466,  0.000433,  0.000423,  0.000000,  0.000000,  0.000000,  0.000000,  0.000000,  0.000000,  0.000000,  0.000000,  0.000000,  0.000000,  0.000000,  0.000000,  0.000000,  0.000000,  0.000000,  0.000000,  0.000000,  0.000000,  0.000000,  0.000000,  0.000000,  0.000000,  0.000000,  0.000000,  0.000000,  0.000000,  0.000000,  0.000000,  0.000000,  0.000000,  0.000000,  0.000000,  0.000000,  0.000000,  0.000000,  0.000000,  0.000000,  0.000000,  0.000000,  0.000000,  0.000000,  0.000000,  0.000000,  0.000000,  0.000000,  0.000000,  0.000000,  0.000000,  0.000000,  0.000000,  0.000000,  0.000000,  0.000000,  0.000000,  0.000000,  0.000000,  0.000000,  0.000000,  0.000000,  0.000000,  0.000000,  0.000000,  0.000000,  0.000000,  0.000000,  0.000000,  0.000000,  0.000000,  0.000000,  0.000000,  0.000000,  0.000000,  0.000000,  0.000000,  0.000000,  0.000000,  0.000000,  0.000000,  0.000000,  0.000000,  0.000000,  0.000000,  0.000000,  0.000000,  0.000000,  0.000000,  0.000000,  0.000000,  0.000000,  0.000000,  0.000000,  0.000000,  0.000000,  0.000000,  0.000000,  0.000000,  0.000000,  0.000000,  0.000000,  0.000000,  0.000000,  0.000000,  0.000000,  0.000000,  0.000000,  0.000000,  0.000000,  0.000000,  0.000000,  0.000000,  0.000000,  0.000000,  0.000000,  0.000000,  0.000000,  0.000000,  0.000000,  0.000000,  0.000000,  0.000000,  0.000000,  0.000000,  0.000000,  0.000000,  0.000000,  0.000000,  0.000000,  0.000000,  0.000000,  0.000000,  0.000000,  0.000000,  0.000000,  0.000000,  0.000000,  0.000000,  0.000000,  0.000000,  0.000000,  0.000000,  0.000000,  0.000000,  0.000000,  0.000000,  0.000000,  0.000000,  0.000000,  0.000000,  0.000000,  0.000000,  0.000000,  0.000000,  0.000000,  0.000000,  0.000000,  0.000000,  0.000000,  0.000000,  0.000000,  0.000000,  0.000000,  0.000000,  0.000000,  0.000000,  0.000000,  0.000000,  0.000000,  0.000000,  0.000000,  0.000000,  0.000000,  0.000000,  0.000000,  0.000000,  0.000000,  0.000000,  0.000000,  0.000000,  0.000000,  0.000000,  0.000000,  0.000000,  0.000000,  0.000000,  0.000000,  0.000000,  0.000000,  0.000000,  0.000000,  0.000000,  0.000000,  0.000000,  0.000000,  0.000000,  0.000000,  0.000000,  0.000000,  0.000000,  0.000000,  0.000000,  0.000000,  0.000000,  0.000000,  0.000000,  0.000000,  0.000000,  0.000000,  0.000000,  0.000000,  0.000000,  0.000000,  0.000000,  0.000000,  0.000000,  0.000000,  0.000000,  0.000000,  0.000000,  0.000000,  0.000000,  0.000000,  0.000000,  0.000000,  0.000000,  0.000000,  0.000000,  0.000000,  0.000000,  0.000000,  0.000000,  0.000000,  0.000000,  0.000000,  0.000000,  0.000000,  0.000000,  0.000000,  0.000000,  0.000000,  0.000000,  0.000000,  0.000000,  0.000000,  0.000000,  0.000000,  0.000000,  0.000000,  0.000000,  0.000000,  0.000000,  0.000000,  0.000000,  0.000000,  0.000000,  0.000000,  0.000000,  0.000000,  0.000000,  0.000000,  0.000000,  0.000000,  0.000000,  0.000000,  0.000000,  0.000000,  0.000000,  0.000000,  0.000000,  0.000000,  0.000000,  0.000000,  0.000000,  0.000000,  0.000000,  0.000000,  0.000000,  0.000000,  0.000000,  0.000000,  0.000000,  0.000000,  0.000000,  0.000000,  0.000000,  0.000000,  0.000000,  0.000000,  0.000000,  0.000000,  0.000000,  0.000000,  0.000000,  0.000000,  0.000000,  0.000000,  0.000000,  0.000000,  0.000000,  0.000000,  0.000000,  0.000000,  0.000000,  0.000000,  0.000000,  0.000000,  0.000000,  0.000000,  0.000000,  0.000000,  0.000000,  0.000000,  0.000000,  0.000000,  0.000000,  0.000000,  0.000000,  0.000000,  0.000000,  0.000000,  0.000000,  0.000000,  0.000000,  0.000000,  0.000000,  0.000000,  0.000000,  0.000000,  0.000000,  0.000000,  0.000000,  0.000000,  0.000000,  0.000000,  0.000000,  0.000000,  0.000000,  0.000000,  0.000000,  0.000000,  0.000000,  0.000000,  0.000000,  0.000000,  0.000000,  0.000000,  0.000000,  0.000000,  0.000000,  0.000000,  0.000000,  0.000000,  0.000000,  0.000000,  0.000000,  0.000000,  0.000000,  0.000000,  0.000000,  0.000000,  0.000000,  0.000000,  0.000000,  0.000000,  0.000000,  0.000000,  0.000000,  0.000000,  0.000000,  0.000000,  0.000000,  0.000000,  0.000000,  0.000000,  0.000000,  0.000000,  0.000000,  0.000000,  0.000000,  0.000000,  0.000000,  0.000000,  0.000000,  0.000000,  0.000000,  0.000000,  0.000000,  0.000000,  0.000000,  0.000000,  0.000000,  0.000000,  0.000000,  0.000000,  0.000000,  0.000000,  0.000000,  0.000000,  0.000000,  0.000000,  0.000000,  0.000000,  0.000000,  0.000000,  0.000000,  0.000000,  0.000000,  0.000000,  0.000000,  0.000000,  0.000000,  0.000000,  0.000000,  0.000000,  0.000000,  0.000000,  0.000000,  0.000000,  0.000000,  0.000000,  0.000000,  0.000000,  0.000000,  0.000000,  0.000000,  0.000000,  0.000000,  0.000000,  0.000000,  0.000000,  0.000000,  0.000000,  0.000000,  0.000000,  0.000000,  0.000000,  0.000000,  0.000000,  0.000000,  0.000000,  0.000000,  0.000000,  0.000000,  0.000000,  0.000000,  0.000000,  0.000000,  0.000000,  0.000000,  0.000000,  0.000000,  0.000000 ]
checksum = 1.000000
Repeated 9 time
f3=0.393928 a3=0.606072
f4=0.191898 a4=0.414173
f5=0.109849 a5=0.304325
f6=0.069637 a6=0.234687
f7=0.047367 a7=0.187320
f8=0.033923 a8=0.153397
f9=0.025271 a9=0.128127
f10=0.019419 a10=0.108708
f11=0.015302 a11=0.093406
f12=0.012310 a12=0.081096
f13=0.010078 a13=0.071018
f14=0.008373 a14=0.062645
f15=0.007047 a15=0.055598
f16=0.005997 a16=0.049601
f17=0.005153 a17=0.044448
f18=0.004467 a18=0.039981
f19=0.003902 a19=0.036078
f20=0.003433 a20=0.032645
f21=0.003039 a21=0.029607
f22=0.002705 a22=0.026902
f23=0.002420 a23=0.024481
f24=0.002176 a24=0.022305
f25=0.001965 a25=0.020340
f26=0.001782 a26=0.018559
f27=0.001621 a27=0.016938
f28=0.001480 a28=0.015457
f29=0.001356 a29=0.014101
f30=0.001246 a30=0.012856
f31=0.001148 a31=0.011708
f32=0.001060 a32=0.010648
f33=0.000982 a33=0.009666
f34=0.000911 a34=0.008755
f35=0.000847 a35=0.007908
f36=0.000790 a36=0.007118
f37=0.000737 a37=0.006381
f38=0.000690 a38=0.005691
f39=0.000646 a39=0.005045
f40=0.000607 a40=0.004438
f41=0.000571 a41=0.003867
f42=0.000537 a42=0.003330
f43=0.000506 a43=0.002824
f44=0.000478 a44=0.002345
f45=0.000452 a45=0.001893
f46=0.000428 a46=0.001465
f47=0.000405 a47=0.001060
f48=0.000385 a48=0.000675
f49=0.000365 a49=0.000310
f50=0.000310
[ 0.393928,  0.191898,  0.109849,  0.069637,  0.047367,  0.033923,  0.025271,  0.019419,  0.015302,  0.012310,  0.010078,  0.008373,  0.007047,  0.005997,  0.005153,  0.004467,  0.003902,  0.003433,  0.003039,  0.002705,  0.002420,  0.002176,  0.001965,  0.001782,  0.001621,  0.001480,  0.001356,  0.001246,  0.001148,  0.001060,  0.000982,  0.000911,  0.000847,  0.000790,  0.000737,  0.000690,  0.000646,  0.000607,  0.000571,  0.000537,  0.000506,  0.000478,  0.000452,  0.000428,  0.000405,  0.000385,  0.000365, 0.000310]
0.000310 == 0.000310

total 91542 nodes
[ 0.000044,  0.001518,  0.386948,  0.193747,  0.115586,  0.068176,  0.049573,  0.033613,  0.022329,  0.016823,  0.021116,  0.008193,  0.013207,  0.006849,  0.006063,  0.005211,  0.006445,  0.004031,  0.002545,  0.007013,  0.000306,  0.004446,  0.002611,  0.000448,  0.002108,  0.004949,  0.000251,  0.001682,  0.000601,  0.000841,  0.000688,  0.001180,  0.000765,  0.001300,  0.001486,  0.001191,  0.000229,  0.000481,  0.000972,  0.000666,  0.000098,  0.000645,  0.000120,  0.000710,  0.000797,  0.000251,  0.000492,  0.000240,  0.000415,  0.000000,  0.000000,  0.000000,  0.000000,  0.000000,  0.000000,  0.000000,  0.000000,  0.000000,  0.000000,  0.000000,  0.000000,  0.000000,  0.000000,  0.000000,  0.000000,  0.000000,  0.000000,  0.000000,  0.000000,  0.000000,  0.000000,  0.000000,  0.000000,  0.000000,  0.000000,  0.000000,  0.000000,  0.000000,  0.000000,  0.000000,  0.000000,  0.000000,  0.000000,  0.000000,  0.000000,  0.000000,  0.000000,  0.000000,  0.000000,  0.000000,  0.000000,  0.000000,  0.000000,  0.000000,  0.000000,  0.000000,  0.000000,  0.000000,  0.000000,  0.000000,  0.000000,  0.000000,  0.000000,  0.000000,  0.000000,  0.000000,  0.000000,  0.000000,  0.000000,  0.000000,  0.000000,  0.000000,  0.000000,  0.000000,  0.000000,  0.000000,  0.000000,  0.000000,  0.000000,  0.000000,  0.000000,  0.000000,  0.000000,  0.000000,  0.000000,  0.000000,  0.000000,  0.000000,  0.000000,  0.000000,  0.000000,  0.000000,  0.000000,  0.000000,  0.000000,  0.000000,  0.000000,  0.000000,  0.000000,  0.000000,  0.000000,  0.000000,  0.000000,  0.000000,  0.000000,  0.000000,  0.000000,  0.000000,  0.000000,  0.000000,  0.000000,  0.000000,  0.000000,  0.000000,  0.000000,  0.000000,  0.000000,  0.000000,  0.000000,  0.000000,  0.000000,  0.000000,  0.000000,  0.000000,  0.000000,  0.000000,  0.000000,  0.000000,  0.000000,  0.000000,  0.000000,  0.000000,  0.000000,  0.000000,  0.000000,  0.000000,  0.000000,  0.000000,  0.000000,  0.000000,  0.000000,  0.000000,  0.000000,  0.000000,  0.000000,  0.000000,  0.000000,  0.000000,  0.000000,  0.000000,  0.000000,  0.000000,  0.000000,  0.000000,  0.000000,  0.000000,  0.000000,  0.000000,  0.000000,  0.000000,  0.000000,  0.000000,  0.000000,  0.000000,  0.000000,  0.000000,  0.000000,  0.000000,  0.000000,  0.000000,  0.000000,  0.000000,  0.000000,  0.000000,  0.000000,  0.000000,  0.000000,  0.000000,  0.000000,  0.000000,  0.000000,  0.000000,  0.000000,  0.000000,  0.000000,  0.000000,  0.000000,  0.000000,  0.000000,  0.000000,  0.000000,  0.000000,  0.000000,  0.000000,  0.000000,  0.000000,  0.000000,  0.000000,  0.000000,  0.000000,  0.000000,  0.000000,  0.000000,  0.000000,  0.000000,  0.000000,  0.000000,  0.000000,  0.000000,  0.000000,  0.000000,  0.000000,  0.000000,  0.000000,  0.000000,  0.000000,  0.000000,  0.000000,  0.000000,  0.000000,  0.000000,  0.000000,  0.000000,  0.000000,  0.000000,  0.000000,  0.000000,  0.000000,  0.000000,  0.000000,  0.000000,  0.000000,  0.000000,  0.000000,  0.000000,  0.000000,  0.000000,  0.000000,  0.000000,  0.000000,  0.000000,  0.000000,  0.000000,  0.000000,  0.000000,  0.000000,  0.000000,  0.000000,  0.000000,  0.000000,  0.000000,  0.000000,  0.000000,  0.000000,  0.000000,  0.000000,  0.000000,  0.000000,  0.000000,  0.000000,  0.000000,  0.000000,  0.000000,  0.000000,  0.000000,  0.000000,  0.000000,  0.000000,  0.000000,  0.000000,  0.000000,  0.000000,  0.000000,  0.000000,  0.000000,  0.000000,  0.000000,  0.000000,  0.000000,  0.000000,  0.000000,  0.000000,  0.000000,  0.000000,  0.000000,  0.000000,  0.000000,  0.000000,  0.000000,  0.000000,  0.000000,  0.000000,  0.000000,  0.000000,  0.000000,  0.000000,  0.000000,  0.000000,  0.000000,  0.000000,  0.000000,  0.000000,  0.000000,  0.000000,  0.000000,  0.000000,  0.000000,  0.000000,  0.000000,  0.000000,  0.000000,  0.000000,  0.000000,  0.000000,  0.000000,  0.000000,  0.000000,  0.000000,  0.000000,  0.000000,  0.000000,  0.000000,  0.000000,  0.000000,  0.000000,  0.000000,  0.000000,  0.000000,  0.000000,  0.000000,  0.000000,  0.000000,  0.000000,  0.000000,  0.000000,  0.000000,  0.000000,  0.000000,  0.000000,  0.000000,  0.000000,  0.000000,  0.000000,  0.000000,  0.000000,  0.000000,  0.000000,  0.000000,  0.000000,  0.000000,  0.000000,  0.000000,  0.000000,  0.000000,  0.000000,  0.000000,  0.000000,  0.000000,  0.000000,  0.000000,  0.000000,  0.000000,  0.000000,  0.000000,  0.000000,  0.000000,  0.000000,  0.000000,  0.000000,  0.000000,  0.000000,  0.000000,  0.000000,  0.000000,  0.000000,  0.000000,  0.000000,  0.000000,  0.000000,  0.000000,  0.000000,  0.000000,  0.000000,  0.000000,  0.000000,  0.000000,  0.000000,  0.000000,  0.000000,  0.000000,  0.000000,  0.000000,  0.000000,  0.000000,  0.000000,  0.000000,  0.000000,  0.000000,  0.000000,  0.000000,  0.000000,  0.000000,  0.000000,  0.000000,  0.000000,  0.000000,  0.000000,  0.000000,  0.000000,  0.000000,  0.000000,  0.000000,  0.000000,  0.000000,  0.000000,  0.000000,  0.000000,  0.000000,  0.000000,  0.000000,  0.000000,  0.000000,  0.000000,  0.000000,  0.000000,  0.000000,  0.000000,  0.000000,  0.000000,  0.000000,  0.000000,  0.000000,  0.000000,  0.000000,  0.000000,  0.000000,  0.000000,  0.000000,  0.000000,  0.000000,  0.000000,  0.000000,  0.000000,  0.000000,  0.000000,  0.000000,  0.000000,  0.000000,  0.000000,  0.000000,  0.000000,  0.000000,  0.000000,  0.000000,  0.000000,  0.000000,  0.000000,  0.000000,  0.000000,  0.000000 ]
checksum = 1.000000
====================
[ 0.000000,  0.000020,  0.001625,  0.392030,  0.190144,  0.112654,  0.068938,  0.048217,  0.033273,  0.024780,  0.019791,  0.016297,  0.011133,  0.010142,  0.008886,  0.006490,  0.005478,  0.006083,  0.004556,  0.002769,  0.004227,  0.002938,  0.002923,  0.002924,  0.002003,  0.001145,  0.002853,  0.001041,  0.001584,  0.001326,  0.001317,  0.000977,  0.001167,  0.000917,  0.000911,  0.000977,  0.000659,  0.000642,  0.000739,  0.000646,  0.000586,  0.000619,  0.000419,  0.000564,  0.000406,  0.000476,  0.000499,  0.000308,  0.000424,  0.000475,  0.000005,  0.000000,  0.000000,  0.000000,  0.000000,  0.000000,  0.000000,  0.000000,  0.000000,  0.000000,  0.000000,  0.000000,  0.000000,  0.000000,  0.000000,  0.000000,  0.000000,  0.000000,  0.000000,  0.000000,  0.000000,  0.000000,  0.000000,  0.000000,  0.000000,  0.000000,  0.000000,  0.000000,  0.000000,  0.000000,  0.000000,  0.000000,  0.000000,  0.000000,  0.000000,  0.000000,  0.000000,  0.000000,  0.000000,  0.000000,  0.000000,  0.000000,  0.000000,  0.000000,  0.000000,  0.000000,  0.000000,  0.000000,  0.000000,  0.000000,  0.000000 ]
f3=0.393928 a3=0.606072
f4=0.191898 a4=0.414173
f5=0.109849 a5=0.304325
f6=0.069637 a6=0.234687
f7=0.047367 a7=0.187320
f8=0.033923 a8=0.153397
f9=0.025271 a9=0.128127
f10=0.019419 a10=0.108708
f11=0.015302 a11=0.093406
f12=0.012310 a12=0.081096
f13=0.010078 a13=0.071018
f14=0.008373 a14=0.062645
f15=0.007047 a15=0.055598
f16=0.005997 a16=0.049601
f17=0.005153 a17=0.044448
f18=0.004467 a18=0.039981
f19=0.003902 a19=0.036078
f20=0.003433 a20=0.032645
f21=0.003039 a21=0.029607
f22=0.002705 a22=0.026902
f23=0.002420 a23=0.024481
f24=0.002176 a24=0.022305
f25=0.001965 a25=0.020340
f26=0.001782 a26=0.018559
f27=0.001621 a27=0.016938
f28=0.001480 a28=0.015457
f29=0.001356 a29=0.014101
f30=0.001246 a30=0.012856
f31=0.001148 a31=0.011708
f32=0.001060 a32=0.010648
f33=0.000982 a33=0.009666
f34=0.000911 a34=0.008755
f35=0.000847 a35=0.007908
f36=0.000790 a36=0.007118
f37=0.000737 a37=0.006381
f38=0.000690 a38=0.005691
f39=0.000646 a39=0.005045
f40=0.000607 a40=0.004438
f41=0.000571 a41=0.003867
f42=0.000537 a42=0.003330
f43=0.000506 a43=0.002824
f44=0.000478 a44=0.002345
f45=0.000452 a45=0.001893
f46=0.000428 a46=0.001465
f47=0.000405 a47=0.001060
f48=0.000385 a48=0.000675
f49=0.000365 a49=0.000310
f50=0.000310
[ 0.393928,  0.191898,  0.109849,  0.069637,  0.047367,  0.033923,  0.025271,  0.019419,  0.015302,  0.012310,  0.010078,  0.008373,  0.007047,  0.005997,  0.005153,  0.004467,  0.003902,  0.003433,  0.003039,  0.002705,  0.002420,  0.002176,  0.001965,  0.001782,  0.001621,  0.001480,  0.001356,  0.001246,  0.001148,  0.001060,  0.000982,  0.000911,  0.000847,  0.000790,  0.000737,  0.000690,  0.000646,  0.000607,  0.000571,  0.000537,  0.000506,  0.000478,  0.000452,  0.000428,  0.000405,  0.000385,  0.000365, 0.000310]
0.000310 == 0.000310
