Repeated 0 time
f2=0.584591 a2=0.415409
f3=0.173212 a3=0.242196
f4=0.073074 a4=0.169123
f5=0.037414 a5=0.131709
f6=0.021652 a6=0.110057
f7=0.013635 a7=0.096422
f8=0.009134 a8=0.087288
f9=0.006415 a9=0.080873
f10=0.004677 a10=0.076196
f11=0.003514 a11=0.072682
f12=0.002706 a12=0.069976
f13=0.002129 a13=0.067847
f14=0.001704 a14=0.066143
f15=0.001386 a15=0.064757
f16=0.001142 a16=0.063616
f17=0.000952 a17=0.062664
f18=0.000802 a18=0.061862
f19=0.000682 a19=0.061180
f20=0.061180
[ 0.584591,  0.173212,  0.073074,  0.037414,  0.021652,  0.013635,  0.009134,  0.006415,  0.004677,  0.003514,  0.002706,  0.002129,  0.001704,  0.001386,  0.001142,  0.000952,  0.000802,  0.000682, 0.061180]
0.061180 == 0.061180

total 91353 nodes
[ 0.004860,  0.577857,  0.173733,  0.074042,  0.035609,  0.025582,  0.007641,  0.015960,  0.002255,  0.007553,  0.002003,  0.004379,  0.001981,  0.001938,  0.001533,  0.001565,  0.000635,  0.000109,  0.003196,  0.057568,  0.000000,  0.000000,  0.000000,  0.000000,  0.000000,  0.000000,  0.000000,  0.000000,  0.000000,  0.000000,  0.000000,  0.000000,  0.000000,  0.000000,  0.000000,  0.000000,  0.000000,  0.000000,  0.000000,  0.000000,  0.000000,  0.000000,  0.000000,  0.000000,  0.000000,  0.000000,  0.000000,  0.000000,  0.000000,  0.000000,  0.000000,  0.000000,  0.000000,  0.000000,  0.000000,  0.000000,  0.000000,  0.000000,  0.000000,  0.000000,  0.000000,  0.000000,  0.000000,  0.000000,  0.000000,  0.000000,  0.000000,  0.000000,  0.000000,  0.000000,  0.000000,  0.000000,  0.000000,  0.000000,  0.000000,  0.000000,  0.000000,  0.000000,  0.000000,  0.000000,  0.000000,  0.000000,  0.000000,  0.000000,  0.000000,  0.000000,  0.000000,  0.000000,  0.000000,  0.000000,  0.000000,  0.000000,  0.000000,  0.000000,  0.000000,  0.000000,  0.000000,  0.000000,  0.000000,  0.000000,  0.000000,  0.000000,  0.000000,  0.000000,  0.000000,  0.000000,  0.000000,  0.000000,  0.000000,  0.000000,  0.000000,  0.000000,  0.000000,  0.000000,  0.000000,  0.000000,  0.000000,  0.000000,  0.000000,  0.000000,  0.000000,  0.000000,  0.000000,  0.000000,  0.000000,  0.000000,  0.000000,  0.000000,  0.000000,  0.000000,  0.000000,  0.000000,  0.000000,  0.000000,  0.000000,  0.000000,  0.000000,  0.000000,  0.000000,  0.000000,  0.000000,  0.000000,  0.000000,  0.000000,  0.000000,  0.000000,  0.000000,  0.000000,  0.000000,  0.000000,  0.000000,  0.000000,  0.000000,  0.000000,  0.000000,  0.000000,  0.000000,  0.000000,  0.000000,  0.000000,  0.000000,  0.000000,  0.000000,  0.000000,  0.000000,  0.000000,  0.000000,  0.000000,  0.000000,  0.000000,  0.000000,  0.000000,  0.000000,  0.000000,  0.000000,  0.000000,  0.000000,  0.000000,  0.000000,  0.000000,  0.000000,  0.000000,  0.000000,  0.000000,  0.000000,  0.000000,  0.000000,  0.000000,  0.000000,  0.000000,  0.000000,  0.000000,  0.000000,  0.000000,  0.000000,  0.000000,  0.000000,  0.000000,  0.000000,  0.000000 ]
checksum = 1.000000
Repeated 1 time
f2=0.584591 a2=0.415409
f3=0.173212 a3=0.242196
f4=0.073074 a4=0.169123
f5=0.037414 a5=0.131709
f6=0.021652 a6=0.110057
f7=0.013635 a7=0.096422
f8=0.009134 a8=0.087288
f9=0.006415 a9=0.080873
f10=0.004677 a10=0.076196
f11=0.003514 a11=0.072682
f12=0.002706 a12=0.069976
f13=0.002129 a13=0.067847
f14=0.001704 a14=0.066143
f15=0.001386 a15=0.064757
f16=0.001142 a16=0.063616
f17=0.000952 a17=0.062664
f18=0.000802 a18=0.061862
f19=0.000682 a19=0.061180
f20=0.061180
[ 0.584591,  0.173212,  0.073074,  0.037414,  0.021652,  0.013635,  0.009134,  0.006415,  0.004677,  0.003514,  0.002706,  0.002129,  0.001704,  0.001386,  0.001142,  0.000952,  0.000802,  0.000682, 0.061180]
0.061180 == 0.061180

total 91939 nodes
[ 0.004155,  0.589608,  0.164729,  0.069905,  0.042920,  0.020024,  0.007951,  0.013041,  0.007103,  0.004699,  0.005504,  0.001175,  0.000457,  0.003633,  0.001914,  0.000468,  0.003296,  0.000141,  0.001066,  0.058213,  0.000000,  0.000000,  0.000000,  0.000000,  0.000000,  0.000000,  0.000000,  0.000000,  0.000000,  0.000000,  0.000000,  0.000000,  0.000000,  0.000000,  0.000000,  0.000000,  0.000000,  0.000000,  0.000000,  0.000000,  0.000000,  0.000000,  0.000000,  0.000000,  0.000000,  0.000000,  0.000000,  0.000000,  0.000000,  0.000000,  0.000000,  0.000000,  0.000000,  0.000000,  0.000000,  0.000000,  0.000000,  0.000000,  0.000000,  0.000000,  0.000000,  0.000000,  0.000000,  0.000000,  0.000000,  0.000000,  0.000000,  0.000000,  0.000000,  0.000000,  0.000000,  0.000000,  0.000000,  0.000000,  0.000000,  0.000000,  0.000000,  0.000000,  0.000000,  0.000000,  0.000000,  0.000000,  0.000000,  0.000000,  0.000000,  0.000000,  0.000000,  0.000000,  0.000000,  0.000000,  0.000000,  0.000000,  0.000000,  0.000000,  0.000000,  0.000000,  0.000000,  0.000000,  0.000000,  0.000000,  0.000000,  0.000000,  0.000000,  0.000000,  0.000000,  0.000000,  0.000000,  0.000000,  0.000000,  0.000000,  0.000000,  0.000000,  0.000000,  0.000000,  0.000000,  0.000000,  0.000000,  0.000000,  0.000000,  0.000000,  0.000000,  0.000000,  0.000000,  0.000000,  0.000000,  0.000000,  0.000000,  0.000000,  0.000000,  0.000000,  0.000000,  0.000000,  0.000000,  0.000000,  0.000000,  0.000000,  0.000000,  0.000000,  0.000000,  0.000000,  0.000000,  0.000000,  0.000000,  0.000000,  0.000000,  0.000000,  0.000000,  0.000000,  0.000000,  0.000000,  0.000000,  0.000000,  0.000000,  0.000000,  0.000000,  0.000000,  0.000000,  0.000000,  0.000000,  0.000000,  0.000000,  0.000000,  0.000000,  0.000000,  0.000000,  0.000000,  0.000000,  0.000000,  0.000000,  0.000000,  0.000000,  0.000000,  0.000000,  0.000000,  0.000000,  0.000000,  0.000000,  0.000000,  0.000000,  0.000000,  0.000000,  0.000000,  0.000000,  0.000000,  0.000000,  0.000000,  0.000000,  0.000000,  0.000000,  0.000000,  0.000000,  0.000000,  0.000000,  0.000000,  0.000000,  0.000000,  0.000000,  0.000000,  0.000000,  0.000000 ]
checksum = 1.000000
Repeated 2 time
f2=0.584591 a2=0.415409
f3=0.173212 a3=0.242196
f4=0.073074 a4=0.169123
f5=0.037414 a5=0.131709
f6=0.021652 a6=0.110057
f7=0.013635 a7=0.096422
f8=0.009134 a8=0.087288
f9=0.006415 a9=0.080873
f10=0.004677 a10=0.076196
f11=0.003514 a11=0.072682
f12=0.002706 a12=0.069976
f13=0.002129 a13=0.067847
f14=0.001704 a14=0.066143
f15=0.001386 a15=0.064757
f16=0.001142 a16=0.063616
f17=0.000952 a17=0.062664
f18=0.000802 a18=0.061862
f19=0.000682 a19=0.061180
f20=0.061180
[ 0.584591,  0.173212,  0.073074,  0.037414,  0.021652,  0.013635,  0.009134,  0.006415,  0.004677,  0.003514,  0.002706,  0.002129,  0.001704,  0.001386,  0.001142,  0.000952,  0.000802,  0.000682, 0.061180]
0.061180 == 0.061180

total 91668 nodes
[ 0.006709,  0.580093,  0.172328,  0.071334,  0.038901,  0.020443,  0.014007,  0.009076,  0.005465,  0.004789,  0.002673,  0.004069,  0.002575,  0.000916,  0.004353,  0.000665,  0.000960,  0.000447,  0.003087,  0.057108,  0.000000,  0.000000,  0.000000,  0.000000,  0.000000,  0.000000,  0.000000,  0.000000,  0.000000,  0.000000,  0.000000,  0.000000,  0.000000,  0.000000,  0.000000,  0.000000,  0.000000,  0.000000,  0.000000,  0.000000,  0.000000,  0.000000,  0.000000,  0.000000,  0.000000,  0.000000,  0.000000,  0.000000,  0.000000,  0.000000,  0.000000,  0.000000,  0.000000,  0.000000,  0.000000,  0.000000,  0.000000,  0.000000,  0.000000,  0.000000,  0.000000,  0.000000,  0.000000,  0.000000,  0.000000,  0.000000,  0.000000,  0.000000,  0.000000,  0.000000,  0.000000,  0.000000,  0.000000,  0.000000,  0.000000,  0.000000,  0.000000,  0.000000,  0.000000,  0.000000,  0.000000,  0.000000,  0.000000,  0.000000,  0.000000,  0.000000,  0.000000,  0.000000,  0.000000,  0.000000,  0.000000,  0.000000,  0.000000,  0.000000,  0.000000,  0.000000,  0.000000,  0.000000,  0.000000,  0.000000,  0.000000,  0.000000,  0.000000,  0.000000,  0.000000,  0.000000,  0.000000,  0.000000,  0.000000,  0.000000,  0.000000,  0.000000,  0.000000,  0.000000,  0.000000,  0.000000,  0.000000,  0.000000,  0.000000,  0.000000,  0.000000,  0.000000,  0.000000,  0.000000,  0.000000,  0.000000,  0.000000,  0.000000,  0.000000,  0.000000,  0.000000,  0.000000,  0.000000,  0.000000,  0.000000,  0.000000,  0.000000,  0.000000,  0.000000,  0.000000,  0.000000,  0.000000,  0.000000,  0.000000,  0.000000,  0.000000,  0.000000,  0.000000,  0.000000,  0.000000,  0.000000,  0.000000,  0.000000,  0.000000,  0.000000,  0.000000,  0.000000,  0.000000,  0.000000,  0.000000,  0.000000,  0.000000,  0.000000,  0.000000,  0.000000,  0.000000,  0.000000,  0.000000,  0.000000,  0.000000,  0.000000,  0.000000,  0.000000,  0.000000,  0.000000,  0.000000,  0.000000,  0.000000,  0.000000,  0.000000,  0.000000,  0.000000,  0.000000,  0.000000,  0.000000,  0.000000,  0.000000,  0.000000,  0.000000,  0.000000,  0.000000,  0.000000,  0.000000,  0.000000,  0.000000,  0.000000,  0.000000,  0.000000,  0.000000,  0.000000 ]
checksum = 1.000000
Repeated 3 time
f2=0.584591 a2=0.415409
f3=0.173212 a3=0.242196
f4=0.073074 a4=0.169123
f5=0.037414 a5=0.131709
f6=0.021652 a6=0.110057
f7=0.013635 a7=0.096422
f8=0.009134 a8=0.087288
f9=0.006415 a9=0.080873
f10=0.004677 a10=0.076196
f11=0.003514 a11=0.072682
f12=0.002706 a12=0.069976
f13=0.002129 a13=0.067847
f14=0.001704 a14=0.066143
f15=0.001386 a15=0.064757
f16=0.001142 a16=0.063616
f17=0.000952 a17=0.062664
f18=0.000802 a18=0.061862
f19=0.000682 a19=0.061180
f20=0.061180
[ 0.584591,  0.173212,  0.073074,  0.037414,  0.021652,  0.013635,  0.009134,  0.006415,  0.004677,  0.003514,  0.002706,  0.002129,  0.001704,  0.001386,  0.001142,  0.000952,  0.000802,  0.000682, 0.061180]
0.061180 == 0.061180

total 91574 nodes
[ 0.005176,  0.575993,  0.177365,  0.069037,  0.043877,  0.019263,  0.014873,  0.005995,  0.009915,  0.002686,  0.004980,  0.001463,  0.001321,  0.003571,  0.000939,  0.002479,  0.000983,  0.000098,  0.001190,  0.058794,  0.000000,  0.000000,  0.000000,  0.000000,  0.000000,  0.000000,  0.000000,  0.000000,  0.000000,  0.000000,  0.000000,  0.000000,  0.000000,  0.000000,  0.000000,  0.000000,  0.000000,  0.000000,  0.000000,  0.000000,  0.000000,  0.000000,  0.000000,  0.000000,  0.000000,  0.000000,  0.000000,  0.000000,  0.000000,  0.000000,  0.000000,  0.000000,  0.000000,  0.000000,  0.000000,  0.000000,  0.000000,  0.000000,  0.000000,  0.000000,  0.000000,  0.000000,  0.000000,  0.000000,  0.000000,  0.000000,  0.000000,  0.000000,  0.000000,  0.000000,  0.000000,  0.000000,  0.000000,  0.000000,  0.000000,  0.000000,  0.000000,  0.000000,  0.000000,  0.000000,  0.000000,  0.000000,  0.000000,  0.000000,  0.000000,  0.000000,  0.000000,  0.000000,  0.000000,  0.000000,  0.000000,  0.000000,  0.000000,  0.000000,  0.000000,  0.000000,  0.000000,  0.000000,  0.000000,  0.000000,  0.000000,  0.000000,  0.000000,  0.000000,  0.000000,  0.000000,  0.000000,  0.000000,  0.000000,  0.000000,  0.000000,  0.000000,  0.000000,  0.000000,  0.000000,  0.000000,  0.000000,  0.000000,  0.000000,  0.000000,  0.000000,  0.000000,  0.000000,  0.000000,  0.000000,  0.000000,  0.000000,  0.000000,  0.000000,  0.000000,  0.000000,  0.000000,  0.000000,  0.000000,  0.000000,  0.000000,  0.000000,  0.000000,  0.000000,  0.000000,  0.000000,  0.000000,  0.000000,  0.000000,  0.000000,  0.000000,  0.000000,  0.000000,  0.000000,  0.000000,  0.000000,  0.000000,  0.000000,  0.000000,  0.000000,  0.000000,  0.000000,  0.000000,  0.000000,  0.000000,  0.000000,  0.000000,  0.000000,  0.000000,  0.000000,  0.000000,  0.000000,  0.000000,  0.000000,  0.000000,  0.000000,  0.000000,  0.000000,  0.000000,  0.000000,  0.000000,  0.000000,  0.000000,  0.000000,  0.000000,  0.000000,  0.000000,  0.000000,  0.000000,  0.000000,  0.000000,  0.000000,  0.000000,  0.000000,  0.000000,  0.000000,  0.000000,  0.000000,  0.000000,  0.000000,  0.000000,  0.000000,  0.000000,  0.000000,  0.000000 ]
checksum = 1.000000
Repeated 4 time
f2=0.584591 a2=0.415409
f3=0.173212 a3=0.242196
f4=0.073074 a4=0.169123
f5=0.037414 a5=0.131709
f6=0.021652 a6=0.110057
f7=0.013635 a7=0.096422
f8=0.009134 a8=0.087288
f9=0.006415 a9=0.080873
f10=0.004677 a10=0.076196
f11=0.003514 a11=0.072682
f12=0.002706 a12=0.069976
f13=0.002129 a13=0.067847
f14=0.001704 a14=0.066143
f15=0.001386 a15=0.064757
f16=0.001142 a16=0.063616
f17=0.000952 a17=0.062664
f18=0.000802 a18=0.061862
f19=0.000682 a19=0.061180
f20=0.061180
[ 0.584591,  0.173212,  0.073074,  0.037414,  0.021652,  0.013635,  0.009134,  0.006415,  0.004677,  0.003514,  0.002706,  0.002129,  0.001704,  0.001386,  0.001142,  0.000952,  0.000802,  0.000682, 0.061180]
0.061180 == 0.061180

total 91843 nodes
[ 0.004246,  0.584193,  0.166632,  0.076816,  0.034701,  0.022517,  0.015842,  0.011868,  0.005509,  0.002134,  0.003332,  0.002156,  0.002428,  0.001350,  0.003756,  0.001067,  0.000697,  0.002080,  0.000523,  0.058154,  0.000000,  0.000000,  0.000000,  0.000000,  0.000000,  0.000000,  0.000000,  0.000000,  0.000000,  0.000000,  0.000000,  0.000000,  0.000000,  0.000000,  0.000000,  0.000000,  0.000000,  0.000000,  0.000000,  0.000000,  0.000000,  0.000000,  0.000000,  0.000000,  0.000000,  0.000000,  0.000000,  0.000000,  0.000000,  0.000000,  0.000000,  0.000000,  0.000000,  0.000000,  0.000000,  0.000000,  0.000000,  0.000000,  0.000000,  0.000000,  0.000000,  0.000000,  0.000000,  0.000000,  0.000000,  0.000000,  0.000000,  0.000000,  0.000000,  0.000000,  0.000000,  0.000000,  0.000000,  0.000000,  0.000000,  0.000000,  0.000000,  0.000000,  0.000000,  0.000000,  0.000000,  0.000000,  0.000000,  0.000000,  0.000000,  0.000000,  0.000000,  0.000000,  0.000000,  0.000000,  0.000000,  0.000000,  0.000000,  0.000000,  0.000000,  0.000000,  0.000000,  0.000000,  0.000000,  0.000000,  0.000000,  0.000000,  0.000000,  0.000000,  0.000000,  0.000000,  0.000000,  0.000000,  0.000000,  0.000000,  0.000000,  0.000000,  0.000000,  0.000000,  0.000000,  0.000000,  0.000000,  0.000000,  0.000000,  0.000000,  0.000000,  0.000000,  0.000000,  0.000000,  0.000000,  0.000000,  0.000000,  0.000000,  0.000000,  0.000000,  0.000000,  0.000000,  0.000000,  0.000000,  0.000000,  0.000000,  0.000000,  0.000000,  0.000000,  0.000000,  0.000000,  0.000000,  0.000000,  0.000000,  0.000000,  0.000000,  0.000000,  0.000000,  0.000000,  0.000000,  0.000000,  0.000000,  0.000000,  0.000000,  0.000000,  0.000000,  0.000000,  0.000000,  0.000000,  0.000000,  0.000000,  0.000000,  0.000000,  0.000000,  0.000000,  0.000000,  0.000000,  0.000000,  0.000000,  0.000000,  0.000000,  0.000000,  0.000000,  0.000000,  0.000000,  0.000000,  0.000000,  0.000000,  0.000000,  0.000000,  0.000000,  0.000000,  0.000000,  0.000000,  0.000000,  0.000000,  0.000000,  0.000000,  0.000000,  0.000000,  0.000000,  0.000000,  0.000000,  0.000000,  0.000000,  0.000000,  0.000000,  0.000000,  0.000000,  0.000000 ]
checksum = 1.000000
Repeated 5 time
f2=0.584591 a2=0.415409
f3=0.173212 a3=0.242196
f4=0.073074 a4=0.169123
f5=0.037414 a5=0.131709
f6=0.021652 a6=0.110057
f7=0.013635 a7=0.096422
f8=0.009134 a8=0.087288
f9=0.006415 a9=0.080873
f10=0.004677 a10=0.076196
f11=0.003514 a11=0.072682
f12=0.002706 a12=0.069976
f13=0.002129 a13=0.067847
f14=0.001704 a14=0.066143
f15=0.001386 a15=0.064757
f16=0.001142 a16=0.063616
f17=0.000952 a17=0.062664
f18=0.000802 a18=0.061862
f19=0.000682 a19=0.061180
f20=0.061180
[ 0.584591,  0.173212,  0.073074,  0.037414,  0.021652,  0.013635,  0.009134,  0.006415,  0.004677,  0.003514,  0.002706,  0.002129,  0.001704,  0.001386,  0.001142,  0.000952,  0.000802,  0.000682, 0.061180]
0.061180 == 0.061180

total 91941 nodes
[ 0.003785,  0.580601,  0.175689,  0.070621,  0.034881,  0.022547,  0.018425,  0.006537,  0.004187,  0.005558,  0.002665,  0.004242,  0.003611,  0.001729,  0.001207,  0.002578,  0.000392,  0.001153,  0.000489,  0.059103,  0.000000,  0.000000,  0.000000,  0.000000,  0.000000,  0.000000,  0.000000,  0.000000,  0.000000,  0.000000,  0.000000,  0.000000,  0.000000,  0.000000,  0.000000,  0.000000,  0.000000,  0.000000,  0.000000,  0.000000,  0.000000,  0.000000,  0.000000,  0.000000,  0.000000,  0.000000,  0.000000,  0.000000,  0.000000,  0.000000,  0.000000,  0.000000,  0.000000,  0.000000,  0.000000,  0.000000,  0.000000,  0.000000,  0.000000,  0.000000,  0.000000,  0.000000,  0.000000,  0.000000,  0.000000,  0.000000,  0.000000,  0.000000,  0.000000,  0.000000,  0.000000,  0.000000,  0.000000,  0.000000,  0.000000,  0.000000,  0.000000,  0.000000,  0.000000,  0.000000,  0.000000,  0.000000,  0.000000,  0.000000,  0.000000,  0.000000,  0.000000,  0.000000,  0.000000,  0.000000,  0.000000,  0.000000,  0.000000,  0.000000,  0.000000,  0.000000,  0.000000,  0.000000,  0.000000,  0.000000,  0.000000,  0.000000,  0.000000,  0.000000,  0.000000,  0.000000,  0.000000,  0.000000,  0.000000,  0.000000,  0.000000,  0.000000,  0.000000,  0.000000,  0.000000,  0.000000,  0.000000,  0.000000,  0.000000,  0.000000,  0.000000,  0.000000,  0.000000,  0.000000,  0.000000,  0.000000,  0.000000,  0.000000,  0.000000,  0.000000,  0.000000,  0.000000,  0.000000,  0.000000,  0.000000,  0.000000,  0.000000,  0.000000,  0.000000,  0.000000,  0.000000,  0.000000,  0.000000,  0.000000,  0.000000,  0.000000,  0.000000,  0.000000,  0.000000,  0.000000,  0.000000,  0.000000,  0.000000,  0.000000,  0.000000,  0.000000,  0.000000,  0.000000,  0.000000,  0.000000,  0.000000,  0.000000,  0.000000,  0.000000,  0.000000,  0.000000,  0.000000,  0.000000,  0.000000,  0.000000,  0.000000,  0.000000,  0.000000,  0.000000,  0.000000,  0.000000,  0.000000,  0.000000,  0.000000,  0.000000,  0.000000,  0.000000,  0.000000,  0.000000,  0.000000,  0.000000,  0.000000,  0.000000,  0.000000,  0.000000,  0.000000,  0.000000,  0.000000,  0.000000,  0.000000,  0.000000,  0.000000,  0.000000,  0.000000,  0.000000 ]
checksum = 1.000000
Repeated 6 time
f2=0.584591 a2=0.415409
f3=0.173212 a3=0.242196
f4=0.073074 a4=0.169123
f5=0.037414 a5=0.131709
f6=0.021652 a6=0.110057
f7=0.013635 a7=0.096422
f8=0.009134 a8=0.087288
f9=0.006415 a9=0.080873
f10=0.004677 a10=0.076196
f11=0.003514 a11=0.072682
f12=0.002706 a12=0.069976
f13=0.002129 a13=0.067847
f14=0.001704 a14=0.066143
f15=0.001386 a15=0.064757
f16=0.001142 a16=0.063616
f17=0.000952 a17=0.062664
f18=0.000802 a18=0.061862
f19=0.000682 a19=0.061180
f20=0.061180
[ 0.584591,  0.173212,  0.073074,  0.037414,  0.021652,  0.013635,  0.009134,  0.006415,  0.004677,  0.003514,  0.002706,  0.002129,  0.001704,  0.001386,  0.001142,  0.000952,  0.000802,  0.000682, 0.061180]
0.061180 == 0.061180

total 91828 nodes
[ 0.004029,  0.578037,  0.178704,  0.067311,  0.037080,  0.023631,  0.012894,  0.010672,  0.008113,  0.002853,  0.003093,  0.003953,  0.004193,  0.000980,  0.000839,  0.002036,  0.001851,  0.000882,  0.001786,  0.057063,  0.000000,  0.000000,  0.000000,  0.000000,  0.000000,  0.000000,  0.000000,  0.000000,  0.000000,  0.000000,  0.000000,  0.000000,  0.000000,  0.000000,  0.000000,  0.000000,  0.000000,  0.000000,  0.000000,  0.000000,  0.000000,  0.000000,  0.000000,  0.000000,  0.000000,  0.000000,  0.000000,  0.000000,  0.000000,  0.000000,  0.000000,  0.000000,  0.000000,  0.000000,  0.000000,  0.000000,  0.000000,  0.000000,  0.000000,  0.000000,  0.000000,  0.000000,  0.000000,  0.000000,  0.000000,  0.000000,  0.000000,  0.000000,  0.000000,  0.000000,  0.000000,  0.000000,  0.000000,  0.000000,  0.000000,  0.000000,  0.000000,  0.000000,  0.000000,  0.000000,  0.000000,  0.000000,  0.000000,  0.000000,  0.000000,  0.000000,  0.000000,  0.000000,  0.000000,  0.000000,  0.000000,  0.000000,  0.000000,  0.000000,  0.000000,  0.000000,  0.000000,  0.000000,  0.000000,  0.000000,  0.000000,  0.000000,  0.000000,  0.000000,  0.000000,  0.000000,  0.000000,  0.000000,  0.000000,  0.000000,  0.000000,  0.000000,  0.000000,  0.000000,  0.000000,  0.000000,  0.000000,  0.000000,  0.000000,  0.000000,  0.000000,  0.000000,  0.000000,  0.000000,  0.000000,  0.000000,  0.000000,  0.000000,  0.000000,  0.000000,  0.000000,  0.000000,  0.000000,  0.000000,  0.000000,  0.000000,  0.000000,  0.000000,  0.000000,  0.000000,  0.000000,  0.000000,  0.000000,  0.000000,  0.000000,  0.000000,  0.000000,  0.000000,  0.000000,  0.000000,  0.000000,  0.000000,  0.000000,  0.000000,  0.000000,  0.000000,  0.000000,  0.000000,  0.000000,  0.000000,  0.000000,  0.000000,  0.000000,  0.000000,  0.000000,  0.000000,  0.000000,  0.000000,  0.000000,  0.000000,  0.000000,  0.000000,  0.000000,  0.000000,  0.000000,  0.000000,  0.000000,  0.000000,  0.000000,  0.000000,  0.000000,  0.000000,  0.000000,  0.000000,  0.000000,  0.000000,  0.000000,  0.000000,  0.000000,  0.000000,  0.000000,  0.000000,  0.000000,  0.000000,  0.000000,  0.000000,  0.000000,  0.000000,  0.000000,  0.000000 ]
checksum = 1.000000
Repeated 7 time
f2=0.584591 a2=0.415409
f3=0.173212 a3=0.242196
f4=0.073074 a4=0.169123
f5=0.037414 a5=0.131709
f6=0.021652 a6=0.110057
f7=0.013635 a7=0.096422
f8=0.009134 a8=0.087288
f9=0.006415 a9=0.080873
f10=0.004677 a10=0.076196
f11=0.003514 a11=0.072682
f12=0.002706 a12=0.069976
f13=0.002129 a13=0.067847
f14=0.001704 a14=0.066143
f15=0.001386 a15=0.064757
f16=0.001142 a16=0.063616
f17=0.000952 a17=0.062664
f18=0.000802 a18=0.061862
f19=0.000682 a19=0.061180
f20=0.061180
[ 0.584591,  0.173212,  0.073074,  0.037414,  0.021652,  0.013635,  0.009134,  0.006415,  0.004677,  0.003514,  0.002706,  0.002129,  0.001704,  0.001386,  0.001142,  0.000952,  0.000802,  0.000682, 0.061180]
0.061180 == 0.061180

total 91803 nodes
[ 0.005708,  0.582018,  0.170866,  0.073222,  0.034367,  0.023071,  0.014531,  0.009455,  0.006525,  0.005653,  0.001558,  0.001285,  0.004815,  0.002625,  0.000218,  0.001939,  0.000022,  0.003649,  0.000142,  0.058331,  0.000000,  0.000000,  0.000000,  0.000000,  0.000000,  0.000000,  0.000000,  0.000000,  0.000000,  0.000000,  0.000000,  0.000000,  0.000000,  0.000000,  0.000000,  0.000000,  0.000000,  0.000000,  0.000000,  0.000000,  0.000000,  0.000000,  0.000000,  0.000000,  0.000000,  0.000000,  0.000000,  0.000000,  0.000000,  0.000000,  0.000000,  0.000000,  0.000000,  0.000000,  0.000000,  0.000000,  0.000000,  0.000000,  0.000000,  0.000000,  0.000000,  0.000000,  0.000000,  0.000000,  0.000000,  0.000000,  0.000000,  0.000000,  0.000000,  0.000000,  0.000000,  0.000000,  0.000000,  0.000000,  0.000000,  0.000000,  0.000000,  0.000000,  0.000000,  0.000000,  0.000000,  0.000000,  0.000000,  0.000000,  0.000000,  0.000000,  0.000000,  0.000000,  0.000000,  0.000000,  0.000000,  0.000000,  0.000000,  0.000000,  0.000000,  0.000000,  0.000000,  0.000000,  0.000000,  0.000000,  0.000000,  0.000000,  0.000000,  0.000000,  0.000000,  0.000000,  0.000000,  0.000000,  0.000000,  0.000000,  0.000000,  0.000000,  0.000000,  0.000000,  0.000000,  0.000000,  0.000000,  0.000000,  0.000000,  0.000000,  0.000000,  0.000000,  0.000000,  0.000000,  0.000000,  0.000000,  0.000000,  0.000000,  0.000000,  0.000000,  0.000000,  0.000000,  0.000000,  0.000000,  0.000000,  0.000000,  0.000000,  0.000000,  0.000000,  0.000000,  0.000000,  0.000000,  0.000000,  0.000000,  0.000000,  0.000000,  0.000000,  0.000000,  0.000000,  0.000000,  0.000000,  0.000000,  0.000000,  0.000000,  0.000000,  0.000000,  0.000000,  0.000000,  0.000000,  0.000000,  0.000000,  0.000000,  0.000000,  0.000000,  0.000000,  0.000000,  0.000000,  0.000000,  0.000000,  0.000000,  0.000000,  0.000000,  0.000000,  0.000000,  0.000000,  0.000000,  0.000000,  0.000000,  0.000000,  0.000000,  0.000000,  0.000000,  0.000000,  0.000000,  0.000000,  0.000000,  0.000000,  0.000000,  0.000000,  0.000000,  0.000000,  0.000000,  0.000000,  0.000000,  0.000000,  0.000000,  0.000000,  0.000000,  0.000000,  0.000000 ]
checksum = 1.000000
Repeated 8 time
f2=0.584591 a2=0.415409
f3=0.173212 a3=0.242196
f4=0.073074 a4=0.169123
f5=0.037414 a5=0.131709
f6=0.021652 a6=0.110057
f7=0.013635 a7=0.096422
f8=0.009134 a8=0.087288
f9=0.006415 a9=0.080873
f10=0.004677 a10=0.076196
f11=0.003514 a11=0.072682
f12=0.002706 a12=0.069976
f13=0.002129 a13=0.067847
f14=0.001704 a14=0.066143
f15=0.001386 a15=0.064757
f16=0.001142 a16=0.063616
f17=0.000952 a17=0.062664
f18=0.000802 a18=0.061862
f19=0.000682 a19=0.061180
f20=0.061180
[ 0.584591,  0.173212,  0.073074,  0.037414,  0.021652,  0.013635,  0.009134,  0.006415,  0.004677,  0.003514,  0.002706,  0.002129,  0.001704,  0.001386,  0.001142,  0.000952,  0.000802,  0.000682, 0.061180]
0.061180 == 0.061180

total 91979 nodes
[ 0.004479,  0.581328,  0.168832,  0.073473,  0.042368,  0.021396,  0.012329,  0.007806,  0.009133,  0.001740,  0.001381,  0.007317,  0.001522,  0.000815,  0.000196,  0.004631,  0.000685,  0.000946,  0.003088,  0.056535,  0.000000,  0.000000,  0.000000,  0.000000,  0.000000,  0.000000,  0.000000,  0.000000,  0.000000,  0.000000,  0.000000,  0.000000,  0.000000,  0.000000,  0.000000,  0.000000,  0.000000,  0.000000,  0.000000,  0.000000,  0.000000,  0.000000,  0.000000,  0.000000,  0.000000,  0.000000,  0.000000,  0.000000,  0.000000,  0.000000,  0.000000,  0.000000,  0.000000,  0.000000,  0.000000,  0.000000,  0.000000,  0.000000,  0.000000,  0.000000,  0.000000,  0.000000,  0.000000,  0.000000,  0.000000,  0.000000,  0.000000,  0.000000,  0.000000,  0.000000,  0.000000,  0.000000,  0.000000,  0.000000,  0.000000,  0.000000,  0.000000,  0.000000,  0.000000,  0.000000,  0.000000,  0.000000,  0.000000,  0.000000,  0.000000,  0.000000,  0.000000,  0.000000,  0.000000,  0.000000,  0.000000,  0.000000,  0.000000,  0.000000,  0.000000,  0.000000,  0.000000,  0.000000,  0.000000,  0.000000,  0.000000,  0.000000,  0.000000,  0.000000,  0.000000,  0.000000,  0.000000,  0.000000,  0.000000,  0.000000,  0.000000,  0.000000,  0.000000,  0.000000,  0.000000,  0.000000,  0.000000,  0.000000,  0.000000,  0.000000,  0.000000,  0.000000,  0.000000,  0.000000,  0.000000,  0.000000,  0.000000,  0.000000,  0.000000,  0.000000,  0.000000,  0.000000,  0.000000,  0.000000,  0.000000,  0.000000,  0.000000,  0.000000,  0.000000,  0.000000,  0.000000,  0.000000,  0.000000,  0.000000,  0.000000,  0.000000,  0.000000,  0.000000,  0.000000,  0.000000,  0.000000,  0.000000,  0.000000,  0.000000,  0.000000,  0.000000,  0.000000,  0.000000,  0.000000,  0.000000,  0.000000,  0.000000,  0.000000,  0.000000,  0.000000,  0.000000,  0.000000,  0.000000,  0.000000,  0.000000,  0.000000,  0.000000,  0.000000,  0.000000,  0.000000,  0.000000,  0.000000,  0.000000,  0.000000,  0.000000,  0.000000,  0.000000,  0.000000,  0.000000,  0.000000,  0.000000,  0.000000,  0.000000,  0.000000,  0.000000,  0.000000,  0.000000,  0.000000,  0.000000,  0.000000,  0.000000,  0.000000,  0.000000,  0.000000,  0.000000 ]
checksum = 1.000000
Repeated 9 time
f2=0.584591 a2=0.415409
f3=0.173212 a3=0.242196
f4=0.073074 a4=0.169123
f5=0.037414 a5=0.131709
f6=0.021652 a6=0.110057
f7=0.013635 a7=0.096422
f8=0.009134 a8=0.087288
f9=0.006415 a9=0.080873
f10=0.004677 a10=0.076196
f11=0.003514 a11=0.072682
f12=0.002706 a12=0.069976
f13=0.002129 a13=0.067847
f14=0.001704 a14=0.066143
f15=0.001386 a15=0.064757
f16=0.001142 a16=0.063616
f17=0.000952 a17=0.062664
f18=0.000802 a18=0.061862
f19=0.000682 a19=0.061180
f20=0.061180
[ 0.584591,  0.173212,  0.073074,  0.037414,  0.021652,  0.013635,  0.009134,  0.006415,  0.004677,  0.003514,  0.002706,  0.002129,  0.001704,  0.001386,  0.001142,  0.000952,  0.000802,  0.000682, 0.061180]
0.061180 == 0.061180

total 91833 nodes
[ 0.006588,  0.577842,  0.171551,  0.077641,  0.034312,  0.019612,  0.017434,  0.007993,  0.006849,  0.004399,  0.004116,  0.000087,  0.007350,  0.000926,  0.002167,  0.000022,  0.000806,  0.001829,  0.001655,  0.056821,  0.000000,  0.000000,  0.000000,  0.000000,  0.000000,  0.000000,  0.000000,  0.000000,  0.000000,  0.000000,  0.000000,  0.000000,  0.000000,  0.000000,  0.000000,  0.000000,  0.000000,  0.000000,  0.000000,  0.000000,  0.000000,  0.000000,  0.000000,  0.000000,  0.000000,  0.000000,  0.000000,  0.000000,  0.000000,  0.000000,  0.000000,  0.000000,  0.000000,  0.000000,  0.000000,  0.000000,  0.000000,  0.000000,  0.000000,  0.000000,  0.000000,  0.000000,  0.000000,  0.000000,  0.000000,  0.000000,  0.000000,  0.000000,  0.000000,  0.000000,  0.000000,  0.000000,  0.000000,  0.000000,  0.000000,  0.000000,  0.000000,  0.000000,  0.000000,  0.000000,  0.000000,  0.000000,  0.000000,  0.000000,  0.000000,  0.000000,  0.000000,  0.000000,  0.000000,  0.000000,  0.000000,  0.000000,  0.000000,  0.000000,  0.000000,  0.000000,  0.000000,  0.000000,  0.000000,  0.000000,  0.000000,  0.000000,  0.000000,  0.000000,  0.000000,  0.000000,  0.000000,  0.000000,  0.000000,  0.000000,  0.000000,  0.000000,  0.000000,  0.000000,  0.000000,  0.000000,  0.000000,  0.000000,  0.000000,  0.000000,  0.000000,  0.000000,  0.000000,  0.000000,  0.000000,  0.000000,  0.000000,  0.000000,  0.000000,  0.000000,  0.000000,  0.000000,  0.000000,  0.000000,  0.000000,  0.000000,  0.000000,  0.000000,  0.000000,  0.000000,  0.000000,  0.000000,  0.000000,  0.000000,  0.000000,  0.000000,  0.000000,  0.000000,  0.000000,  0.000000,  0.000000,  0.000000,  0.000000,  0.000000,  0.000000,  0.000000,  0.000000,  0.000000,  0.000000,  0.000000,  0.000000,  0.000000,  0.000000,  0.000000,  0.000000,  0.000000,  0.000000,  0.000000,  0.000000,  0.000000,  0.000000,  0.000000,  0.000000,  0.000000,  0.000000,  0.000000,  0.000000,  0.000000,  0.000000,  0.000000,  0.000000,  0.000000,  0.000000,  0.000000,  0.000000,  0.000000,  0.000000,  0.000000,  0.000000,  0.000000,  0.000000,  0.000000,  0.000000,  0.000000,  0.000000,  0.000000,  0.000000,  0.000000,  0.000000,  0.000000 ]
checksum = 1.000000
====================
[ 0.000000,  0.004974,  0.580757,  0.172043,  0.072340,  0.037902,  0.021809,  0.013593,  0.009840,  0.006505,  0.004206,  0.003130,  0.003013,  0.003025,  0.001848,  0.001712,  0.001745,  0.001033,  0.001134,  0.001622,  0.057769,  0.000000,  0.000000,  0.000000,  0.000000,  0.000000,  0.000000,  0.000000,  0.000000,  0.000000,  0.000000,  0.000000,  0.000000,  0.000000,  0.000000,  0.000000,  0.000000,  0.000000,  0.000000,  0.000000,  0.000000,  0.000000,  0.000000,  0.000000,  0.000000,  0.000000,  0.000000,  0.000000,  0.000000,  0.000000,  0.000000,  0.000000,  0.000000,  0.000000,  0.000000,  0.000000,  0.000000,  0.000000,  0.000000,  0.000000,  0.000000,  0.000000,  0.000000,  0.000000,  0.000000,  0.000000,  0.000000,  0.000000,  0.000000,  0.000000,  0.000000,  0.000000,  0.000000,  0.000000,  0.000000,  0.000000,  0.000000,  0.000000,  0.000000,  0.000000,  0.000000,  0.000000,  0.000000,  0.000000,  0.000000,  0.000000,  0.000000,  0.000000,  0.000000,  0.000000,  0.000000,  0.000000,  0.000000,  0.000000,  0.000000,  0.000000,  0.000000,  0.000000,  0.000000,  0.000000,  0.000000 ]
f2=0.584591 a2=0.415409
f3=0.173212 a3=0.242196
f4=0.073074 a4=0.169123
f5=0.037414 a5=0.131709
f6=0.021652 a6=0.110057
f7=0.013635 a7=0.096422
f8=0.009134 a8=0.087288
f9=0.006415 a9=0.080873
f10=0.004677 a10=0.076196
f11=0.003514 a11=0.072682
f12=0.002706 a12=0.069976
f13=0.002129 a13=0.067847
f14=0.001704 a14=0.066143
f15=0.001386 a15=0.064757
f16=0.001142 a16=0.063616
f17=0.000952 a17=0.062664
f18=0.000802 a18=0.061862
f19=0.000682 a19=0.061180
f20=0.061180
[ 0.584591,  0.173212,  0.073074,  0.037414,  0.021652,  0.013635,  0.009134,  0.006415,  0.004677,  0.003514,  0.002706,  0.002129,  0.001704,  0.001386,  0.001142,  0.000952,  0.000802,  0.000682, 0.061180]
0.061180 == 0.061180
