Repeated 0 time
f2=0.543049 a2=0.456951
f3=0.181716 a3=0.275235
f4=0.083571 a4=0.191663
f5=0.045751 a5=0.145912
f6=0.027965 a6=0.117948
f7=0.018444 a7=0.099504
f8=0.012861 a8=0.086643
f9=0.009358 a9=0.077285
f10=0.007041 a10=0.070244
f11=0.005443 a11=0.064801
f12=0.004304 a12=0.060497
f13=0.003467 a13=0.057030
f14=0.002838 a14=0.054192
f15=0.002356 a15=0.051836
f16=0.001979 a16=0.049856
f17=0.001680 a17=0.048176
f18=0.001440 a18=0.046736
f19=0.001244 a19=0.045492
f20=0.045492
[ 0.543049,  0.181716,  0.083571,  0.045751,  0.027965,  0.018444,  0.012861,  0.009358,  0.007041,  0.005443,  0.004304,  0.003467,  0.002838,  0.002356,  0.001979,  0.001680,  0.001440,  0.001244, 0.045492]
0.045492 == 0.045492

total 91697 nodes
[ 0.001985,  0.543518,  0.182503,  0.079294,  0.044353,  0.031233,  0.016435,  0.012749,  0.009935,  0.007961,  0.006042,  0.003381,  0.005158,  0.000720,  0.004624,  0.001712,  0.000513,  0.002617,  0.002050,  0.043218,  0.000000,  0.000000,  0.000000,  0.000000,  0.000000,  0.000000,  0.000000,  0.000000,  0.000000,  0.000000,  0.000000,  0.000000,  0.000000,  0.000000,  0.000000,  0.000000,  0.000000,  0.000000,  0.000000,  0.000000,  0.000000,  0.000000,  0.000000,  0.000000,  0.000000,  0.000000,  0.000000,  0.000000,  0.000000,  0.000000,  0.000000,  0.000000,  0.000000,  0.000000,  0.000000,  0.000000,  0.000000,  0.000000,  0.000000,  0.000000,  0.000000,  0.000000,  0.000000,  0.000000,  0.000000,  0.000000,  0.000000,  0.000000,  0.000000,  0.000000,  0.000000,  0.000000,  0.000000,  0.000000,  0.000000,  0.000000,  0.000000,  0.000000,  0.000000,  0.000000,  0.000000,  0.000000,  0.000000,  0.000000,  0.000000,  0.000000,  0.000000,  0.000000,  0.000000,  0.000000,  0.000000,  0.000000,  0.000000,  0.000000,  0.000000,  0.000000,  0.000000,  0.000000,  0.000000,  0.000000,  0.000000,  0.000000,  0.000000,  0.000000,  0.000000,  0.000000,  0.000000,  0.000000,  0.000000,  0.000000,  0.000000,  0.000000,  0.000000,  0.000000,  0.000000,  0.000000,  0.000000,  0.000000,  0.000000,  0.000000,  0.000000,  0.000000,  0.000000,  0.000000,  0.000000,  0.000000,  0.000000,  0.000000,  0.000000,  0.000000,  0.000000,  0.000000,  0.000000,  0.000000,  0.000000,  0.000000,  0.000000,  0.000000,  0.000000,  0.000000,  0.000000,  0.000000,  0.000000,  0.000000,  0.000000,  0.000000,  0.000000,  0.000000,  0.000000,  0.000000,  0.000000,  0.000000,  0.000000,  0.000000,  0.000000,  0.000000,  0.000000,  0.000000,  0.000000,  0.000000,  0.000000,  0.000000,  0.000000,  0.000000,  0.000000,  0.000000,  0.000000,  0.000000,  0.000000,  0.000000,  0.000000,  0.000000,  0.000000,  0.000000,  0.000000,  0.000000,  0.000000,  0.000000,  0.000000,  0.000000,  0.000000,  0.000000,  0.000000,  0.000000,  0.000000,  0.000000,  0.000000,  0.000000,  0.000000,  0.000000,  0.000000,  0.000000,  0.000000,  0.000000,  0.000000,  0.000000,  0.000000,  0.000000,  0.000000,  0.000000 ]
checksum = 1.000000
Repeated 1 time
f2=0.543049 a2=0.456951
f3=0.181716 a3=0.275235
f4=0.083571 a4=0.191663
f5=0.045751 a5=0.145912
f6=0.027965 a6=0.117948
f7=0.018444 a7=0.099504
f8=0.012861 a8=0.086643
f9=0.009358 a9=0.077285
f10=0.007041 a10=0.070244
f11=0.005443 a11=0.064801
f12=0.004304 a12=0.060497
f13=0.003467 a13=0.057030
f14=0.002838 a14=0.054192
f15=0.002356 a15=0.051836
f16=0.001979 a16=0.049856
f17=0.001680 a17=0.048176
f18=0.001440 a18=0.046736
f19=0.001244 a19=0.045492
f20=0.045492
[ 0.543049,  0.181716,  0.083571,  0.045751,  0.027965,  0.018444,  0.012861,  0.009358,  0.007041,  0.005443,  0.004304,  0.003467,  0.002838,  0.002356,  0.001979,  0.001680,  0.001440,  0.001244, 0.045492]
0.045492 == 0.045492

total 91800 nodes
[ 0.002309,  0.541972,  0.179412,  0.085730,  0.042320,  0.032832,  0.015904,  0.013322,  0.007462,  0.007843,  0.007571,  0.001656,  0.003224,  0.005795,  0.003214,  0.001590,  0.001569,  0.000937,  0.004858,  0.040479,  0.000000,  0.000000,  0.000000,  0.000000,  0.000000,  0.000000,  0.000000,  0.000000,  0.000000,  0.000000,  0.000000,  0.000000,  0.000000,  0.000000,  0.000000,  0.000000,  0.000000,  0.000000,  0.000000,  0.000000,  0.000000,  0.000000,  0.000000,  0.000000,  0.000000,  0.000000,  0.000000,  0.000000,  0.000000,  0.000000,  0.000000,  0.000000,  0.000000,  0.000000,  0.000000,  0.000000,  0.000000,  0.000000,  0.000000,  0.000000,  0.000000,  0.000000,  0.000000,  0.000000,  0.000000,  0.000000,  0.000000,  0.000000,  0.000000,  0.000000,  0.000000,  0.000000,  0.000000,  0.000000,  0.000000,  0.000000,  0.000000,  0.000000,  0.000000,  0.000000,  0.000000,  0.000000,  0.000000,  0.000000,  0.000000,  0.000000,  0.000000,  0.000000,  0.000000,  0.000000,  0.000000,  0.000000,  0.000000,  0.000000,  0.000000,  0.000000,  0.000000,  0.000000,  0.000000,  0.000000,  0.000000,  0.000000,  0.000000,  0.000000,  0.000000,  0.000000,  0.000000,  0.000000,  0.000000,  0.000000,  0.000000,  0.000000,  0.000000,  0.000000,  0.000000,  0.000000,  0.000000,  0.000000,  0.000000,  0.000000,  0.000000,  0.000000,  0.000000,  0.000000,  0.000000,  0.000000,  0.000000,  0.000000,  0.000000,  0.000000,  0.000000,  0.000000,  0.000000,  0.000000,  0.000000,  0.000000,  0.000000,  0.000000,  0.000000,  0.000000,  0.000000,  0.000000,  0.000000,  0.000000,  0.000000,  0.000000,  0.000000,  0.000000,  0.000000,  0.000000,  0.000000,  0.000000,  0.000000,  0.000000,  0.000000,  0.000000,  0.000000,  0.000000,  0.000000,  0.000000,  0.000000,  0.000000,  0.000000,  0.000000,  0.000000,  0.000000,  0.000000,  0.000000,  0.000000,  0.000000,  0.000000,  0.000000,  0.000000,  0.000000,  0.000000,  0.000000,  0.000000,  0.000000,  0.000000,  0.000000,  0.000000,  0.000000,  0.000000,  0.000000,  0.000000,  0.000000,  0.000000,  0.000000,  0.000000,  0.000000,  0.000000,  0.000000,  0.000000,  0.000000,  0.000000,  0.000000,  0.000000,  0.000000,  0.000000,  0.000000 ]
checksum = 1.000000
Repeated 2 time
f2=0.543049 a2=0.456951
f3=0.181716 a3=0.275235
f4=0.083571 a4=0.191663
f5=0.045751 a5=0.145912
f6=0.027965 a6=0.117948
f7=0.018444 a7=0.099504
f8=0.012861 a8=0.086643
f9=0.009358 a9=0.077285
f10=0.007041 a10=0.070244
f11=0.005443 a11=0.064801
f12=0.004304 a12=0.060497
f13=0.003467 a13=0.057030
f14=0.002838 a14=0.054192
f15=0.002356 a15=0.051836
f16=0.001979 a16=0.049856
f17=0.001680 a17=0.048176
f18=0.001440 a18=0.046736
f19=0.001244 a19=0.045492
f20=0.045492
[ 0.543049,  0.181716,  0.083571,  0.045751,  0.027965,  0.018444,  0.012861,  0.009358,  0.007041,  0.005443,  0.004304,  0.003467,  0.002838,  0.002356,  0.001979,  0.001680,  0.001440,  0.001244, 0.045492]
0.045492 == 0.045492

total 91889 nodes
[ 0.001545,  0.535951,  0.191742,  0.077256,  0.048907,  0.028937,  0.015279,  0.013854,  0.006998,  0.008391,  0.008401,  0.003526,  0.000707,  0.004767,  0.002187,  0.002927,  0.000805,  0.001904,  0.001915,  0.043999,  0.000000,  0.000000,  0.000000,  0.000000,  0.000000,  0.000000,  0.000000,  0.000000,  0.000000,  0.000000,  0.000000,  0.000000,  0.000000,  0.000000,  0.000000,  0.000000,  0.000000,  0.000000,  0.000000,  0.000000,  0.000000,  0.000000,  0.000000,  0.000000,  0.000000,  0.000000,  0.000000,  0.000000,  0.000000,  0.000000,  0.000000,  0.000000,  0.000000,  0.000000,  0.000000,  0.000000,  0.000000,  0.000000,  0.000000,  0.000000,  0.000000,  0.000000,  0.000000,  0.000000,  0.000000,  0.000000,  0.000000,  0.000000,  0.000000,  0.000000,  0.000000,  0.000000,  0.000000,  0.000000,  0.000000,  0.000000,  0.000000,  0.000000,  0.000000,  0.000000,  0.000000,  0.000000,  0.000000,  0.000000,  0.000000,  0.000000,  0.000000,  0.000000,  0.000000,  0.000000,  0.000000,  0.000000,  0.000000,  0.000000,  0.000000,  0.000000,  0.000000,  0.000000,  0.000000,  0.000000,  0.000000,  0.000000,  0.000000,  0.000000,  0.000000,  0.000000,  0.000000,  0.000000,  0.000000,  0.000000,  0.000000,  0.000000,  0.000000,  0.000000,  0.000000,  0.000000,  0.000000,  0.000000,  0.000000,  0.000000,  0.000000,  0.000000,  0.000000,  0.000000,  0.000000,  0.000000,  0.000000,  0.000000,  0.000000,  0.000000,  0.000000,  0.000000,  0.000000,  0.000000,  0.000000,  0.000000,  0.000000,  0.000000,  0.000000,  0.000000,  0.000000,  0.000000,  0.000000,  0.000000,  0.000000,  0.000000,  0.000000,  0.000000,  0.000000,  0.000000,  0.000000,  0.000000,  0.000000,  0.000000,  0.000000,  0.000000,  0.000000,  0.000000,  0.000000,  0.000000,  0.000000,  0.000000,  0.000000,  0.000000,  0.000000,  0.000000,  0.000000,  0.000000,  0.000000,  0.000000,  0.000000,  0.000000,  0.000000,  0.000000,  0.000000,  0.000000,  0.000000,  0.000000,  0.000000,  0.000000,  0.000000,  0.000000,  0.000000,  0.000000,  0.000000,  0.000000,  0.000000,  0.000000,  0.000000,  0.000000,  0.000000,  0.000000,  0.000000,  0.000000,  0.000000,  0.000000,  0.000000,  0.000000,  0.000000,  0.000000 ]
checksum = 1.000000
Repeated 3 time
f2=0.543049 a2=0.456951
f3=0.181716 a3=0.275235
f4=0.083571 a4=0.191663
f5=0.045751 a5=0.145912
f6=0.027965 a6=0.117948
f7=0.018444 a7=0.099504
f8=0.012861 a8=0.086643
f9=0.009358 a9=0.077285
f10=0.007041 a10=0.070244
f11=0.005443 a11=0.064801
f12=0.004304 a12=0.060497
f13=0.003467 a13=0.057030
f14=0.002838 a14=0.054192
f15=0.002356 a15=0.051836
f16=0.001979 a16=0.049856
f17=0.001680 a17=0.048176
f18=0.001440 a18=0.046736
f19=0.001244 a19=0.045492
f20=0.045492
[ 0.543049,  0.181716,  0.083571,  0.045751,  0.027965,  0.018444,  0.012861,  0.009358,  0.007041,  0.005443,  0.004304,  0.003467,  0.002838,  0.002356,  0.001979,  0.001680,  0.001440,  0.001244, 0.045492]
0.045492 == 0.045492

total 91913 nodes
[ 0.002296,  0.543917,  0.177298,  0.091358,  0.040952,  0.029114,  0.014971,  0.014470,  0.008715,  0.005581,  0.006484,  0.002796,  0.004417,  0.004798,  0.002165,  0.001501,  0.000870,  0.003155,  0.001229,  0.043911,  0.000000,  0.000000,  0.000000,  0.000000,  0.000000,  0.000000,  0.000000,  0.000000,  0.000000,  0.000000,  0.000000,  0.000000,  0.000000,  0.000000,  0.000000,  0.000000,  0.000000,  0.000000,  0.000000,  0.000000,  0.000000,  0.000000,  0.000000,  0.000000,  0.000000,  0.000000,  0.000000,  0.000000,  0.000000,  0.000000,  0.000000,  0.000000,  0.000000,  0.000000,  0.000000,  0.000000,  0.000000,  0.000000,  0.000000,  0.000000,  0.000000,  0.000000,  0.000000,  0.000000,  0.000000,  0.000000,  0.000000,  0.000000,  0.000000,  0.000000,  0.000000,  0.000000,  0.000000,  0.000000,  0.000000,  0.000000,  0.000000,  0.000000,  0.000000,  0.000000,  0.000000,  0.000000,  0.000000,  0.000000,  0.000000,  0.000000,  0.000000,  0.000000,  0.000000,  0.000000,  0.000000,  0.000000,  0.000000,  0.000000,  0.000000,  0.000000,  0.000000,  0.000000,  0.000000,  0.000000,  0.000000,  0.000000,  0.000000,  0.000000,  0.000000,  0.000000,  0.000000,  0.000000,  0.000000,  0.000000,  0.000000,  0.000000,  0.000000,  0.000000,  0.000000,  0.000000,  0.000000,  0.000000,  0.000000,  0.000000,  0.000000,  0.000000,  0.000000,  0.000000,  0.000000,  0.000000,  0.000000,  0.000000,  0.000000,  0.000000,  0.000000,  0.000000,  0.000000,  0.000000,  0.000000,  0.000000,  0.000000,  0.000000,  0.000000,  0.000000,  0.000000,  0.000000,  0.000000,  0.000000,  0.000000,  0.000000,  0.000000,  0.000000,  0.000000,  0.000000,  0.000000,  0.000000,  0.000000,  0.000000,  0.000000,  0.000000,  0.000000,  0.000000,  0.000000,  0.000000,  0.000000,  0.000000,  0.000000,  0.000000,  0.000000,  0.000000,  0.000000,  0.000000,  0.000000,  0.000000,  0.000000,  0.000000,  0.000000,  0.000000,  0.000000,  0.000000,  0.000000,  0.000000,  0.000000,  0.000000,  0.000000,  0.000000,  0.000000,  0.000000,  0.000000,  0.000000,  0.000000,  0.000000,  0.000000,  0.000000,  0.000000,  0.000000,  0.000000,  0.000000,  0.000000,  0.000000,  0.000000,  0.000000,  0.000000,  0.000000 ]
checksum = 1.000000
Repeated 4 time
f2=0.543049 a2=0.456951
f3=0.181716 a3=0.275235
f4=0.083571 a4=0.191663
f5=0.045751 a5=0.145912
f6=0.027965 a6=0.117948
f7=0.018444 a7=0.099504
f8=0.012861 a8=0.086643
f9=0.009358 a9=0.077285
f10=0.007041 a10=0.070244
f11=0.005443 a11=0.064801
f12=0.004304 a12=0.060497
f13=0.003467 a13=0.057030
f14=0.002838 a14=0.054192
f15=0.002356 a15=0.051836
f16=0.001979 a16=0.049856
f17=0.001680 a17=0.048176
f18=0.001440 a18=0.046736
f19=0.001244 a19=0.045492
f20=0.045492
[ 0.543049,  0.181716,  0.083571,  0.045751,  0.027965,  0.018444,  0.012861,  0.009358,  0.007041,  0.005443,  0.004304,  0.003467,  0.002838,  0.002356,  0.001979,  0.001680,  0.001440,  0.001244, 0.045492]
0.045492 == 0.045492

total 91823 nodes
[ 0.002657,  0.544700,  0.178604,  0.078488,  0.054823,  0.026159,  0.016042,  0.012535,  0.008005,  0.007144,  0.009954,  0.000599,  0.002625,  0.002766,  0.004378,  0.000849,  0.002461,  0.000305,  0.002712,  0.044194,  0.000000,  0.000000,  0.000000,  0.000000,  0.000000,  0.000000,  0.000000,  0.000000,  0.000000,  0.000000,  0.000000,  0.000000,  0.000000,  0.000000,  0.000000,  0.000000,  0.000000,  0.000000,  0.000000,  0.000000,  0.000000,  0.000000,  0.000000,  0.000000,  0.000000,  0.000000,  0.000000,  0.000000,  0.000000,  0.000000,  0.000000,  0.000000,  0.000000,  0.000000,  0.000000,  0.000000,  0.000000,  0.000000,  0.000000,  0.000000,  0.000000,  0.000000,  0.000000,  0.000000,  0.000000,  0.000000,  0.000000,  0.000000,  0.000000,  0.000000,  0.000000,  0.000000,  0.000000,  0.000000,  0.000000,  0.000000,  0.000000,  0.000000,  0.000000,  0.000000,  0.000000,  0.000000,  0.000000,  0.000000,  0.000000,  0.000000,  0.000000,  0.000000,  0.000000,  0.000000,  0.000000,  0.000000,  0.000000,  0.000000,  0.000000,  0.000000,  0.000000,  0.000000,  0.000000,  0.000000,  0.000000,  0.000000,  0.000000,  0.000000,  0.000000,  0.000000,  0.000000,  0.000000,  0.000000,  0.000000,  0.000000,  0.000000,  0.000000,  0.000000,  0.000000,  0.000000,  0.000000,  0.000000,  0.000000,  0.000000,  0.000000,  0.000000,  0.000000,  0.000000,  0.000000,  0.000000,  0.000000,  0.000000,  0.000000,  0.000000,  0.000000,  0.000000,  0.000000,  0.000000,  0.000000,  0.000000,  0.000000,  0.000000,  0.000000,  0.000000,  0.000000,  0.000000,  0.000000,  0.000000,  0.000000,  0.000000,  0.000000,  0.000000,  0.000000,  0.000000,  0.000000,  0.000000,  0.000000,  0.000000,  0.000000,  0.000000,  0.000000,  0.000000,  0.000000,  0.000000,  0.000000,  0.000000,  0.000000,  0.000000,  0.000000,  0.000000,  0.000000,  0.000000,  0.000000,  0.000000,  0.000000,  0.000000,  0.000000,  0.000000,  0.000000,  0.000000,  0.000000,  0.000000,  0.000000,  0.000000,  0.000000,  0.000000,  0.000000,  0.000000,  0.000000,  0.000000,  0.000000,  0.000000,  0.000000,  0.000000,  0.000000,  0.000000,  0.000000,  0.000000,  0.000000,  0.000000,  0.000000,  0.000000,  0.000000,  0.000000 ]
checksum = 1.000000
Repeated 5 time
f2=0.543049 a2=0.456951
f3=0.181716 a3=0.275235
f4=0.083571 a4=0.191663
f5=0.045751 a5=0.145912
f6=0.027965 a6=0.117948
f7=0.018444 a7=0.099504
f8=0.012861 a8=0.086643
f9=0.009358 a9=0.077285
f10=0.007041 a10=0.070244
f11=0.005443 a11=0.064801
f12=0.004304 a12=0.060497
f13=0.003467 a13=0.057030
f14=0.002838 a14=0.054192
f15=0.002356 a15=0.051836
f16=0.001979 a16=0.049856
f17=0.001680 a17=0.048176
f18=0.001440 a18=0.046736
f19=0.001244 a19=0.045492
f20=0.045492
[ 0.543049,  0.181716,  0.083571,  0.045751,  0.027965,  0.018444,  0.012861,  0.009358,  0.007041,  0.005443,  0.004304,  0.003467,  0.002838,  0.002356,  0.001979,  0.001680,  0.001440,  0.001244, 0.045492]
0.045492 == 0.045492

total 92149 nodes
[ 0.002409,  0.544249,  0.178515,  0.085655,  0.043343,  0.028931,  0.020272,  0.007054,  0.012697,  0.007564,  0.003690,  0.005871,  0.003310,  0.003158,  0.002822,  0.001422,  0.001237,  0.000640,  0.002680,  0.044482,  0.000000,  0.000000,  0.000000,  0.000000,  0.000000,  0.000000,  0.000000,  0.000000,  0.000000,  0.000000,  0.000000,  0.000000,  0.000000,  0.000000,  0.000000,  0.000000,  0.000000,  0.000000,  0.000000,  0.000000,  0.000000,  0.000000,  0.000000,  0.000000,  0.000000,  0.000000,  0.000000,  0.000000,  0.000000,  0.000000,  0.000000,  0.000000,  0.000000,  0.000000,  0.000000,  0.000000,  0.000000,  0.000000,  0.000000,  0.000000,  0.000000,  0.000000,  0.000000,  0.000000,  0.000000,  0.000000,  0.000000,  0.000000,  0.000000,  0.000000,  0.000000,  0.000000,  0.000000,  0.000000,  0.000000,  0.000000,  0.000000,  0.000000,  0.000000,  0.000000,  0.000000,  0.000000,  0.000000,  0.000000,  0.000000,  0.000000,  0.000000,  0.000000,  0.000000,  0.000000,  0.000000,  0.000000,  0.000000,  0.000000,  0.000000,  0.000000,  0.000000,  0.000000,  0.000000,  0.000000,  0.000000,  0.000000,  0.000000,  0.000000,  0.000000,  0.000000,  0.000000,  0.000000,  0.000000,  0.000000,  0.000000,  0.000000,  0.000000,  0.000000,  0.000000,  0.000000,  0.000000,  0.000000,  0.000000,  0.000000,  0.000000,  0.000000,  0.000000,  0.000000,  0.000000,  0.000000,  0.000000,  0.000000,  0.000000,  0.000000,  0.000000,  0.000000,  0.000000,  0.000000,  0.000000,  0.000000,  0.000000,  0.000000,  0.000000,  0.000000,  0.000000,  0.000000,  0.000000,  0.000000,  0.000000,  0.000000,  0.000000,  0.000000,  0.000000,  0.000000,  0.000000,  0.000000,  0.000000,  0.000000,  0.000000,  0.000000,  0.000000,  0.000000,  0.000000,  0.000000,  0.000000,  0.000000,  0.000000,  0.000000,  0.000000,  0.000000,  0.000000,  0.000000,  0.000000,  0.000000,  0.000000,  0.000000,  0.000000,  0.000000,  0.000000,  0.000000,  0.000000,  0.000000,  0.000000,  0.000000,  0.000000,  0.000000,  0.000000,  0.000000,  0.000000,  0.000000,  0.000000,  0.000000,  0.000000,  0.000000,  0.000000,  0.000000,  0.000000,  0.000000,  0.000000,  0.000000,  0.000000,  0.000000,  0.000000,  0.000000 ]
checksum = 1.000000
Repeated 6 time
f2=0.543049 a2=0.456951
f3=0.181716 a3=0.275235
f4=0.083571 a4=0.191663
f5=0.045751 a5=0.145912
f6=0.027965 a6=0.117948
f7=0.018444 a7=0.099504
f8=0.012861 a8=0.086643
f9=0.009358 a9=0.077285
f10=0.007041 a10=0.070244
f11=0.005443 a11=0.064801
f12=0.004304 a12=0.060497
f13=0.003467 a13=0.057030
f14=0.002838 a14=0.054192
f15=0.002356 a15=0.051836
f16=0.001979 a16=0.049856
f17=0.001680 a17=0.048176
f18=0.001440 a18=0.046736
f19=0.001244 a19=0.045492
f20=0.045492
[ 0.543049,  0.181716,  0.083571,  0.045751,  0.027965,  0.018444,  0.012861,  0.009358,  0.007041,  0.005443,  0.004304,  0.003467,  0.002838,  0.002356,  0.001979,  0.001680,  0.001440,  0.001244, 0.045492]
0.045492 == 0.045492

total 91694 nodes
[ 0.002399,  0.540559,  0.185268,  0.074149,  0.053864,  0.028115,  0.015661,  0.013043,  0.009237,  0.007918,  0.003937,  0.005028,  0.003544,  0.003185,  0.003272,  0.000774,  0.002214,  0.004362,  0.000774,  0.042696,  0.000000,  0.000000,  0.000000,  0.000000,  0.000000,  0.000000,  0.000000,  0.000000,  0.000000,  0.000000,  0.000000,  0.000000,  0.000000,  0.000000,  0.000000,  0.000000,  0.000000,  0.000000,  0.000000,  0.000000,  0.000000,  0.000000,  0.000000,  0.000000,  0.000000,  0.000000,  0.000000,  0.000000,  0.000000,  0.000000,  0.000000,  0.000000,  0.000000,  0.000000,  0.000000,  0.000000,  0.000000,  0.000000,  0.000000,  0.000000,  0.000000,  0.000000,  0.000000,  0.000000,  0.000000,  0.000000,  0.000000,  0.000000,  0.000000,  0.000000,  0.000000,  0.000000,  0.000000,  0.000000,  0.000000,  0.000000,  0.000000,  0.000000,  0.000000,  0.000000,  0.000000,  0.000000,  0.000000,  0.000000,  0.000000,  0.000000,  0.000000,  0.000000,  0.000000,  0.000000,  0.000000,  0.000000,  0.000000,  0.000000,  0.000000,  0.000000,  0.000000,  0.000000,  0.000000,  0.000000,  0.000000,  0.000000,  0.000000,  0.000000,  0.000000,  0.000000,  0.000000,  0.000000,  0.000000,  0.000000,  0.000000,  0.000000,  0.000000,  0.000000,  0.000000,  0.000000,  0.000000,  0.000000,  0.000000,  0.000000,  0.000000,  0.000000,  0.000000,  0.000000,  0.000000,  0.000000,  0.000000,  0.000000,  0.000000,  0.000000,  0.000000,  0.000000,  0.000000,  0.000000,  0.000000,  0.000000,  0.000000,  0.000000,  0.000000,  0.000000,  0.000000,  0.000000,  0.000000,  0.000000,  0.000000,  0.000000,  0.000000,  0.000000,  0.000000,  0.000000,  0.000000,  0.000000,  0.000000,  0.000000,  0.000000,  0.000000,  0.000000,  0.000000,  0.000000,  0.000000,  0.000000,  0.000000,  0.000000,  0.000000,  0.000000,  0.000000,  0.000000,  0.000000,  0.000000,  0.000000,  0.000000,  0.000000,  0.000000,  0.000000,  0.000000,  0.000000,  0.000000,  0.000000,  0.000000,  0.000000,  0.000000,  0.000000,  0.000000,  0.000000,  0.000000,  0.000000,  0.000000,  0.000000,  0.000000,  0.000000,  0.000000,  0.000000,  0.000000,  0.000000,  0.000000,  0.000000,  0.000000,  0.000000,  0.000000,  0.000000 ]
checksum = 1.000000
Repeated 7 time
f2=0.543049 a2=0.456951
f3=0.181716 a3=0.275235
f4=0.083571 a4=0.191663
f5=0.045751 a5=0.145912
f6=0.027965 a6=0.117948
f7=0.018444 a7=0.099504
f8=0.012861 a8=0.086643
f9=0.009358 a9=0.077285
f10=0.007041 a10=0.070244
f11=0.005443 a11=0.064801
f12=0.004304 a12=0.060497
f13=0.003467 a13=0.057030
f14=0.002838 a14=0.054192
f15=0.002356 a15=0.051836
f16=0.001979 a16=0.049856
f17=0.001680 a17=0.048176
f18=0.001440 a18=0.046736
f19=0.001244 a19=0.045492
f20=0.045492
[ 0.543049,  0.181716,  0.083571,  0.045751,  0.027965,  0.018444,  0.012861,  0.009358,  0.007041,  0.005443,  0.004304,  0.003467,  0.002838,  0.002356,  0.001979,  0.001680,  0.001440,  0.001244, 0.045492]
0.045492 == 0.045492

total 91475 nodes
[ 0.001192,  0.541634,  0.181350,  0.078185,  0.050429,  0.027702,  0.017065,  0.019415,  0.004701,  0.008866,  0.007412,  0.001858,  0.002722,  0.003105,  0.003914,  0.002372,  0.000787,  0.001530,  0.002110,  0.043651,  0.000000,  0.000000,  0.000000,  0.000000,  0.000000,  0.000000,  0.000000,  0.000000,  0.000000,  0.000000,  0.000000,  0.000000,  0.000000,  0.000000,  0.000000,  0.000000,  0.000000,  0.000000,  0.000000,  0.000000,  0.000000,  0.000000,  0.000000,  0.000000,  0.000000,  0.000000,  0.000000,  0.000000,  0.000000,  0.000000,  0.000000,  0.000000,  0.000000,  0.000000,  0.000000,  0.000000,  0.000000,  0.000000,  0.000000,  0.000000,  0.000000,  0.000000,  0.000000,  0.000000,  0.000000,  0.000000,  0.000000,  0.000000,  0.000000,  0.000000,  0.000000,  0.000000,  0.000000,  0.000000,  0.000000,  0.000000,  0.000000,  0.000000,  0.000000,  0.000000,  0.000000,  0.000000,  0.000000,  0.000000,  0.000000,  0.000000,  0.000000,  0.000000,  0.000000,  0.000000,  0.000000,  0.000000,  0.000000,  0.000000,  0.000000,  0.000000,  0.000000,  0.000000,  0.000000,  0.000000,  0.000000,  0.000000,  0.000000,  0.000000,  0.000000,  0.000000,  0.000000,  0.000000,  0.000000,  0.000000,  0.000000,  0.000000,  0.000000,  0.000000,  0.000000,  0.000000,  0.000000,  0.000000,  0.000000,  0.000000,  0.000000,  0.000000,  0.000000,  0.000000,  0.000000,  0.000000,  0.000000,  0.000000,  0.000000,  0.000000,  0.000000,  0.000000,  0.000000,  0.000000,  0.000000,  0.000000,  0.000000,  0.000000,  0.000000,  0.000000,  0.000000,  0.000000,  0.000000,  0.000000,  0.000000,  0.000000,  0.000000,  0.000000,  0.000000,  0.000000,  0.000000,  0.000000,  0.000000,  0.000000,  0.000000,  0.000000,  0.000000,  0.000000,  0.000000,  0.000000,  0.000000,  0.000000,  0.000000,  0.000000,  0.000000,  0.000000,  0.000000,  0.000000,  0.000000,  0.000000,  0.000000,  0.000000,  0.000000,  0.000000,  0.000000,  0.000000,  0.000000,  0.000000,  0.000000,  0.000000,  0.000000,  0.000000,  0.000000,  0.000000,  0.000000,  0.000000,  0.000000,  0.000000,  0.000000,  0.000000,  0.000000,  0.000000,  0.000000,  0.000000,  0.000000,  0.000000,  0.000000,  0.000000,  0.000000,  0.000000 ]
checksum = 1.000000
Repeated 8 time
f2=0.543049 a2=0.456951
f3=0.181716 a3=0.275235
f4=0.083571 a4=0.191663
f5=0.045751 a5=0.145912
f6=0.027965 a6=0.117948
f7=0.018444 a7=0.099504
f8=0.012861 a8=0.086643
f9=0.009358 a9=0.077285
f10=0.007041 a10=0.070244
f11=0.005443 a11=0.064801
f12=0.004304 a12=0.060497
f13=0.003467 a13=0.057030
f14=0.002838 a14=0.054192
f15=0.002356 a15=0.051836
f16=0.001979 a16=0.049856
f17=0.001680 a17=0.048176
f18=0.001440 a18=0.046736
f19=0.001244 a19=0.045492
f20=0.045492
[ 0.543049,  0.181716,  0.083571,  0.045751,  0.027965,  0.018444,  0.012861,  0.009358,  0.007041,  0.005443,  0.004304,  0.003467,  0.002838,  0.002356,  0.001979,  0.001680,  0.001440,  0.001244, 0.045492]
0.045492 == 0.045492

total 92095 nodes
[ 0.002107,  0.536576,  0.188078,  0.082382,  0.045551,  0.025463,  0.021717,  0.012726,  0.004767,  0.008415,  0.008513,  0.004213,  0.004137,  0.002660,  0.001868,  0.002617,  0.000749,  0.002758,  0.001661,  0.043043,  0.000000,  0.000000,  0.000000,  0.000000,  0.000000,  0.000000,  0.000000,  0.000000,  0.000000,  0.000000,  0.000000,  0.000000,  0.000000,  0.000000,  0.000000,  0.000000,  0.000000,  0.000000,  0.000000,  0.000000,  0.000000,  0.000000,  0.000000,  0.000000,  0.000000,  0.000000,  0.000000,  0.000000,  0.000000,  0.000000,  0.000000,  0.000000,  0.000000,  0.000000,  0.000000,  0.000000,  0.000000,  0.000000,  0.000000,  0.000000,  0.000000,  0.000000,  0.000000,  0.000000,  0.000000,  0.000000,  0.000000,  0.000000,  0.000000,  0.000000,  0.000000,  0.000000,  0.000000,  0.000000,  0.000000,  0.000000,  0.000000,  0.000000,  0.000000,  0.000000,  0.000000,  0.000000,  0.000000,  0.000000,  0.000000,  0.000000,  0.000000,  0.000000,  0.000000,  0.000000,  0.000000,  0.000000,  0.000000,  0.000000,  0.000000,  0.000000,  0.000000,  0.000000,  0.000000,  0.000000,  0.000000,  0.000000,  0.000000,  0.000000,  0.000000,  0.000000,  0.000000,  0.000000,  0.000000,  0.000000,  0.000000,  0.000000,  0.000000,  0.000000,  0.000000,  0.000000,  0.000000,  0.000000,  0.000000,  0.000000,  0.000000,  0.000000,  0.000000,  0.000000,  0.000000,  0.000000,  0.000000,  0.000000,  0.000000,  0.000000,  0.000000,  0.000000,  0.000000,  0.000000,  0.000000,  0.000000,  0.000000,  0.000000,  0.000000,  0.000000,  0.000000,  0.000000,  0.000000,  0.000000,  0.000000,  0.000000,  0.000000,  0.000000,  0.000000,  0.000000,  0.000000,  0.000000,  0.000000,  0.000000,  0.000000,  0.000000,  0.000000,  0.000000,  0.000000,  0.000000,  0.000000,  0.000000,  0.000000,  0.000000,  0.000000,  0.000000,  0.000000,  0.000000,  0.000000,  0.000000,  0.000000,  0.000000,  0.000000,  0.000000,  0.000000,  0.000000,  0.000000,  0.000000,  0.000000,  0.000000,  0.000000,  0.000000,  0.000000,  0.000000,  0.000000,  0.000000,  0.000000,  0.000000,  0.000000,  0.000000,  0.000000,  0.000000,  0.000000,  0.000000,  0.000000,  0.000000,  0.000000,  0.000000,  0.000000,  0.000000 ]
checksum = 1.000000
Repeated 9 time
f2=0.543049 a2=0.456951
f3=0.181716 a3=0.275235
f4=0.083571 a4=0.191663
f5=0.045751 a5=0.145912
f6=0.027965 a6=0.117948
f7=0.018444 a7=0.099504
f8=0.012861 a8=0.086643
f9=0.009358 a9=0.077285
f10=0.007041 a10=0.070244
f11=0.005443 a11=0.064801
f12=0.004304 a12=0.060497
f13=0.003467 a13=0.057030
f14=0.002838 a14=0.054192
f15=0.002356 a15=0.051836
f16=0.001979 a16=0.049856
f17=0.001680 a17=0.048176
f18=0.001440 a18=0.046736
f19=0.001244 a19=0.045492
f20=0.045492
[ 0.543049,  0.181716,  0.083571,  0.045751,  0.027965,  0.018444,  0.012861,  0.009358,  0.007041,  0.005443,  0.004304,  0.003467,  0.002838,  0.002356,  0.001979,  0.001680,  0.001440,  0.001244, 0.045492]
0.045492 == 0.045492

total 91232 nodes
[ 0.001118,  0.544359,  0.178161,  0.084499,  0.042704,  0.028893,  0.020223,  0.012342,  0.008254,  0.009306,  0.008013,  0.002192,  0.002554,  0.004768,  0.001063,  0.003124,  0.001271,  0.000230,  0.004461,  0.042463,  0.000000,  0.000000,  0.000000,  0.000000,  0.000000,  0.000000,  0.000000,  0.000000,  0.000000,  0.000000,  0.000000,  0.000000,  0.000000,  0.000000,  0.000000,  0.000000,  0.000000,  0.000000,  0.000000,  0.000000,  0.000000,  0.000000,  0.000000,  0.000000,  0.000000,  0.000000,  0.000000,  0.000000,  0.000000,  0.000000,  0.000000,  0.000000,  0.000000,  0.000000,  0.000000,  0.000000,  0.000000,  0.000000,  0.000000,  0.000000,  0.000000,  0.000000,  0.000000,  0.000000,  0.000000,  0.000000,  0.000000,  0.000000,  0.000000,  0.000000,  0.000000,  0.000000,  0.000000,  0.000000,  0.000000,  0.000000,  0.000000,  0.000000,  0.000000,  0.000000,  0.000000,  0.000000,  0.000000,  0.000000,  0.000000,  0.000000,  0.000000,  0.000000,  0.000000,  0.000000,  0.000000,  0.000000,  0.000000,  0.000000,  0.000000,  0.000000,  0.000000,  0.000000,  0.000000,  0.000000,  0.000000,  0.000000,  0.000000,  0.000000,  0.000000,  0.000000,  0.000000,  0.000000,  0.000000,  0.000000,  0.000000,  0.000000,  0.000000,  0.000000,  0.000000,  0.000000,  0.000000,  0.000000,  0.000000,  0.000000,  0.000000,  0.000000,  0.000000,  0.000000,  0.000000,  0.000000,  0.000000,  0.000000,  0.000000,  0.000000,  0.000000,  0.000000,  0.000000,  0.000000,  0.000000,  0.000000,  0.000000,  0.000000,  0.000000,  0.000000,  0.000000,  0.000000,  0.000000,  0.000000,  0.000000,  0.000000,  0.000000,  0.000000,  0.000000,  0.000000,  0.000000,  0.000000,  0.000000,  0.000000,  0.000000,  0.000000,  0.000000,  0.000000,  0.000000,  0.000000,  0.000000,  0.000000,  0.000000,  0.000000,  0.000000,  0.000000,  0.000000,  0.000000,  0.000000,  0.000000,  0.000000,  0.000000,  0.000000,  0.000000,  0.000000,  0.000000,  0.000000,  0.000000,  0.000000,  0.000000,  0.000000,  0.000000,  0.000000,  0.000000,  0.000000,  0.000000,  0.000000,  0.000000,  0.000000,  0.000000,  0.000000,  0.000000,  0.000000,  0.000000,  0.000000,  0.000000,  0.000000,  0.000000,  0.000000,  0.000000 ]
checksum = 1.000000
====================
[ 0.000000,  0.002002,  0.541744,  0.182093,  0.081700,  0.046725,  0.028738,  0.017357,  0.013151,  0.008077,  0.007899,  0.007002,  0.003112,  0.003240,  0.003572,  0.002951,  0.001889,  0.001248,  0.001844,  0.002445,  0.043214,  0.000000,  0.000000,  0.000000,  0.000000,  0.000000,  0.000000,  0.000000,  0.000000,  0.000000,  0.000000,  0.000000,  0.000000,  0.000000,  0.000000,  0.000000,  0.000000,  0.000000,  0.000000,  0.000000,  0.000000,  0.000000,  0.000000,  0.000000,  0.000000,  0.000000,  0.000000,  0.000000,  0.000000,  0.000000,  0.000000,  0.000000,  0.000000,  0.000000,  0.000000,  0.000000,  0.000000,  0.000000,  0.000000,  0.000000,  0.000000,  0.000000,  0.000000,  0.000000,  0.000000,  0.000000,  0.000000,  0.000000,  0.000000,  0.000000,  0.000000,  0.000000,  0.000000,  0.000000,  0.000000,  0.000000,  0.000000,  0.000000,  0.000000,  0.000000,  0.000000,  0.000000,  0.000000,  0.000000,  0.000000,  0.000000,  0.000000,  0.000000,  0.000000,  0.000000,  0.000000,  0.000000,  0.000000,  0.000000,  0.000000,  0.000000,  0.000000,  0.000000,  0.000000,  0.000000,  0.000000 ]
f2=0.543049 a2=0.456951
f3=0.181716 a3=0.275235
f4=0.083571 a4=0.191663
f5=0.045751 a5=0.145912
f6=0.027965 a6=0.117948
f7=0.018444 a7=0.099504
f8=0.012861 a8=0.086643
f9=0.009358 a9=0.077285
f10=0.007041 a10=0.070244
f11=0.005443 a11=0.064801
f12=0.004304 a12=0.060497
f13=0.003467 a13=0.057030
f14=0.002838 a14=0.054192
f15=0.002356 a15=0.051836
f16=0.001979 a16=0.049856
f17=0.001680 a17=0.048176
f18=0.001440 a18=0.046736
f19=0.001244 a19=0.045492
f20=0.045492
[ 0.543049,  0.181716,  0.083571,  0.045751,  0.027965,  0.018444,  0.012861,  0.009358,  0.007041,  0.005443,  0.004304,  0.003467,  0.002838,  0.002356,  0.001979,  0.001680,  0.001440,  0.001244, 0.045492]
0.045492 == 0.045492
