Repeated 0 time
f2=0.607315 a2=0.392685
f3=0.179945 a3=0.212740
f4=0.075914 a4=0.136826
f5=0.038868 a5=0.097958
f6=0.022493 a6=0.075465
f7=0.014165 a7=0.061300
f8=0.009489 a8=0.051811
f9=0.006665 a9=0.045146
f10=0.004859 a10=0.040288
f11=0.003650 a11=0.036637
f12=0.002812 a12=0.033826
f13=0.002211 a13=0.031614
f14=0.001771 a14=0.029844
f15=0.001440 a15=0.028404
f16=0.001186 a16=0.027218
f17=0.000989 a17=0.026229
f18=0.000833 a18=0.025396
f19=0.000708 a19=0.024688
f20=0.000607 a20=0.024080
f21=0.000525 a21=0.023556
f22=0.000456 a22=0.023099
f23=0.000399 a23=0.022700
f24=0.000351 a24=0.022349
f25=0.000311 a25=0.022038
f26=0.000276 a26=0.021761
f27=0.000247 a27=0.021514
f28=0.000221 a28=0.021293
f29=0.000199 a29=0.021094
f30=0.000180 a30=0.020914
f31=0.000163 a31=0.020751
f32=0.000148 a32=0.020603
f33=0.000135 a33=0.020467
f34=0.000124 a34=0.020344
f35=0.000113 a35=0.020230
f36=0.000104 a36=0.020126
f37=0.000096 a37=0.020030
f38=0.000089 a38=0.019942
f39=0.000082 a39=0.019860
f40=0.000076 a40=0.019784
f41=0.000070 a41=0.019713
f42=0.000066 a42=0.019648
f43=0.000061 a43=0.019587
f44=0.000057 a44=0.019530
f45=0.000053 a45=0.019476
f46=0.000050 a46=0.019427
f47=0.000047 a47=0.019380
f48=0.000044 a48=0.019336
f49=0.000041 a49=0.019295
f50=0.019295
[ 0.607315,  0.179945,  0.075914,  0.038868,  0.022493,  0.014165,  0.009489,  0.006665,  0.004859,  0.003650,  0.002812,  0.002211,  0.001771,  0.001440,  0.001186,  0.000989,  0.000833,  0.000708,  0.000607,  0.000525,  0.000456,  0.000399,  0.000351,  0.000311,  0.000276,  0.000247,  0.000221,  0.000199,  0.000180,  0.000163,  0.000148,  0.000135,  0.000124,  0.000113,  0.000104,  0.000096,  0.000089,  0.000082,  0.000076,  0.000070,  0.000066,  0.000061,  0.000057,  0.000053,  0.000050,  0.000047,  0.000044,  0.000041, 0.019295]
0.019295 == 0.019295

total 91435 nodes
[ 0.053185,  0.574025,  0.169049,  0.070542,  0.037327,  0.023875,  0.012216,  0.012326,  0.003401,  0.005851,  0.000634,  0.003981,  0.003773,  0.001214,  0.000514,  0.000973,  0.000941,  0.002231,  0.000853,  0.001192,  0.000503,  0.000328,  0.000580,  0.000262,  0.000984,  0.000678,  0.000448,  0.000109,  0.000087,  0.000459,  0.000077,  0.000153,  0.000055,  0.000284,  0.000120,  0.000044,  0.000284,  0.000044,  0.000295,  0.000175,  0.000470,  0.000405,  0.000175,  0.000011,  0.000033,  0.000044,  0.000306,  0.000142,  0.001914,  0.012424,  0.000000,  0.000000,  0.000000,  0.000000,  0.000000,  0.000000,  0.000000,  0.000000,  0.000000,  0.000000,  0.000000,  0.000000,  0.000000,  0.000000,  0.000000,  0.000000,  0.000000,  0.000000,  0.000000,  0.000000,  0.000000,  0.000000,  0.000000,  0.000000,  0.000000,  0.000000,  0.000000,  0.000000,  0.000000,  0.000000,  0.000000,  0.000000,  0.000000,  0.000000,  0.000000,  0.000000,  0.000000,  0.000000,  0.000000,  0.000000,  0.000000,  0.000000,  0.000000,  0.000000,  0.000000,  0.000000,  0.000000,  0.000000,  0.000000,  0.000000,  0.000000,  0.000000,  0.000000,  0.000000,  0.000000,  0.000000,  0.000000,  0.000000,  0.000000,  0.000000,  0.000000,  0.000000,  0.000000,  0.000000,  0.000000,  0.000000,  0.000000,  0.000000,  0.000000,  0.000000,  0.000000,  0.000000,  0.000000,  0.000000,  0.000000,  0.000000,  0.000000,  0.000000,  0.000000,  0.000000,  0.000000,  0.000000,  0.000000,  0.000000,  0.000000,  0.000000,  0.000000,  0.000000,  0.000000,  0.000000,  0.000000,  0.000000,  0.000000,  0.000000,  0.000000,  0.000000,  0.000000,  0.000000,  0.000000,  0.000000,  0.000000,  0.000000,  0.000000,  0.000000,  0.000000,  0.000000,  0.000000,  0.000000,  0.000000,  0.000000,  0.000000,  0.000000,  0.000000,  0.000000,  0.000000,  0.000000,  0.000000,  0.000000,  0.000000,  0.000000,  0.000000,  0.000000,  0.000000,  0.000000,  0.000000,  0.000000,  0.000000,  0.000000,  0.000000,  0.000000,  0.000000,  0.000000,  0.000000,  0.000000,  0.000000,  0.000000,  0.000000,  0.000000,  0.000000,  0.000000,  0.000000,  0.000000,  0.000000,  0.000000,  0.000000,  0.000000,  0.000000,  0.000000,  0.000000,  0.000000,  0.000000,  0.000000,  0.000000,  0.000000,  0.000000,  0.000000,  0.000000,  0.000000,  0.000000,  0.000000,  0.000000,  0.000000,  0.000000,  0.000000,  0.000000,  0.000000,  0.000000,  0.000000,  0.000000,  0.000000,  0.000000,  0.000000,  0.000000,  0.000000,  0.000000,  0.000000,  0.000000,  0.000000,  0.000000,  0.000000,  0.000000,  0.000000,  0.000000,  0.000000,  0.000000,  0.000000,  0.000000,  0.000000,  0.000000,  0.000000,  0.000000,  0.000000,  0.000000,  0.000000,  0.000000,  0.000000,  0.000000,  0.000000,  0.000000,  0.000000,  0.000000,  0.000000,  0.000000,  0.000000,  0.000000,  0.000000,  0.000000,  0.000000,  0.000000,  0.000000,  0.000000,  0.000000,  0.000000,  0.000000,  0.000000,  0.000000,  0.000000,  0.000000,  0.000000,  0.000000,  0.000000,  0.000000,  0.000000,  0.000000,  0.000000,  0.000000,  0.000000,  0.000000,  0.000000,  0.000000,  0.000000,  0.000000,  0.000000,  0.000000,  0.000000,  0.000000,  0.000000,  0.000000,  0.000000,  0.000000,  0.000000,  0.000000,  0.000000,  0.000000,  0.000000,  0.000000,  0.000000,  0.000000,  0.000000,  0.000000,  0.000000,  0.000000,  0.000000,  0.000000,  0.000000,  0.000000,  0.000000,  0.000000,  0.000000,  0.000000,  0.000000,  0.000000,  0.000000,  0.000000,  0.000000,  0.000000,  0.000000,  0.000000,  0.000000,  0.000000,  0.000000,  0.000000,  0.000000,  0.000000,  0.000000,  0.000000,  0.000000,  0.000000,  0.000000,  0.000000,  0.000000,  0.000000,  0.000000,  0.000000,  0.000000,  0.000000,  0.000000,  0.000000,  0.000000,  0.000000,  0.000000,  0.000000,  0.000000,  0.000000,  0.000000,  0.000000,  0.000000,  0.000000,  0.000000,  0.000000,  0.000000,  0.000000,  0.000000,  0.000000,  0.000000,  0.000000,  0.000000,  0.000000,  0.000000,  0.000000,  0.000000,  0.000000,  0.000000,  0.000000,  0.000000,  0.000000,  0.000000,  0.000000,  0.000000,  0.000000,  0.000000,  0.000000,  0.000000,  0.000000,  0.000000,  0.000000,  0.000000,  0.000000,  0.000000,  0.000000,  0.000000,  0.000000,  0.000000,  0.000000,  0.000000,  0.000000,  0.000000,  0.000000,  0.000000,  0.000000,  0.000000,  0.000000,  0.000000,  0.000000,  0.000000,  0.000000,  0.000000,  0.000000,  0.000000,  0.000000,  0.000000,  0.000000,  0.000000,  0.000000,  0.000000,  0.000000,  0.000000,  0.000000,  0.000000,  0.000000,  0.000000,  0.000000,  0.000000,  0.000000,  0.000000,  0.000000,  0.000000,  0.000000,  0.000000,  0.000000,  0.000000,  0.000000,  0.000000,  0.000000,  0.000000,  0.000000,  0.000000,  0.000000,  0.000000,  0.000000,  0.000000,  0.000000,  0.000000,  0.000000,  0.000000,  0.000000,  0.000000,  0.000000,  0.000000,  0.000000,  0.000000,  0.000000,  0.000000,  0.000000,  0.000000,  0.000000,  0.000000,  0.000000,  0.000000,  0.000000,  0.000000,  0.000000,  0.000000,  0.000000,  0.000000,  0.000000,  0.000000,  0.000000,  0.000000,  0.000000,  0.000000,  0.000000,  0.000000,  0.000000,  0.000000,  0.000000,  0.000000,  0.000000,  0.000000,  0.000000,  0.000000,  0.000000,  0.000000,  0.000000,  0.000000,  0.000000,  0.000000,  0.000000,  0.000000,  0.000000,  0.000000,  0.000000,  0.000000,  0.000000,  0.000000,  0.000000,  0.000000,  0.000000,  0.000000,  0.000000,  0.000000,  0.000000,  0.000000,  0.000000,  0.000000,  0.000000,  0.000000,  0.000000,  0.000000,  0.000000 ]
checksum = 1.000000
Repeated 1 time
f2=0.607315 a2=0.392685
f3=0.179945 a3=0.212740
f4=0.075914 a4=0.136826
f5=0.038868 a5=0.097958
f6=0.022493 a6=0.075465
f7=0.014165 a7=0.061300
f8=0.009489 a8=0.051811
f9=0.006665 a9=0.045146
f10=0.004859 a10=0.040288
f11=0.003650 a11=0.036637
f12=0.002812 a12=0.033826
f13=0.002211 a13=0.031614
f14=0.001771 a14=0.029844
f15=0.001440 a15=0.028404
f16=0.001186 a16=0.027218
f17=0.000989 a17=0.026229
f18=0.000833 a18=0.025396
f19=0.000708 a19=0.024688
f20=0.000607 a20=0.024080
f21=0.000525 a21=0.023556
f22=0.000456 a22=0.023099
f23=0.000399 a23=0.022700
f24=0.000351 a24=0.022349
f25=0.000311 a25=0.022038
f26=0.000276 a26=0.021761
f27=0.000247 a27=0.021514
f28=0.000221 a28=0.021293
f29=0.000199 a29=0.021094
f30=0.000180 a30=0.020914
f31=0.000163 a31=0.020751
f32=0.000148 a32=0.020603
f33=0.000135 a33=0.020467
f34=0.000124 a34=0.020344
f35=0.000113 a35=0.020230
f36=0.000104 a36=0.020126
f37=0.000096 a37=0.020030
f38=0.000089 a38=0.019942
f39=0.000082 a39=0.019860
f40=0.000076 a40=0.019784
f41=0.000070 a41=0.019713
f42=0.000066 a42=0.019648
f43=0.000061 a43=0.019587
f44=0.000057 a44=0.019530
f45=0.000053 a45=0.019476
f46=0.000050 a46=0.019427
f47=0.000047 a47=0.019380
f48=0.000044 a48=0.019336
f49=0.000041 a49=0.019295
f50=0.019295
[ 0.607315,  0.179945,  0.075914,  0.038868,  0.022493,  0.014165,  0.009489,  0.006665,  0.004859,  0.003650,  0.002812,  0.002211,  0.001771,  0.001440,  0.001186,  0.000989,  0.000833,  0.000708,  0.000607,  0.000525,  0.000456,  0.000399,  0.000351,  0.000311,  0.000276,  0.000247,  0.000221,  0.000199,  0.000180,  0.000163,  0.000148,  0.000135,  0.000124,  0.000113,  0.000104,  0.000096,  0.000089,  0.000082,  0.000076,  0.000070,  0.000066,  0.000061,  0.000057,  0.000053,  0.000050,  0.000047,  0.000044,  0.000041, 0.019295]
0.019295 == 0.019295

total 91371 nodes
[ 0.056101,  0.568058,  0.171685,  0.071861,  0.041676,  0.015388,  0.012871,  0.011087,  0.008668,  0.001882,  0.004553,  0.004892,  0.001291,  0.001445,  0.001499,  0.000547,  0.001007,  0.002473,  0.000460,  0.000044,  0.000569,  0.001696,  0.000186,  0.000996,  0.000339,  0.000109,  0.000011,  0.000416,  0.000197,  0.000197,  0.000339,  0.000416,  0.000285,  0.000186,  0.000153,  0.000077,  0.000131,  0.000011,  0.000044,  0.000088,  0.000022,  0.000503,  0.000383,  0.000033,  0.000055,  0.000274,  0.000350,  0.000241,  0.003086,  0.011120,  0.000000,  0.000000,  0.000000,  0.000000,  0.000000,  0.000000,  0.000000,  0.000000,  0.000000,  0.000000,  0.000000,  0.000000,  0.000000,  0.000000,  0.000000,  0.000000,  0.000000,  0.000000,  0.000000,  0.000000,  0.000000,  0.000000,  0.000000,  0.000000,  0.000000,  0.000000,  0.000000,  0.000000,  0.000000,  0.000000,  0.000000,  0.000000,  0.000000,  0.000000,  0.000000,  0.000000,  0.000000,  0.000000,  0.000000,  0.000000,  0.000000,  0.000000,  0.000000,  0.000000,  0.000000,  0.000000,  0.000000,  0.000000,  0.000000,  0.000000,  0.000000,  0.000000,  0.000000,  0.000000,  0.000000,  0.000000,  0.000000,  0.000000,  0.000000,  0.000000,  0.000000,  0.000000,  0.000000,  0.000000,  0.000000,  0.000000,  0.000000,  0.000000,  0.000000,  0.000000,  0.000000,  0.000000,  0.000000,  0.000000,  0.000000,  0.000000,  0.000000,  0.000000,  0.000000,  0.000000,  0.000000,  0.000000,  0.000000,  0.000000,  0.000000,  0.000000,  0.000000,  0.000000,  0.000000,  0.000000,  0.000000,  0.000000,  0.000000,  0.000000,  0.000000,  0.000000,  0.000000,  0.000000,  0.000000,  0.000000,  0.000000,  0.000000,  0.000000,  0.000000,  0.000000,  0.000000,  0.000000,  0.000000,  0.000000,  0.000000,  0.000000,  0.000000,  0.000000,  0.000000,  0.000000,  0.000000,  0.000000,  0.000000,  0.000000,  0.000000,  0.000000,  0.000000,  0.000000,  0.000000,  0.000000,  0.000000,  0.000000,  0.000000,  0.000000,  0.000000,  0.000000,  0.000000,  0.000000,  0.000000,  0.000000,  0.000000,  0.000000,  0.000000,  0.000000,  0.000000,  0.000000,  0.000000,  0.000000,  0.000000,  0.000000,  0.000000,  0.000000,  0.000000,  0.000000,  0.000000,  0.000000,  0.000000,  0.000000,  0.000000,  0.000000,  0.000000,  0.000000,  0.000000,  0.000000,  0.000000,  0.000000,  0.000000,  0.000000,  0.000000,  0.000000,  0.000000,  0.000000,  0.000000,  0.000000,  0.000000,  0.000000,  0.000000,  0.000000,  0.000000,  0.000000,  0.000000,  0.000000,  0.000000,  0.000000,  0.000000,  0.000000,  0.000000,  0.000000,  0.000000,  0.000000,  0.000000,  0.000000,  0.000000,  0.000000,  0.000000,  0.000000,  0.000000,  0.000000,  0.000000,  0.000000,  0.000000,  0.000000,  0.000000,  0.000000,  0.000000,  0.000000,  0.000000,  0.000000,  0.000000,  0.000000,  0.000000,  0.000000,  0.000000,  0.000000,  0.000000,  0.000000,  0.000000,  0.000000,  0.000000,  0.000000,  0.000000,  0.000000,  0.000000,  0.000000,  0.000000,  0.000000,  0.000000,  0.000000,  0.000000,  0.000000,  0.000000,  0.000000,  0.000000,  0.000000,  0.000000,  0.000000,  0.000000,  0.000000,  0.000000,  0.000000,  0.000000,  0.000000,  0.000000,  0.000000,  0.000000,  0.000000,  0.000000,  0.000000,  0.000000,  0.000000,  0.000000,  0.000000,  0.000000,  0.000000,  0.000000,  0.000000,  0.000000,  0.000000,  0.000000,  0.000000,  0.000000,  0.000000,  0.000000,  0.000000,  0.000000,  0.000000,  0.000000,  0.000000,  0.000000,  0.000000,  0.000000,  0.000000,  0.000000,  0.000000,  0.000000,  0.000000,  0.000000,  0.000000,  0.000000,  0.000000,  0.000000,  0.000000,  0.000000,  0.000000,  0.000000,  0.000000,  0.000000,  0.000000,  0.000000,  0.000000,  0.000000,  0.000000,  0.000000,  0.000000,  0.000000,  0.000000,  0.000000,  0.000000,  0.000000,  0.000000,  0.000000,  0.000000,  0.000000,  0.000000,  0.000000,  0.000000,  0.000000,  0.000000,  0.000000,  0.000000,  0.000000,  0.000000,  0.000000,  0.000000,  0.000000,  0.000000,  0.000000,  0.000000,  0.000000,  0.000000,  0.000000,  0.000000,  0.000000,  0.000000,  0.000000,  0.000000,  0.000000,  0.000000,  0.000000,  0.000000,  0.000000,  0.000000,  0.000000,  0.000000,  0.000000,  0.000000,  0.000000,  0.000000,  0.000000,  0.000000,  0.000000,  0.000000,  0.000000,  0.000000,  0.000000,  0.000000,  0.000000,  0.000000,  0.000000,  0.000000,  0.000000,  0.000000,  0.000000,  0.000000,  0.000000,  0.000000,  0.000000,  0.000000,  0.000000,  0.000000,  0.000000,  0.000000,  0.000000,  0.000000,  0.000000,  0.000000,  0.000000,  0.000000,  0.000000,  0.000000,  0.000000,  0.000000,  0.000000,  0.000000,  0.000000,  0.000000,  0.000000,  0.000000,  0.000000,  0.000000,  0.000000,  0.000000,  0.000000,  0.000000,  0.000000,  0.000000,  0.000000,  0.000000,  0.000000,  0.000000,  0.000000,  0.000000,  0.000000,  0.000000,  0.000000,  0.000000,  0.000000,  0.000000,  0.000000,  0.000000,  0.000000,  0.000000,  0.000000,  0.000000,  0.000000,  0.000000,  0.000000,  0.000000,  0.000000,  0.000000,  0.000000,  0.000000,  0.000000,  0.000000,  0.000000,  0.000000,  0.000000,  0.000000,  0.000000,  0.000000,  0.000000,  0.000000,  0.000000,  0.000000,  0.000000,  0.000000,  0.000000,  0.000000,  0.000000,  0.000000,  0.000000,  0.000000,  0.000000,  0.000000,  0.000000,  0.000000,  0.000000,  0.000000,  0.000000,  0.000000,  0.000000,  0.000000,  0.000000,  0.000000,  0.000000,  0.000000,  0.000000,  0.000000,  0.000000,  0.000000,  0.000000,  0.000000,  0.000000,  0.000000,  0.000000 ]
checksum = 1.000000
Repeated 2 time
f2=0.607315 a2=0.392685
f3=0.179945 a3=0.212740
f4=0.075914 a4=0.136826
f5=0.038868 a5=0.097958
f6=0.022493 a6=0.075465
f7=0.014165 a7=0.061300
f8=0.009489 a8=0.051811
f9=0.006665 a9=0.045146
f10=0.004859 a10=0.040288
f11=0.003650 a11=0.036637
f12=0.002812 a12=0.033826
f13=0.002211 a13=0.031614
f14=0.001771 a14=0.029844
f15=0.001440 a15=0.028404
f16=0.001186 a16=0.027218
f17=0.000989 a17=0.026229
f18=0.000833 a18=0.025396
f19=0.000708 a19=0.024688
f20=0.000607 a20=0.024080
f21=0.000525 a21=0.023556
f22=0.000456 a22=0.023099
f23=0.000399 a23=0.022700
f24=0.000351 a24=0.022349
f25=0.000311 a25=0.022038
f26=0.000276 a26=0.021761
f27=0.000247 a27=0.021514
f28=0.000221 a28=0.021293
f29=0.000199 a29=0.021094
f30=0.000180 a30=0.020914
f31=0.000163 a31=0.020751
f32=0.000148 a32=0.020603
f33=0.000135 a33=0.020467
f34=0.000124 a34=0.020344
f35=0.000113 a35=0.020230
f36=0.000104 a36=0.020126
f37=0.000096 a37=0.020030
f38=0.000089 a38=0.019942
f39=0.000082 a39=0.019860
f40=0.000076 a40=0.019784
f41=0.000070 a41=0.019713
f42=0.000066 a42=0.019648
f43=0.000061 a43=0.019587
f44=0.000057 a44=0.019530
f45=0.000053 a45=0.019476
f46=0.000050 a46=0.019427
f47=0.000047 a47=0.019380
f48=0.000044 a48=0.019336
f49=0.000041 a49=0.019295
f50=0.019295
[ 0.607315,  0.179945,  0.075914,  0.038868,  0.022493,  0.014165,  0.009489,  0.006665,  0.004859,  0.003650,  0.002812,  0.002211,  0.001771,  0.001440,  0.001186,  0.000989,  0.000833,  0.000708,  0.000607,  0.000525,  0.000456,  0.000399,  0.000351,  0.000311,  0.000276,  0.000247,  0.000221,  0.000199,  0.000180,  0.000163,  0.000148,  0.000135,  0.000124,  0.000113,  0.000104,  0.000096,  0.000089,  0.000082,  0.000076,  0.000070,  0.000066,  0.000061,  0.000057,  0.000053,  0.000050,  0.000047,  0.000044,  0.000041, 0.019295]
0.019295 == 0.019295

total 91436 nodes
[ 0.053371,  0.571504,  0.171431,  0.075375,  0.034297,  0.022595,  0.013365,  0.006999,  0.005359,  0.003215,  0.005009,  0.004812,  0.003664,  0.000656,  0.001170,  0.000077,  0.001750,  0.000919,  0.001815,  0.000941,  0.000372,  0.000120,  0.000602,  0.000142,  0.000525,  0.001061,  0.000252,  0.000109,  0.000131,  0.000120,  0.000284,  0.000787,  0.000153,  0.000011,  0.000383,  0.000000,  0.000197,  0.000361,  0.000208,  0.000328,  0.000033,  0.000208,  0.000066,  0.000000,  0.000175,  0.000700,  0.000109,  0.000077,  0.002340,  0.011822,  0.000000,  0.000000,  0.000000,  0.000000,  0.000000,  0.000000,  0.000000,  0.000000,  0.000000,  0.000000,  0.000000,  0.000000,  0.000000,  0.000000,  0.000000,  0.000000,  0.000000,  0.000000,  0.000000,  0.000000,  0.000000,  0.000000,  0.000000,  0.000000,  0.000000,  0.000000,  0.000000,  0.000000,  0.000000,  0.000000,  0.000000,  0.000000,  0.000000,  0.000000,  0.000000,  0.000000,  0.000000,  0.000000,  0.000000,  0.000000,  0.000000,  0.000000,  0.000000,  0.000000,  0.000000,  0.000000,  0.000000,  0.000000,  0.000000,  0.000000,  0.000000,  0.000000,  0.000000,  0.000000,  0.000000,  0.000000,  0.000000,  0.000000,  0.000000,  0.000000,  0.000000,  0.000000,  0.000000,  0.000000,  0.000000,  0.000000,  0.000000,  0.000000,  0.000000,  0.000000,  0.000000,  0.000000,  0.000000,  0.000000,  0.000000,  0.000000,  0.000000,  0.000000,  0.000000,  0.000000,  0.000000,  0.000000,  0.000000,  0.000000,  0.000000,  0.000000,  0.000000,  0.000000,  0.000000,  0.000000,  0.000000,  0.000000,  0.000000,  0.000000,  0.000000,  0.000000,  0.000000,  0.000000,  0.000000,  0.000000,  0.000000,  0.000000,  0.000000,  0.000000,  0.000000,  0.000000,  0.000000,  0.000000,  0.000000,  0.000000,  0.000000,  0.000000,  0.000000,  0.000000,  0.000000,  0.000000,  0.000000,  0.000000,  0.000000,  0.000000,  0.000000,  0.000000,  0.000000,  0.000000,  0.000000,  0.000000,  0.000000,  0.000000,  0.000000,  0.000000,  0.000000,  0.000000,  0.000000,  0.000000,  0.000000,  0.000000,  0.000000,  0.000000,  0.000000,  0.000000,  0.000000,  0.000000,  0.000000,  0.000000,  0.000000,  0.000000,  0.000000,  0.000000,  0.000000,  0.000000,  0.000000,  0.000000,  0.000000,  0.000000,  0.000000,  0.000000,  0.000000,  0.000000,  0.000000,  0.000000,  0.000000,  0.000000,  0.000000,  0.000000,  0.000000,  0.000000,  0.000000,  0.000000,  0.000000,  0.000000,  0.000000,  0.000000,  0.000000,  0.000000,  0.000000,  0.000000,  0.000000,  0.000000,  0.000000,  0.000000,  0.000000,  0.000000,  0.000000,  0.000000,  0.000000,  0.000000,  0.000000,  0.000000,  0.000000,  0.000000,  0.000000,  0.000000,  0.000000,  0.000000,  0.000000,  0.000000,  0.000000,  0.000000,  0.000000,  0.000000,  0.000000,  0.000000,  0.000000,  0.000000,  0.000000,  0.000000,  0.000000,  0.000000,  0.000000,  0.000000,  0.000000,  0.000000,  0.000000,  0.000000,  0.000000,  0.000000,  0.000000,  0.000000,  0.000000,  0.000000,  0.000000,  0.000000,  0.000000,  0.000000,  0.000000,  0.000000,  0.000000,  0.000000,  0.000000,  0.000000,  0.000000,  0.000000,  0.000000,  0.000000,  0.000000,  0.000000,  0.000000,  0.000000,  0.000000,  0.000000,  0.000000,  0.000000,  0.000000,  0.000000,  0.000000,  0.000000,  0.000000,  0.000000,  0.000000,  0.000000,  0.000000,  0.000000,  0.000000,  0.000000,  0.000000,  0.000000,  0.000000,  0.000000,  0.000000,  0.000000,  0.000000,  0.000000,  0.000000,  0.000000,  0.000000,  0.000000,  0.000000,  0.000000,  0.000000,  0.000000,  0.000000,  0.000000,  0.000000,  0.000000,  0.000000,  0.000000,  0.000000,  0.000000,  0.000000,  0.000000,  0.000000,  0.000000,  0.000000,  0.000000,  0.000000,  0.000000,  0.000000,  0.000000,  0.000000,  0.000000,  0.000000,  0.000000,  0.000000,  0.000000,  0.000000,  0.000000,  0.000000,  0.000000,  0.000000,  0.000000,  0.000000,  0.000000,  0.000000,  0.000000,  0.000000,  0.000000,  0.000000,  0.000000,  0.000000,  0.000000,  0.000000,  0.000000,  0.000000,  0.000000,  0.000000,  0.000000,  0.000000,  0.000000,  0.000000,  0.000000,  0.000000,  0.000000,  0.000000,  0.000000,  0.000000,  0.000000,  0.000000,  0.000000,  0.000000,  0.000000,  0.000000,  0.000000,  0.000000,  0.000000,  0.000000,  0.000000,  0.000000,  0.000000,  0.000000,  0.000000,  0.000000,  0.000000,  0.000000,  0.000000,  0.000000,  0.000000,  0.000000,  0.000000,  0.000000,  0.000000,  0.000000,  0.000000,  0.000000,  0.000000,  0.000000,  0.000000,  0.000000,  0.000000,  0.000000,  0.000000,  0.000000,  0.000000,  0.000000,  0.000000,  0.000000,  0.000000,  0.000000,  0.000000,  0.000000,  0.000000,  0.000000,  0.000000,  0.000000,  0.000000,  0.000000,  0.000000,  0.000000,  0.000000,  0.000000,  0.000000,  0.000000,  0.000000,  0.000000,  0.000000,  0.000000,  0.000000,  0.000000,  0.000000,  0.000000,  0.000000,  0.000000,  0.000000,  0.000000,  0.000000,  0.000000,  0.000000,  0.000000,  0.000000,  0.000000,  0.000000,  0.000000,  0.000000,  0.000000,  0.000000,  0.000000,  0.000000,  0.000000,  0.000000,  0.000000,  0.000000,  0.000000,  0.000000,  0.000000,  0.000000,  0.000000,  0.000000,  0.000000,  0.000000,  0.000000,  0.000000,  0.000000,  0.000000,  0.000000,  0.000000,  0.000000,  0.000000,  0.000000,  0.000000,  0.000000,  0.000000,  0.000000,  0.000000,  0.000000,  0.000000,  0.000000,  0.000000,  0.000000,  0.000000,  0.000000,  0.000000,  0.000000,  0.000000,  0.000000,  0.000000,  0.000000,  0.000000,  0.000000,  0.000000,  0.000000,  0.000000 ]
checksum = 1.000000
Repeated 3 time
f2=0.607315 a2=0.392685
f3=0.179945 a3=0.212740
f4=0.075914 a4=0.136826
f5=0.038868 a5=0.097958
f6=0.022493 a6=0.075465
f7=0.014165 a7=0.061300
f8=0.009489 a8=0.051811
f9=0.006665 a9=0.045146
f10=0.004859 a10=0.040288
f11=0.003650 a11=0.036637
f12=0.002812 a12=0.033826
f13=0.002211 a13=0.031614
f14=0.001771 a14=0.029844
f15=0.001440 a15=0.028404
f16=0.001186 a16=0.027218
f17=0.000989 a17=0.026229
f18=0.000833 a18=0.025396
f19=0.000708 a19=0.024688
f20=0.000607 a20=0.024080
f21=0.000525 a21=0.023556
f22=0.000456 a22=0.023099
f23=0.000399 a23=0.022700
f24=0.000351 a24=0.022349
f25=0.000311 a25=0.022038
f26=0.000276 a26=0.021761
f27=0.000247 a27=0.021514
f28=0.000221 a28=0.021293
f29=0.000199 a29=0.021094
f30=0.000180 a30=0.020914
f31=0.000163 a31=0.020751
f32=0.000148 a32=0.020603
f33=0.000135 a33=0.020467
f34=0.000124 a34=0.020344
f35=0.000113 a35=0.020230
f36=0.000104 a36=0.020126
f37=0.000096 a37=0.020030
f38=0.000089 a38=0.019942
f39=0.000082 a39=0.019860
f40=0.000076 a40=0.019784
f41=0.000070 a41=0.019713
f42=0.000066 a42=0.019648
f43=0.000061 a43=0.019587
f44=0.000057 a44=0.019530
f45=0.000053 a45=0.019476
f46=0.000050 a46=0.019427
f47=0.000047 a47=0.019380
f48=0.000044 a48=0.019336
f49=0.000041 a49=0.019295
f50=0.019295
[ 0.607315,  0.179945,  0.075914,  0.038868,  0.022493,  0.014165,  0.009489,  0.006665,  0.004859,  0.003650,  0.002812,  0.002211,  0.001771,  0.001440,  0.001186,  0.000989,  0.000833,  0.000708,  0.000607,  0.000525,  0.000456,  0.000399,  0.000351,  0.000311,  0.000276,  0.000247,  0.000221,  0.000199,  0.000180,  0.000163,  0.000148,  0.000135,  0.000124,  0.000113,  0.000104,  0.000096,  0.000089,  0.000082,  0.000076,  0.000070,  0.000066,  0.000061,  0.000057,  0.000053,  0.000050,  0.000047,  0.000044,  0.000041, 0.019295]
0.019295 == 0.019295

total 91680 nodes
[ 0.051778,  0.574400,  0.169503,  0.070310,  0.035515,  0.025273,  0.013842,  0.008541,  0.006490,  0.005955,  0.003654,  0.003065,  0.002378,  0.000818,  0.001592,  0.001200,  0.000622,  0.001407,  0.000840,  0.000971,  0.000436,  0.000164,  0.000142,  0.000982,  0.000175,  0.000545,  0.000120,  0.000295,  0.000480,  0.000393,  0.000055,  0.000218,  0.000393,  0.000087,  0.000436,  0.000196,  0.000295,  0.000185,  0.000262,  0.000011,  0.000251,  0.000098,  0.000327,  0.000360,  0.000109,  0.000196,  0.000044,  0.000665,  0.002367,  0.011562,  0.000000,  0.000000,  0.000000,  0.000000,  0.000000,  0.000000,  0.000000,  0.000000,  0.000000,  0.000000,  0.000000,  0.000000,  0.000000,  0.000000,  0.000000,  0.000000,  0.000000,  0.000000,  0.000000,  0.000000,  0.000000,  0.000000,  0.000000,  0.000000,  0.000000,  0.000000,  0.000000,  0.000000,  0.000000,  0.000000,  0.000000,  0.000000,  0.000000,  0.000000,  0.000000,  0.000000,  0.000000,  0.000000,  0.000000,  0.000000,  0.000000,  0.000000,  0.000000,  0.000000,  0.000000,  0.000000,  0.000000,  0.000000,  0.000000,  0.000000,  0.000000,  0.000000,  0.000000,  0.000000,  0.000000,  0.000000,  0.000000,  0.000000,  0.000000,  0.000000,  0.000000,  0.000000,  0.000000,  0.000000,  0.000000,  0.000000,  0.000000,  0.000000,  0.000000,  0.000000,  0.000000,  0.000000,  0.000000,  0.000000,  0.000000,  0.000000,  0.000000,  0.000000,  0.000000,  0.000000,  0.000000,  0.000000,  0.000000,  0.000000,  0.000000,  0.000000,  0.000000,  0.000000,  0.000000,  0.000000,  0.000000,  0.000000,  0.000000,  0.000000,  0.000000,  0.000000,  0.000000,  0.000000,  0.000000,  0.000000,  0.000000,  0.000000,  0.000000,  0.000000,  0.000000,  0.000000,  0.000000,  0.000000,  0.000000,  0.000000,  0.000000,  0.000000,  0.000000,  0.000000,  0.000000,  0.000000,  0.000000,  0.000000,  0.000000,  0.000000,  0.000000,  0.000000,  0.000000,  0.000000,  0.000000,  0.000000,  0.000000,  0.000000,  0.000000,  0.000000,  0.000000,  0.000000,  0.000000,  0.000000,  0.000000,  0.000000,  0.000000,  0.000000,  0.000000,  0.000000,  0.000000,  0.000000,  0.000000,  0.000000,  0.000000,  0.000000,  0.000000,  0.000000,  0.000000,  0.000000,  0.000000,  0.000000,  0.000000,  0.000000,  0.000000,  0.000000,  0.000000,  0.000000,  0.000000,  0.000000,  0.000000,  0.000000,  0.000000,  0.000000,  0.000000,  0.000000,  0.000000,  0.000000,  0.000000,  0.000000,  0.000000,  0.000000,  0.000000,  0.000000,  0.000000,  0.000000,  0.000000,  0.000000,  0.000000,  0.000000,  0.000000,  0.000000,  0.000000,  0.000000,  0.000000,  0.000000,  0.000000,  0.000000,  0.000000,  0.000000,  0.000000,  0.000000,  0.000000,  0.000000,  0.000000,  0.000000,  0.000000,  0.000000,  0.000000,  0.000000,  0.000000,  0.000000,  0.000000,  0.000000,  0.000000,  0.000000,  0.000000,  0.000000,  0.000000,  0.000000,  0.000000,  0.000000,  0.000000,  0.000000,  0.000000,  0.000000,  0.000000,  0.000000,  0.000000,  0.000000,  0.000000,  0.000000,  0.000000,  0.000000,  0.000000,  0.000000,  0.000000,  0.000000,  0.000000,  0.000000,  0.000000,  0.000000,  0.000000,  0.000000,  0.000000,  0.000000,  0.000000,  0.000000,  0.000000,  0.000000,  0.000000,  0.000000,  0.000000,  0.000000,  0.000000,  0.000000,  0.000000,  0.000000,  0.000000,  0.000000,  0.000000,  0.000000,  0.000000,  0.000000,  0.000000,  0.000000,  0.000000,  0.000000,  0.000000,  0.000000,  0.000000,  0.000000,  0.000000,  0.000000,  0.000000,  0.000000,  0.000000,  0.000000,  0.000000,  0.000000,  0.000000,  0.000000,  0.000000,  0.000000,  0.000000,  0.000000,  0.000000,  0.000000,  0.000000,  0.000000,  0.000000,  0.000000,  0.000000,  0.000000,  0.000000,  0.000000,  0.000000,  0.000000,  0.000000,  0.000000,  0.000000,  0.000000,  0.000000,  0.000000,  0.000000,  0.000000,  0.000000,  0.000000,  0.000000,  0.000000,  0.000000,  0.000000,  0.000000,  0.000000,  0.000000,  0.000000,  0.000000,  0.000000,  0.000000,  0.000000,  0.000000,  0.000000,  0.000000,  0.000000,  0.000000,  0.000000,  0.000000,  0.000000,  0.000000,  0.000000,  0.000000,  0.000000,  0.000000,  0.000000,  0.000000,  0.000000,  0.000000,  0.000000,  0.000000,  0.000000,  0.000000,  0.000000,  0.000000,  0.000000,  0.000000,  0.000000,  0.000000,  0.000000,  0.000000,  0.000000,  0.000000,  0.000000,  0.000000,  0.000000,  0.000000,  0.000000,  0.000000,  0.000000,  0.000000,  0.000000,  0.000000,  0.000000,  0.000000,  0.000000,  0.000000,  0.000000,  0.000000,  0.000000,  0.000000,  0.000000,  0.000000,  0.000000,  0.000000,  0.000000,  0.000000,  0.000000,  0.000000,  0.000000,  0.000000,  0.000000,  0.000000,  0.000000,  0.000000,  0.000000,  0.000000,  0.000000,  0.000000,  0.000000,  0.000000,  0.000000,  0.000000,  0.000000,  0.000000,  0.000000,  0.000000,  0.000000,  0.000000,  0.000000,  0.000000,  0.000000,  0.000000,  0.000000,  0.000000,  0.000000,  0.000000,  0.000000,  0.000000,  0.000000,  0.000000,  0.000000,  0.000000,  0.000000,  0.000000,  0.000000,  0.000000,  0.000000,  0.000000,  0.000000,  0.000000,  0.000000,  0.000000,  0.000000,  0.000000,  0.000000,  0.000000,  0.000000,  0.000000,  0.000000,  0.000000,  0.000000,  0.000000,  0.000000,  0.000000,  0.000000,  0.000000,  0.000000,  0.000000,  0.000000,  0.000000,  0.000000,  0.000000,  0.000000,  0.000000,  0.000000,  0.000000,  0.000000,  0.000000,  0.000000,  0.000000,  0.000000,  0.000000,  0.000000,  0.000000,  0.000000,  0.000000,  0.000000,  0.000000,  0.000000,  0.000000,  0.000000 ]
checksum = 1.000000
Repeated 4 time
f2=0.607315 a2=0.392685
f3=0.179945 a3=0.212740
f4=0.075914 a4=0.136826
f5=0.038868 a5=0.097958
f6=0.022493 a6=0.075465
f7=0.014165 a7=0.061300
f8=0.009489 a8=0.051811
f9=0.006665 a9=0.045146
f10=0.004859 a10=0.040288
f11=0.003650 a11=0.036637
f12=0.002812 a12=0.033826
f13=0.002211 a13=0.031614
f14=0.001771 a14=0.029844
f15=0.001440 a15=0.028404
f16=0.001186 a16=0.027218
f17=0.000989 a17=0.026229
f18=0.000833 a18=0.025396
f19=0.000708 a19=0.024688
f20=0.000607 a20=0.024080
f21=0.000525 a21=0.023556
f22=0.000456 a22=0.023099
f23=0.000399 a23=0.022700
f24=0.000351 a24=0.022349
f25=0.000311 a25=0.022038
f26=0.000276 a26=0.021761
f27=0.000247 a27=0.021514
f28=0.000221 a28=0.021293
f29=0.000199 a29=0.021094
f30=0.000180 a30=0.020914
f31=0.000163 a31=0.020751
f32=0.000148 a32=0.020603
f33=0.000135 a33=0.020467
f34=0.000124 a34=0.020344
f35=0.000113 a35=0.020230
f36=0.000104 a36=0.020126
f37=0.000096 a37=0.020030
f38=0.000089 a38=0.019942
f39=0.000082 a39=0.019860
f40=0.000076 a40=0.019784
f41=0.000070 a41=0.019713
f42=0.000066 a42=0.019648
f43=0.000061 a43=0.019587
f44=0.000057 a44=0.019530
f45=0.000053 a45=0.019476
f46=0.000050 a46=0.019427
f47=0.000047 a47=0.019380
f48=0.000044 a48=0.019336
f49=0.000041 a49=0.019295
f50=0.019295
[ 0.607315,  0.179945,  0.075914,  0.038868,  0.022493,  0.014165,  0.009489,  0.006665,  0.004859,  0.003650,  0.002812,  0.002211,  0.001771,  0.001440,  0.001186,  0.000989,  0.000833,  0.000708,  0.000607,  0.000525,  0.000456,  0.000399,  0.000351,  0.000311,  0.000276,  0.000247,  0.000221,  0.000199,  0.000180,  0.000163,  0.000148,  0.000135,  0.000124,  0.000113,  0.000104,  0.000096,  0.000089,  0.000082,  0.000076,  0.000070,  0.000066,  0.000061,  0.000057,  0.000053,  0.000050,  0.000047,  0.000044,  0.000041, 0.019295]
0.019295 == 0.019295

total 91170 nodes
[ 0.052835,  0.575003,  0.169091,  0.070659,  0.035779,  0.025875,  0.008764,  0.010563,  0.007952,  0.003828,  0.004815,  0.001733,  0.002413,  0.001514,  0.001141,  0.002501,  0.000823,  0.000197,  0.001821,  0.000559,  0.000318,  0.000548,  0.000647,  0.000801,  0.000033,  0.000702,  0.000208,  0.000658,  0.000219,  0.000154,  0.000066,  0.000241,  0.000537,  0.000592,  0.000329,  0.000099,  0.000000,  0.000011,  0.000329,  0.000154,  0.000241,  0.000186,  0.000175,  0.000022,  0.000154,  0.000121,  0.000219,  0.000121,  0.002106,  0.012142,  0.000000,  0.000000,  0.000000,  0.000000,  0.000000,  0.000000,  0.000000,  0.000000,  0.000000,  0.000000,  0.000000,  0.000000,  0.000000,  0.000000,  0.000000,  0.000000,  0.000000,  0.000000,  0.000000,  0.000000,  0.000000,  0.000000,  0.000000,  0.000000,  0.000000,  0.000000,  0.000000,  0.000000,  0.000000,  0.000000,  0.000000,  0.000000,  0.000000,  0.000000,  0.000000,  0.000000,  0.000000,  0.000000,  0.000000,  0.000000,  0.000000,  0.000000,  0.000000,  0.000000,  0.000000,  0.000000,  0.000000,  0.000000,  0.000000,  0.000000,  0.000000,  0.000000,  0.000000,  0.000000,  0.000000,  0.000000,  0.000000,  0.000000,  0.000000,  0.000000,  0.000000,  0.000000,  0.000000,  0.000000,  0.000000,  0.000000,  0.000000,  0.000000,  0.000000,  0.000000,  0.000000,  0.000000,  0.000000,  0.000000,  0.000000,  0.000000,  0.000000,  0.000000,  0.000000,  0.000000,  0.000000,  0.000000,  0.000000,  0.000000,  0.000000,  0.000000,  0.000000,  0.000000,  0.000000,  0.000000,  0.000000,  0.000000,  0.000000,  0.000000,  0.000000,  0.000000,  0.000000,  0.000000,  0.000000,  0.000000,  0.000000,  0.000000,  0.000000,  0.000000,  0.000000,  0.000000,  0.000000,  0.000000,  0.000000,  0.000000,  0.000000,  0.000000,  0.000000,  0.000000,  0.000000,  0.000000,  0.000000,  0.000000,  0.000000,  0.000000,  0.000000,  0.000000,  0.000000,  0.000000,  0.000000,  0.000000,  0.000000,  0.000000,  0.000000,  0.000000,  0.000000,  0.000000,  0.000000,  0.000000,  0.000000,  0.000000,  0.000000,  0.000000,  0.000000,  0.000000,  0.000000,  0.000000,  0.000000,  0.000000,  0.000000,  0.000000,  0.000000,  0.000000,  0.000000,  0.000000,  0.000000,  0.000000,  0.000000,  0.000000,  0.000000,  0.000000,  0.000000,  0.000000,  0.000000,  0.000000,  0.000000,  0.000000,  0.000000,  0.000000,  0.000000,  0.000000,  0.000000,  0.000000,  0.000000,  0.000000,  0.000000,  0.000000,  0.000000,  0.000000,  0.000000,  0.000000,  0.000000,  0.000000,  0.000000,  0.000000,  0.000000,  0.000000,  0.000000,  0.000000,  0.000000,  0.000000,  0.000000,  0.000000,  0.000000,  0.000000,  0.000000,  0.000000,  0.000000,  0.000000,  0.000000,  0.000000,  0.000000,  0.000000,  0.000000,  0.000000,  0.000000,  0.000000,  0.000000,  0.000000,  0.000000,  0.000000,  0.000000,  0.000000,  0.000000,  0.000000,  0.000000,  0.000000,  0.000000,  0.000000,  0.000000,  0.000000,  0.000000,  0.000000,  0.000000,  0.000000,  0.000000,  0.000000,  0.000000,  0.000000,  0.000000,  0.000000,  0.000000,  0.000000,  0.000000,  0.000000,  0.000000,  0.000000,  0.000000,  0.000000,  0.000000,  0.000000,  0.000000,  0.000000,  0.000000,  0.000000,  0.000000,  0.000000,  0.000000,  0.000000,  0.000000,  0.000000,  0.000000,  0.000000,  0.000000,  0.000000,  0.000000,  0.000000,  0.000000,  0.000000,  0.000000,  0.000000,  0.000000,  0.000000,  0.000000,  0.000000,  0.000000,  0.000000,  0.000000,  0.000000,  0.000000,  0.000000,  0.000000,  0.000000,  0.000000,  0.000000,  0.000000,  0.000000,  0.000000,  0.000000,  0.000000,  0.000000,  0.000000,  0.000000,  0.000000,  0.000000,  0.000000,  0.000000,  0.000000,  0.000000,  0.000000,  0.000000,  0.000000,  0.000000,  0.000000,  0.000000,  0.000000,  0.000000,  0.000000,  0.000000,  0.000000,  0.000000,  0.000000,  0.000000,  0.000000,  0.000000,  0.000000,  0.000000,  0.000000,  0.000000,  0.000000,  0.000000,  0.000000,  0.000000,  0.000000,  0.000000,  0.000000,  0.000000,  0.000000,  0.000000,  0.000000,  0.000000,  0.000000,  0.000000,  0.000000,  0.000000,  0.000000,  0.000000,  0.000000,  0.000000,  0.000000,  0.000000,  0.000000,  0.000000,  0.000000,  0.000000,  0.000000,  0.000000,  0.000000,  0.000000,  0.000000,  0.000000,  0.000000,  0.000000,  0.000000,  0.000000,  0.000000,  0.000000,  0.000000,  0.000000,  0.000000,  0.000000,  0.000000,  0.000000,  0.000000,  0.000000,  0.000000,  0.000000,  0.000000,  0.000000,  0.000000,  0.000000,  0.000000,  0.000000,  0.000000,  0.000000,  0.000000,  0.000000,  0.000000,  0.000000,  0.000000,  0.000000,  0.000000,  0.000000,  0.000000,  0.000000,  0.000000,  0.000000,  0.000000,  0.000000,  0.000000,  0.000000,  0.000000,  0.000000,  0.000000,  0.000000,  0.000000,  0.000000,  0.000000,  0.000000,  0.000000,  0.000000,  0.000000,  0.000000,  0.000000,  0.000000,  0.000000,  0.000000,  0.000000,  0.000000,  0.000000,  0.000000,  0.000000,  0.000000,  0.000000,  0.000000,  0.000000,  0.000000,  0.000000,  0.000000,  0.000000,  0.000000,  0.000000,  0.000000,  0.000000,  0.000000,  0.000000,  0.000000,  0.000000,  0.000000,  0.000000,  0.000000,  0.000000,  0.000000,  0.000000,  0.000000,  0.000000,  0.000000,  0.000000,  0.000000,  0.000000,  0.000000,  0.000000,  0.000000,  0.000000,  0.000000,  0.000000,  0.000000,  0.000000,  0.000000,  0.000000,  0.000000,  0.000000,  0.000000,  0.000000,  0.000000,  0.000000,  0.000000,  0.000000,  0.000000,  0.000000,  0.000000,  0.000000,  0.000000,  0.000000,  0.000000 ]
checksum = 1.000000
Repeated 5 time
f2=0.607315 a2=0.392685
f3=0.179945 a3=0.212740
f4=0.075914 a4=0.136826
f5=0.038868 a5=0.097958
f6=0.022493 a6=0.075465
f7=0.014165 a7=0.061300
f8=0.009489 a8=0.051811
f9=0.006665 a9=0.045146
f10=0.004859 a10=0.040288
f11=0.003650 a11=0.036637
f12=0.002812 a12=0.033826
f13=0.002211 a13=0.031614
f14=0.001771 a14=0.029844
f15=0.001440 a15=0.028404
f16=0.001186 a16=0.027218
f17=0.000989 a17=0.026229
f18=0.000833 a18=0.025396
f19=0.000708 a19=0.024688
f20=0.000607 a20=0.024080
f21=0.000525 a21=0.023556
f22=0.000456 a22=0.023099
f23=0.000399 a23=0.022700
f24=0.000351 a24=0.022349
f25=0.000311 a25=0.022038
f26=0.000276 a26=0.021761
f27=0.000247 a27=0.021514
f28=0.000221 a28=0.021293
f29=0.000199 a29=0.021094
f30=0.000180 a30=0.020914
f31=0.000163 a31=0.020751
f32=0.000148 a32=0.020603
f33=0.000135 a33=0.020467
f34=0.000124 a34=0.020344
f35=0.000113 a35=0.020230
f36=0.000104 a36=0.020126
f37=0.000096 a37=0.020030
f38=0.000089 a38=0.019942
f39=0.000082 a39=0.019860
f40=0.000076 a40=0.019784
f41=0.000070 a41=0.019713
f42=0.000066 a42=0.019648
f43=0.000061 a43=0.019587
f44=0.000057 a44=0.019530
f45=0.000053 a45=0.019476
f46=0.000050 a46=0.019427
f47=0.000047 a47=0.019380
f48=0.000044 a48=0.019336
f49=0.000041 a49=0.019295
f50=0.019295
[ 0.607315,  0.179945,  0.075914,  0.038868,  0.022493,  0.014165,  0.009489,  0.006665,  0.004859,  0.003650,  0.002812,  0.002211,  0.001771,  0.001440,  0.001186,  0.000989,  0.000833,  0.000708,  0.000607,  0.000525,  0.000456,  0.000399,  0.000351,  0.000311,  0.000276,  0.000247,  0.000221,  0.000199,  0.000180,  0.000163,  0.000148,  0.000135,  0.000124,  0.000113,  0.000104,  0.000096,  0.000089,  0.000082,  0.000076,  0.000070,  0.000066,  0.000061,  0.000057,  0.000053,  0.000050,  0.000047,  0.000044,  0.000041, 0.019295]
0.019295 == 0.019295

total 91653 nodes
[ 0.048367,  0.572289,  0.173917,  0.072611,  0.034620,  0.022258,  0.020752,  0.003590,  0.009198,  0.003404,  0.003208,  0.001920,  0.004004,  0.001113,  0.001746,  0.000098,  0.002182,  0.000742,  0.000862,  0.000076,  0.000491,  0.000666,  0.001320,  0.000109,  0.000676,  0.001080,  0.000044,  0.000295,  0.000338,  0.000120,  0.000469,  0.000087,  0.000436,  0.000033,  0.000175,  0.000033,  0.000055,  0.000011,  0.000065,  0.000196,  0.000022,  0.000207,  0.000840,  0.000131,  0.000011,  0.000131,  0.000087,  0.000295,  0.003120,  0.011500,  0.000000,  0.000000,  0.000000,  0.000000,  0.000000,  0.000000,  0.000000,  0.000000,  0.000000,  0.000000,  0.000000,  0.000000,  0.000000,  0.000000,  0.000000,  0.000000,  0.000000,  0.000000,  0.000000,  0.000000,  0.000000,  0.000000,  0.000000,  0.000000,  0.000000,  0.000000,  0.000000,  0.000000,  0.000000,  0.000000,  0.000000,  0.000000,  0.000000,  0.000000,  0.000000,  0.000000,  0.000000,  0.000000,  0.000000,  0.000000,  0.000000,  0.000000,  0.000000,  0.000000,  0.000000,  0.000000,  0.000000,  0.000000,  0.000000,  0.000000,  0.000000,  0.000000,  0.000000,  0.000000,  0.000000,  0.000000,  0.000000,  0.000000,  0.000000,  0.000000,  0.000000,  0.000000,  0.000000,  0.000000,  0.000000,  0.000000,  0.000000,  0.000000,  0.000000,  0.000000,  0.000000,  0.000000,  0.000000,  0.000000,  0.000000,  0.000000,  0.000000,  0.000000,  0.000000,  0.000000,  0.000000,  0.000000,  0.000000,  0.000000,  0.000000,  0.000000,  0.000000,  0.000000,  0.000000,  0.000000,  0.000000,  0.000000,  0.000000,  0.000000,  0.000000,  0.000000,  0.000000,  0.000000,  0.000000,  0.000000,  0.000000,  0.000000,  0.000000,  0.000000,  0.000000,  0.000000,  0.000000,  0.000000,  0.000000,  0.000000,  0.000000,  0.000000,  0.000000,  0.000000,  0.000000,  0.000000,  0.000000,  0.000000,  0.000000,  0.000000,  0.000000,  0.000000,  0.000000,  0.000000,  0.000000,  0.000000,  0.000000,  0.000000,  0.000000,  0.000000,  0.000000,  0.000000,  0.000000,  0.000000,  0.000000,  0.000000,  0.000000,  0.000000,  0.000000,  0.000000,  0.000000,  0.000000,  0.000000,  0.000000,  0.000000,  0.000000,  0.000000,  0.000000,  0.000000,  0.000000,  0.000000,  0.000000,  0.000000,  0.000000,  0.000000,  0.000000,  0.000000,  0.000000,  0.000000,  0.000000,  0.000000,  0.000000,  0.000000,  0.000000,  0.000000,  0.000000,  0.000000,  0.000000,  0.000000,  0.000000,  0.000000,  0.000000,  0.000000,  0.000000,  0.000000,  0.000000,  0.000000,  0.000000,  0.000000,  0.000000,  0.000000,  0.000000,  0.000000,  0.000000,  0.000000,  0.000000,  0.000000,  0.000000,  0.000000,  0.000000,  0.000000,  0.000000,  0.000000,  0.000000,  0.000000,  0.000000,  0.000000,  0.000000,  0.000000,  0.000000,  0.000000,  0.000000,  0.000000,  0.000000,  0.000000,  0.000000,  0.000000,  0.000000,  0.000000,  0.000000,  0.000000,  0.000000,  0.000000,  0.000000,  0.000000,  0.000000,  0.000000,  0.000000,  0.000000,  0.000000,  0.000000,  0.000000,  0.000000,  0.000000,  0.000000,  0.000000,  0.000000,  0.000000,  0.000000,  0.000000,  0.000000,  0.000000,  0.000000,  0.000000,  0.000000,  0.000000,  0.000000,  0.000000,  0.000000,  0.000000,  0.000000,  0.000000,  0.000000,  0.000000,  0.000000,  0.000000,  0.000000,  0.000000,  0.000000,  0.000000,  0.000000,  0.000000,  0.000000,  0.000000,  0.000000,  0.000000,  0.000000,  0.000000,  0.000000,  0.000000,  0.000000,  0.000000,  0.000000,  0.000000,  0.000000,  0.000000,  0.000000,  0.000000,  0.000000,  0.000000,  0.000000,  0.000000,  0.000000,  0.000000,  0.000000,  0.000000,  0.000000,  0.000000,  0.000000,  0.000000,  0.000000,  0.000000,  0.000000,  0.000000,  0.000000,  0.000000,  0.000000,  0.000000,  0.000000,  0.000000,  0.000000,  0.000000,  0.000000,  0.000000,  0.000000,  0.000000,  0.000000,  0.000000,  0.000000,  0.000000,  0.000000,  0.000000,  0.000000,  0.000000,  0.000000,  0.000000,  0.000000,  0.000000,  0.000000,  0.000000,  0.000000,  0.000000,  0.000000,  0.000000,  0.000000,  0.000000,  0.000000,  0.000000,  0.000000,  0.000000,  0.000000,  0.000000,  0.000000,  0.000000,  0.000000,  0.000000,  0.000000,  0.000000,  0.000000,  0.000000,  0.000000,  0.000000,  0.000000,  0.000000,  0.000000,  0.000000,  0.000000,  0.000000,  0.000000,  0.000000,  0.000000,  0.000000,  0.000000,  0.000000,  0.000000,  0.000000,  0.000000,  0.000000,  0.000000,  0.000000,  0.000000,  0.000000,  0.000000,  0.000000,  0.000000,  0.000000,  0.000000,  0.000000,  0.000000,  0.000000,  0.000000,  0.000000,  0.000000,  0.000000,  0.000000,  0.000000,  0.000000,  0.000000,  0.000000,  0.000000,  0.000000,  0.000000,  0.000000,  0.000000,  0.000000,  0.000000,  0.000000,  0.000000,  0.000000,  0.000000,  0.000000,  0.000000,  0.000000,  0.000000,  0.000000,  0.000000,  0.000000,  0.000000,  0.000000,  0.000000,  0.000000,  0.000000,  0.000000,  0.000000,  0.000000,  0.000000,  0.000000,  0.000000,  0.000000,  0.000000,  0.000000,  0.000000,  0.000000,  0.000000,  0.000000,  0.000000,  0.000000,  0.000000,  0.000000,  0.000000,  0.000000,  0.000000,  0.000000,  0.000000,  0.000000,  0.000000,  0.000000,  0.000000,  0.000000,  0.000000,  0.000000,  0.000000,  0.000000,  0.000000,  0.000000,  0.000000,  0.000000,  0.000000,  0.000000,  0.000000,  0.000000,  0.000000,  0.000000,  0.000000,  0.000000,  0.000000,  0.000000,  0.000000,  0.000000,  0.000000,  0.000000,  0.000000,  0.000000,  0.000000,  0.000000,  0.000000,  0.000000,  0.000000,  0.000000,  0.000000 ]
checksum = 1.000000
Repeated 6 time
f2=0.607315 a2=0.392685
f3=0.179945 a3=0.212740
f4=0.075914 a4=0.136826
f5=0.038868 a5=0.097958
f6=0.022493 a6=0.075465
f7=0.014165 a7=0.061300
f8=0.009489 a8=0.051811
f9=0.006665 a9=0.045146
f10=0.004859 a10=0.040288
f11=0.003650 a11=0.036637
f12=0.002812 a12=0.033826
f13=0.002211 a13=0.031614
f14=0.001771 a14=0.029844
f15=0.001440 a15=0.028404
f16=0.001186 a16=0.027218
f17=0.000989 a17=0.026229
f18=0.000833 a18=0.025396
f19=0.000708 a19=0.024688
f20=0.000607 a20=0.024080
f21=0.000525 a21=0.023556
f22=0.000456 a22=0.023099
f23=0.000399 a23=0.022700
f24=0.000351 a24=0.022349
f25=0.000311 a25=0.022038
f26=0.000276 a26=0.021761
f27=0.000247 a27=0.021514
f28=0.000221 a28=0.021293
f29=0.000199 a29=0.021094
f30=0.000180 a30=0.020914
f31=0.000163 a31=0.020751
f32=0.000148 a32=0.020603
f33=0.000135 a33=0.020467
f34=0.000124 a34=0.020344
f35=0.000113 a35=0.020230
f36=0.000104 a36=0.020126
f37=0.000096 a37=0.020030
f38=0.000089 a38=0.019942
f39=0.000082 a39=0.019860
f40=0.000076 a40=0.019784
f41=0.000070 a41=0.019713
f42=0.000066 a42=0.019648
f43=0.000061 a43=0.019587
f44=0.000057 a44=0.019530
f45=0.000053 a45=0.019476
f46=0.000050 a46=0.019427
f47=0.000047 a47=0.019380
f48=0.000044 a48=0.019336
f49=0.000041 a49=0.019295
f50=0.019295
[ 0.607315,  0.179945,  0.075914,  0.038868,  0.022493,  0.014165,  0.009489,  0.006665,  0.004859,  0.003650,  0.002812,  0.002211,  0.001771,  0.001440,  0.001186,  0.000989,  0.000833,  0.000708,  0.000607,  0.000525,  0.000456,  0.000399,  0.000351,  0.000311,  0.000276,  0.000247,  0.000221,  0.000199,  0.000180,  0.000163,  0.000148,  0.000135,  0.000124,  0.000113,  0.000104,  0.000096,  0.000089,  0.000082,  0.000076,  0.000070,  0.000066,  0.000061,  0.000057,  0.000053,  0.000050,  0.000047,  0.000044,  0.000041, 0.019295]
0.019295 == 0.019295

total 91500 nodes
[ 0.053639,  0.567716,  0.175257,  0.073016,  0.036470,  0.021694,  0.009760,  0.010197,  0.010098,  0.003454,  0.002087,  0.002973,  0.002842,  0.001268,  0.001311,  0.001989,  0.000874,  0.001377,  0.000186,  0.000251,  0.000831,  0.000470,  0.001628,  0.000022,  0.000295,  0.001497,  0.001268,  0.000022,  0.000055,  0.000022,  0.000339,  0.000208,  0.000361,  0.000022,  0.000000,  0.000197,  0.000033,  0.000197,  0.000470,  0.000153,  0.000066,  0.000109,  0.000131,  0.000295,  0.000022,  0.000175,  0.000328,  0.000197,  0.003443,  0.010689,  0.000000,  0.000000,  0.000000,  0.000000,  0.000000,  0.000000,  0.000000,  0.000000,  0.000000,  0.000000,  0.000000,  0.000000,  0.000000,  0.000000,  0.000000,  0.000000,  0.000000,  0.000000,  0.000000,  0.000000,  0.000000,  0.000000,  0.000000,  0.000000,  0.000000,  0.000000,  0.000000,  0.000000,  0.000000,  0.000000,  0.000000,  0.000000,  0.000000,  0.000000,  0.000000,  0.000000,  0.000000,  0.000000,  0.000000,  0.000000,  0.000000,  0.000000,  0.000000,  0.000000,  0.000000,  0.000000,  0.000000,  0.000000,  0.000000,  0.000000,  0.000000,  0.000000,  0.000000,  0.000000,  0.000000,  0.000000,  0.000000,  0.000000,  0.000000,  0.000000,  0.000000,  0.000000,  0.000000,  0.000000,  0.000000,  0.000000,  0.000000,  0.000000,  0.000000,  0.000000,  0.000000,  0.000000,  0.000000,  0.000000,  0.000000,  0.000000,  0.000000,  0.000000,  0.000000,  0.000000,  0.000000,  0.000000,  0.000000,  0.000000,  0.000000,  0.000000,  0.000000,  0.000000,  0.000000,  0.000000,  0.000000,  0.000000,  0.000000,  0.000000,  0.000000,  0.000000,  0.000000,  0.000000,  0.000000,  0.000000,  0.000000,  0.000000,  0.000000,  0.000000,  0.000000,  0.000000,  0.000000,  0.000000,  0.000000,  0.000000,  0.000000,  0.000000,  0.000000,  0.000000,  0.000000,  0.000000,  0.000000,  0.000000,  0.000000,  0.000000,  0.000000,  0.000000,  0.000000,  0.000000,  0.000000,  0.000000,  0.000000,  0.000000,  0.000000,  0.000000,  0.000000,  0.000000,  0.000000,  0.000000,  0.000000,  0.000000,  0.000000,  0.000000,  0.000000,  0.000000,  0.000000,  0.000000,  0.000000,  0.000000,  0.000000,  0.000000,  0.000000,  0.000000,  0.000000,  0.000000,  0.000000,  0.000000,  0.000000,  0.000000,  0.000000,  0.000000,  0.000000,  0.000000,  0.000000,  0.000000,  0.000000,  0.000000,  0.000000,  0.000000,  0.000000,  0.000000,  0.000000,  0.000000,  0.000000,  0.000000,  0.000000,  0.000000,  0.000000,  0.000000,  0.000000,  0.000000,  0.000000,  0.000000,  0.000000,  0.000000,  0.000000,  0.000000,  0.000000,  0.000000,  0.000000,  0.000000,  0.000000,  0.000000,  0.000000,  0.000000,  0.000000,  0.000000,  0.000000,  0.000000,  0.000000,  0.000000,  0.000000,  0.000000,  0.000000,  0.000000,  0.000000,  0.000000,  0.000000,  0.000000,  0.000000,  0.000000,  0.000000,  0.000000,  0.000000,  0.000000,  0.000000,  0.000000,  0.000000,  0.000000,  0.000000,  0.000000,  0.000000,  0.000000,  0.000000,  0.000000,  0.000000,  0.000000,  0.000000,  0.000000,  0.000000,  0.000000,  0.000000,  0.000000,  0.000000,  0.000000,  0.000000,  0.000000,  0.000000,  0.000000,  0.000000,  0.000000,  0.000000,  0.000000,  0.000000,  0.000000,  0.000000,  0.000000,  0.000000,  0.000000,  0.000000,  0.000000,  0.000000,  0.000000,  0.000000,  0.000000,  0.000000,  0.000000,  0.000000,  0.000000,  0.000000,  0.000000,  0.000000,  0.000000,  0.000000,  0.000000,  0.000000,  0.000000,  0.000000,  0.000000,  0.000000,  0.000000,  0.000000,  0.000000,  0.000000,  0.000000,  0.000000,  0.000000,  0.000000,  0.000000,  0.000000,  0.000000,  0.000000,  0.000000,  0.000000,  0.000000,  0.000000,  0.000000,  0.000000,  0.000000,  0.000000,  0.000000,  0.000000,  0.000000,  0.000000,  0.000000,  0.000000,  0.000000,  0.000000,  0.000000,  0.000000,  0.000000,  0.000000,  0.000000,  0.000000,  0.000000,  0.000000,  0.000000,  0.000000,  0.000000,  0.000000,  0.000000,  0.000000,  0.000000,  0.000000,  0.000000,  0.000000,  0.000000,  0.000000,  0.000000,  0.000000,  0.000000,  0.000000,  0.000000,  0.000000,  0.000000,  0.000000,  0.000000,  0.000000,  0.000000,  0.000000,  0.000000,  0.000000,  0.000000,  0.000000,  0.000000,  0.000000,  0.000000,  0.000000,  0.000000,  0.000000,  0.000000,  0.000000,  0.000000,  0.000000,  0.000000,  0.000000,  0.000000,  0.000000,  0.000000,  0.000000,  0.000000,  0.000000,  0.000000,  0.000000,  0.000000,  0.000000,  0.000000,  0.000000,  0.000000,  0.000000,  0.000000,  0.000000,  0.000000,  0.000000,  0.000000,  0.000000,  0.000000,  0.000000,  0.000000,  0.000000,  0.000000,  0.000000,  0.000000,  0.000000,  0.000000,  0.000000,  0.000000,  0.000000,  0.000000,  0.000000,  0.000000,  0.000000,  0.000000,  0.000000,  0.000000,  0.000000,  0.000000,  0.000000,  0.000000,  0.000000,  0.000000,  0.000000,  0.000000,  0.000000,  0.000000,  0.000000,  0.000000,  0.000000,  0.000000,  0.000000,  0.000000,  0.000000,  0.000000,  0.000000,  0.000000,  0.000000,  0.000000,  0.000000,  0.000000,  0.000000,  0.000000,  0.000000,  0.000000,  0.000000,  0.000000,  0.000000,  0.000000,  0.000000,  0.000000,  0.000000,  0.000000,  0.000000,  0.000000,  0.000000,  0.000000,  0.000000,  0.000000,  0.000000,  0.000000,  0.000000,  0.000000,  0.000000,  0.000000,  0.000000,  0.000000,  0.000000,  0.000000,  0.000000,  0.000000,  0.000000,  0.000000,  0.000000,  0.000000,  0.000000,  0.000000,  0.000000,  0.000000,  0.000000,  0.000000,  0.000000,  0.000000,  0.000000,  0.000000,  0.000000,  0.000000 ]
checksum = 1.000000
Repeated 7 time
f2=0.607315 a2=0.392685
f3=0.179945 a3=0.212740
f4=0.075914 a4=0.136826
f5=0.038868 a5=0.097958
f6=0.022493 a6=0.075465
f7=0.014165 a7=0.061300
f8=0.009489 a8=0.051811
f9=0.006665 a9=0.045146
f10=0.004859 a10=0.040288
f11=0.003650 a11=0.036637
f12=0.002812 a12=0.033826
f13=0.002211 a13=0.031614
f14=0.001771 a14=0.029844
f15=0.001440 a15=0.028404
f16=0.001186 a16=0.027218
f17=0.000989 a17=0.026229
f18=0.000833 a18=0.025396
f19=0.000708 a19=0.024688
f20=0.000607 a20=0.024080
f21=0.000525 a21=0.023556
f22=0.000456 a22=0.023099
f23=0.000399 a23=0.022700
f24=0.000351 a24=0.022349
f25=0.000311 a25=0.022038
f26=0.000276 a26=0.021761
f27=0.000247 a27=0.021514
f28=0.000221 a28=0.021293
f29=0.000199 a29=0.021094
f30=0.000180 a30=0.020914
f31=0.000163 a31=0.020751
f32=0.000148 a32=0.020603
f33=0.000135 a33=0.020467
f34=0.000124 a34=0.020344
f35=0.000113 a35=0.020230
f36=0.000104 a36=0.020126
f37=0.000096 a37=0.020030
f38=0.000089 a38=0.019942
f39=0.000082 a39=0.019860
f40=0.000076 a40=0.019784
f41=0.000070 a41=0.019713
f42=0.000066 a42=0.019648
f43=0.000061 a43=0.019587
f44=0.000057 a44=0.019530
f45=0.000053 a45=0.019476
f46=0.000050 a46=0.019427
f47=0.000047 a47=0.019380
f48=0.000044 a48=0.019336
f49=0.000041 a49=0.019295
f50=0.019295
[ 0.607315,  0.179945,  0.075914,  0.038868,  0.022493,  0.014165,  0.009489,  0.006665,  0.004859,  0.003650,  0.002812,  0.002211,  0.001771,  0.001440,  0.001186,  0.000989,  0.000833,  0.000708,  0.000607,  0.000525,  0.000456,  0.000399,  0.000351,  0.000311,  0.000276,  0.000247,  0.000221,  0.000199,  0.000180,  0.000163,  0.000148,  0.000135,  0.000124,  0.000113,  0.000104,  0.000096,  0.000089,  0.000082,  0.000076,  0.000070,  0.000066,  0.000061,  0.000057,  0.000053,  0.000050,  0.000047,  0.000044,  0.000041, 0.019295]
0.019295 == 0.019295

total 91165 nodes
[ 0.053025,  0.576208,  0.167531,  0.072429,  0.035156,  0.020271,  0.012231,  0.010388,  0.008084,  0.005671,  0.002084,  0.002183,  0.004059,  0.001097,  0.003543,  0.000494,  0.001514,  0.000384,  0.000011,  0.000976,  0.001009,  0.000077,  0.001097,  0.000088,  0.000011,  0.000899,  0.000033,  0.000274,  0.000625,  0.000494,  0.000263,  0.000110,  0.000088,  0.000373,  0.000812,  0.000154,  0.000307,  0.000186,  0.000406,  0.000176,  0.000197,  0.000143,  0.000077,  0.000055,  0.000208,  0.000011,  0.000197,  0.000055,  0.002260,  0.011978,  0.000000,  0.000000,  0.000000,  0.000000,  0.000000,  0.000000,  0.000000,  0.000000,  0.000000,  0.000000,  0.000000,  0.000000,  0.000000,  0.000000,  0.000000,  0.000000,  0.000000,  0.000000,  0.000000,  0.000000,  0.000000,  0.000000,  0.000000,  0.000000,  0.000000,  0.000000,  0.000000,  0.000000,  0.000000,  0.000000,  0.000000,  0.000000,  0.000000,  0.000000,  0.000000,  0.000000,  0.000000,  0.000000,  0.000000,  0.000000,  0.000000,  0.000000,  0.000000,  0.000000,  0.000000,  0.000000,  0.000000,  0.000000,  0.000000,  0.000000,  0.000000,  0.000000,  0.000000,  0.000000,  0.000000,  0.000000,  0.000000,  0.000000,  0.000000,  0.000000,  0.000000,  0.000000,  0.000000,  0.000000,  0.000000,  0.000000,  0.000000,  0.000000,  0.000000,  0.000000,  0.000000,  0.000000,  0.000000,  0.000000,  0.000000,  0.000000,  0.000000,  0.000000,  0.000000,  0.000000,  0.000000,  0.000000,  0.000000,  0.000000,  0.000000,  0.000000,  0.000000,  0.000000,  0.000000,  0.000000,  0.000000,  0.000000,  0.000000,  0.000000,  0.000000,  0.000000,  0.000000,  0.000000,  0.000000,  0.000000,  0.000000,  0.000000,  0.000000,  0.000000,  0.000000,  0.000000,  0.000000,  0.000000,  0.000000,  0.000000,  0.000000,  0.000000,  0.000000,  0.000000,  0.000000,  0.000000,  0.000000,  0.000000,  0.000000,  0.000000,  0.000000,  0.000000,  0.000000,  0.000000,  0.000000,  0.000000,  0.000000,  0.000000,  0.000000,  0.000000,  0.000000,  0.000000,  0.000000,  0.000000,  0.000000,  0.000000,  0.000000,  0.000000,  0.000000,  0.000000,  0.000000,  0.000000,  0.000000,  0.000000,  0.000000,  0.000000,  0.000000,  0.000000,  0.000000,  0.000000,  0.000000,  0.000000,  0.000000,  0.000000,  0.000000,  0.000000,  0.000000,  0.000000,  0.000000,  0.000000,  0.000000,  0.000000,  0.000000,  0.000000,  0.000000,  0.000000,  0.000000,  0.000000,  0.000000,  0.000000,  0.000000,  0.000000,  0.000000,  0.000000,  0.000000,  0.000000,  0.000000,  0.000000,  0.000000,  0.000000,  0.000000,  0.000000,  0.000000,  0.000000,  0.000000,  0.000000,  0.000000,  0.000000,  0.000000,  0.000000,  0.000000,  0.000000,  0.000000,  0.000000,  0.000000,  0.000000,  0.000000,  0.000000,  0.000000,  0.000000,  0.000000,  0.000000,  0.000000,  0.000000,  0.000000,  0.000000,  0.000000,  0.000000,  0.000000,  0.000000,  0.000000,  0.000000,  0.000000,  0.000000,  0.000000,  0.000000,  0.000000,  0.000000,  0.000000,  0.000000,  0.000000,  0.000000,  0.000000,  0.000000,  0.000000,  0.000000,  0.000000,  0.000000,  0.000000,  0.000000,  0.000000,  0.000000,  0.000000,  0.000000,  0.000000,  0.000000,  0.000000,  0.000000,  0.000000,  0.000000,  0.000000,  0.000000,  0.000000,  0.000000,  0.000000,  0.000000,  0.000000,  0.000000,  0.000000,  0.000000,  0.000000,  0.000000,  0.000000,  0.000000,  0.000000,  0.000000,  0.000000,  0.000000,  0.000000,  0.000000,  0.000000,  0.000000,  0.000000,  0.000000,  0.000000,  0.000000,  0.000000,  0.000000,  0.000000,  0.000000,  0.000000,  0.000000,  0.000000,  0.000000,  0.000000,  0.000000,  0.000000,  0.000000,  0.000000,  0.000000,  0.000000,  0.000000,  0.000000,  0.000000,  0.000000,  0.000000,  0.000000,  0.000000,  0.000000,  0.000000,  0.000000,  0.000000,  0.000000,  0.000000,  0.000000,  0.000000,  0.000000,  0.000000,  0.000000,  0.000000,  0.000000,  0.000000,  0.000000,  0.000000,  0.000000,  0.000000,  0.000000,  0.000000,  0.000000,  0.000000,  0.000000,  0.000000,  0.000000,  0.000000,  0.000000,  0.000000,  0.000000,  0.000000,  0.000000,  0.000000,  0.000000,  0.000000,  0.000000,  0.000000,  0.000000,  0.000000,  0.000000,  0.000000,  0.000000,  0.000000,  0.000000,  0.000000,  0.000000,  0.000000,  0.000000,  0.000000,  0.000000,  0.000000,  0.000000,  0.000000,  0.000000,  0.000000,  0.000000,  0.000000,  0.000000,  0.000000,  0.000000,  0.000000,  0.000000,  0.000000,  0.000000,  0.000000,  0.000000,  0.000000,  0.000000,  0.000000,  0.000000,  0.000000,  0.000000,  0.000000,  0.000000,  0.000000,  0.000000,  0.000000,  0.000000,  0.000000,  0.000000,  0.000000,  0.000000,  0.000000,  0.000000,  0.000000,  0.000000,  0.000000,  0.000000,  0.000000,  0.000000,  0.000000,  0.000000,  0.000000,  0.000000,  0.000000,  0.000000,  0.000000,  0.000000,  0.000000,  0.000000,  0.000000,  0.000000,  0.000000,  0.000000,  0.000000,  0.000000,  0.000000,  0.000000,  0.000000,  0.000000,  0.000000,  0.000000,  0.000000,  0.000000,  0.000000,  0.000000,  0.000000,  0.000000,  0.000000,  0.000000,  0.000000,  0.000000,  0.000000,  0.000000,  0.000000,  0.000000,  0.000000,  0.000000,  0.000000,  0.000000,  0.000000,  0.000000,  0.000000,  0.000000,  0.000000,  0.000000,  0.000000,  0.000000,  0.000000,  0.000000,  0.000000,  0.000000,  0.000000,  0.000000,  0.000000,  0.000000,  0.000000,  0.000000,  0.000000,  0.000000,  0.000000,  0.000000,  0.000000,  0.000000,  0.000000,  0.000000,  0.000000,  0.000000,  0.000000,  0.000000,  0.000000,  0.000000,  0.000000 ]
checksum = 1.000000
Repeated 8 time
f2=0.607315 a2=0.392685
f3=0.179945 a3=0.212740
f4=0.075914 a4=0.136826
f5=0.038868 a5=0.097958
f6=0.022493 a6=0.075465
f7=0.014165 a7=0.061300
f8=0.009489 a8=0.051811
f9=0.006665 a9=0.045146
f10=0.004859 a10=0.040288
f11=0.003650 a11=0.036637
f12=0.002812 a12=0.033826
f13=0.002211 a13=0.031614
f14=0.001771 a14=0.029844
f15=0.001440 a15=0.028404
f16=0.001186 a16=0.027218
f17=0.000989 a17=0.026229
f18=0.000833 a18=0.025396
f19=0.000708 a19=0.024688
f20=0.000607 a20=0.024080
f21=0.000525 a21=0.023556
f22=0.000456 a22=0.023099
f23=0.000399 a23=0.022700
f24=0.000351 a24=0.022349
f25=0.000311 a25=0.022038
f26=0.000276 a26=0.021761
f27=0.000247 a27=0.021514
f28=0.000221 a28=0.021293
f29=0.000199 a29=0.021094
f30=0.000180 a30=0.020914
f31=0.000163 a31=0.020751
f32=0.000148 a32=0.020603
f33=0.000135 a33=0.020467
f34=0.000124 a34=0.020344
f35=0.000113 a35=0.020230
f36=0.000104 a36=0.020126
f37=0.000096 a37=0.020030
f38=0.000089 a38=0.019942
f39=0.000082 a39=0.019860
f40=0.000076 a40=0.019784
f41=0.000070 a41=0.019713
f42=0.000066 a42=0.019648
f43=0.000061 a43=0.019587
f44=0.000057 a44=0.019530
f45=0.000053 a45=0.019476
f46=0.000050 a46=0.019427
f47=0.000047 a47=0.019380
f48=0.000044 a48=0.019336
f49=0.000041 a49=0.019295
f50=0.019295
[ 0.607315,  0.179945,  0.075914,  0.038868,  0.022493,  0.014165,  0.009489,  0.006665,  0.004859,  0.003650,  0.002812,  0.002211,  0.001771,  0.001440,  0.001186,  0.000989,  0.000833,  0.000708,  0.000607,  0.000525,  0.000456,  0.000399,  0.000351,  0.000311,  0.000276,  0.000247,  0.000221,  0.000199,  0.000180,  0.000163,  0.000148,  0.000135,  0.000124,  0.000113,  0.000104,  0.000096,  0.000089,  0.000082,  0.000076,  0.000070,  0.000066,  0.000061,  0.000057,  0.000053,  0.000050,  0.000047,  0.000044,  0.000041, 0.019295]
0.019295 == 0.019295

total 91840 nodes
[ 0.053234,  0.573704,  0.168293,  0.074554,  0.035486,  0.018565,  0.014416,  0.009244,  0.008602,  0.004475,  0.000490,  0.004247,  0.004029,  0.002363,  0.000359,  0.001688,  0.001535,  0.001176,  0.001089,  0.000414,  0.001568,  0.000011,  0.000033,  0.000468,  0.000370,  0.000250,  0.000468,  0.000131,  0.000904,  0.000490,  0.000174,  0.000000,  0.000120,  0.000054,  0.000120,  0.000120,  0.000011,  0.001034,  0.000033,  0.000414,  0.000261,  0.000000,  0.000087,  0.000087,  0.000065,  0.000011,  0.000207,  0.000163,  0.003365,  0.011019,  0.000000,  0.000000,  0.000000,  0.000000,  0.000000,  0.000000,  0.000000,  0.000000,  0.000000,  0.000000,  0.000000,  0.000000,  0.000000,  0.000000,  0.000000,  0.000000,  0.000000,  0.000000,  0.000000,  0.000000,  0.000000,  0.000000,  0.000000,  0.000000,  0.000000,  0.000000,  0.000000,  0.000000,  0.000000,  0.000000,  0.000000,  0.000000,  0.000000,  0.000000,  0.000000,  0.000000,  0.000000,  0.000000,  0.000000,  0.000000,  0.000000,  0.000000,  0.000000,  0.000000,  0.000000,  0.000000,  0.000000,  0.000000,  0.000000,  0.000000,  0.000000,  0.000000,  0.000000,  0.000000,  0.000000,  0.000000,  0.000000,  0.000000,  0.000000,  0.000000,  0.000000,  0.000000,  0.000000,  0.000000,  0.000000,  0.000000,  0.000000,  0.000000,  0.000000,  0.000000,  0.000000,  0.000000,  0.000000,  0.000000,  0.000000,  0.000000,  0.000000,  0.000000,  0.000000,  0.000000,  0.000000,  0.000000,  0.000000,  0.000000,  0.000000,  0.000000,  0.000000,  0.000000,  0.000000,  0.000000,  0.000000,  0.000000,  0.000000,  0.000000,  0.000000,  0.000000,  0.000000,  0.000000,  0.000000,  0.000000,  0.000000,  0.000000,  0.000000,  0.000000,  0.000000,  0.000000,  0.000000,  0.000000,  0.000000,  0.000000,  0.000000,  0.000000,  0.000000,  0.000000,  0.000000,  0.000000,  0.000000,  0.000000,  0.000000,  0.000000,  0.000000,  0.000000,  0.000000,  0.000000,  0.000000,  0.000000,  0.000000,  0.000000,  0.000000,  0.000000,  0.000000,  0.000000,  0.000000,  0.000000,  0.000000,  0.000000,  0.000000,  0.000000,  0.000000,  0.000000,  0.000000,  0.000000,  0.000000,  0.000000,  0.000000,  0.000000,  0.000000,  0.000000,  0.000000,  0.000000,  0.000000,  0.000000,  0.000000,  0.000000,  0.000000,  0.000000,  0.000000,  0.000000,  0.000000,  0.000000,  0.000000,  0.000000,  0.000000,  0.000000,  0.000000,  0.000000,  0.000000,  0.000000,  0.000000,  0.000000,  0.000000,  0.000000,  0.000000,  0.000000,  0.000000,  0.000000,  0.000000,  0.000000,  0.000000,  0.000000,  0.000000,  0.000000,  0.000000,  0.000000,  0.000000,  0.000000,  0.000000,  0.000000,  0.000000,  0.000000,  0.000000,  0.000000,  0.000000,  0.000000,  0.000000,  0.000000,  0.000000,  0.000000,  0.000000,  0.000000,  0.000000,  0.000000,  0.000000,  0.000000,  0.000000,  0.000000,  0.000000,  0.000000,  0.000000,  0.000000,  0.000000,  0.000000,  0.000000,  0.000000,  0.000000,  0.000000,  0.000000,  0.000000,  0.000000,  0.000000,  0.000000,  0.000000,  0.000000,  0.000000,  0.000000,  0.000000,  0.000000,  0.000000,  0.000000,  0.000000,  0.000000,  0.000000,  0.000000,  0.000000,  0.000000,  0.000000,  0.000000,  0.000000,  0.000000,  0.000000,  0.000000,  0.000000,  0.000000,  0.000000,  0.000000,  0.000000,  0.000000,  0.000000,  0.000000,  0.000000,  0.000000,  0.000000,  0.000000,  0.000000,  0.000000,  0.000000,  0.000000,  0.000000,  0.000000,  0.000000,  0.000000,  0.000000,  0.000000,  0.000000,  0.000000,  0.000000,  0.000000,  0.000000,  0.000000,  0.000000,  0.000000,  0.000000,  0.000000,  0.000000,  0.000000,  0.000000,  0.000000,  0.000000,  0.000000,  0.000000,  0.000000,  0.000000,  0.000000,  0.000000,  0.000000,  0.000000,  0.000000,  0.000000,  0.000000,  0.000000,  0.000000,  0.000000,  0.000000,  0.000000,  0.000000,  0.000000,  0.000000,  0.000000,  0.000000,  0.000000,  0.000000,  0.000000,  0.000000,  0.000000,  0.000000,  0.000000,  0.000000,  0.000000,  0.000000,  0.000000,  0.000000,  0.000000,  0.000000,  0.000000,  0.000000,  0.000000,  0.000000,  0.000000,  0.000000,  0.000000,  0.000000,  0.000000,  0.000000,  0.000000,  0.000000,  0.000000,  0.000000,  0.000000,  0.000000,  0.000000,  0.000000,  0.000000,  0.000000,  0.000000,  0.000000,  0.000000,  0.000000,  0.000000,  0.000000,  0.000000,  0.000000,  0.000000,  0.000000,  0.000000,  0.000000,  0.000000,  0.000000,  0.000000,  0.000000,  0.000000,  0.000000,  0.000000,  0.000000,  0.000000,  0.000000,  0.000000,  0.000000,  0.000000,  0.000000,  0.000000,  0.000000,  0.000000,  0.000000,  0.000000,  0.000000,  0.000000,  0.000000,  0.000000,  0.000000,  0.000000,  0.000000,  0.000000,  0.000000,  0.000000,  0.000000,  0.000000,  0.000000,  0.000000,  0.000000,  0.000000,  0.000000,  0.000000,  0.000000,  0.000000,  0.000000,  0.000000,  0.000000,  0.000000,  0.000000,  0.000000,  0.000000,  0.000000,  0.000000,  0.000000,  0.000000,  0.000000,  0.000000,  0.000000,  0.000000,  0.000000,  0.000000,  0.000000,  0.000000,  0.000000,  0.000000,  0.000000,  0.000000,  0.000000,  0.000000,  0.000000,  0.000000,  0.000000,  0.000000,  0.000000,  0.000000,  0.000000,  0.000000,  0.000000,  0.000000,  0.000000,  0.000000,  0.000000,  0.000000,  0.000000,  0.000000,  0.000000,  0.000000,  0.000000,  0.000000,  0.000000,  0.000000,  0.000000,  0.000000,  0.000000,  0.000000,  0.000000,  0.000000,  0.000000,  0.000000,  0.000000,  0.000000,  0.000000,  0.000000,  0.000000,  0.000000,  0.000000,  0.000000,  0.000000,  0.000000,  0.000000 ]
checksum = 1.000000
Repeated 9 time
f2=0.607315 a2=0.392685
f3=0.179945 a3=0.212740
f4=0.075914 a4=0.136826
f5=0.038868 a5=0.097958
f6=0.022493 a6=0.075465
f7=0.014165 a7=0.061300
f8=0.009489 a8=0.051811
f9=0.006665 a9=0.045146
f10=0.004859 a10=0.040288
f11=0.003650 a11=0.036637
f12=0.002812 a12=0.033826
f13=0.002211 a13=0.031614
f14=0.001771 a14=0.029844
f15=0.001440 a15=0.028404
f16=0.001186 a16=0.027218
f17=0.000989 a17=0.026229
f18=0.000833 a18=0.025396
f19=0.000708 a19=0.024688
f20=0.000607 a20=0.024080
f21=0.000525 a21=0.023556
f22=0.000456 a22=0.023099
f23=0.000399 a23=0.022700
f24=0.000351 a24=0.022349
f25=0.000311 a25=0.022038
f26=0.000276 a26=0.021761
f27=0.000247 a27=0.021514
f28=0.000221 a28=0.021293
f29=0.000199 a29=0.021094
f30=0.000180 a30=0.020914
f31=0.000163 a31=0.020751
f32=0.000148 a32=0.020603
f33=0.000135 a33=0.020467
f34=0.000124 a34=0.020344
f35=0.000113 a35=0.020230
f36=0.000104 a36=0.020126
f37=0.000096 a37=0.020030
f38=0.000089 a38=0.019942
f39=0.000082 a39=0.019860
f40=0.000076 a40=0.019784
f41=0.000070 a41=0.019713
f42=0.000066 a42=0.019648
f43=0.000061 a43=0.019587
f44=0.000057 a44=0.019530
f45=0.000053 a45=0.019476
f46=0.000050 a46=0.019427
f47=0.000047 a47=0.019380
f48=0.000044 a48=0.019336
f49=0.000041 a49=0.019295
f50=0.019295
[ 0.607315,  0.179945,  0.075914,  0.038868,  0.022493,  0.014165,  0.009489,  0.006665,  0.004859,  0.003650,  0.002812,  0.002211,  0.001771,  0.001440,  0.001186,  0.000989,  0.000833,  0.000708,  0.000607,  0.000525,  0.000456,  0.000399,  0.000351,  0.000311,  0.000276,  0.000247,  0.000221,  0.000199,  0.000180,  0.000163,  0.000148,  0.000135,  0.000124,  0.000113,  0.000104,  0.000096,  0.000089,  0.000082,  0.000076,  0.000070,  0.000066,  0.000061,  0.000057,  0.000053,  0.000050,  0.000047,  0.000044,  0.000041, 0.019295]
0.019295 == 0.019295

total 91738 nodes
[ 0.055855,  0.568423,  0.172175,  0.071562,  0.037880,  0.022172,  0.014127,  0.006333,  0.006486,  0.006050,  0.002464,  0.003695,  0.001831,  0.002017,  0.001755,  0.001232,  0.001286,  0.001014,  0.000698,  0.000567,  0.000567,  0.000534,  0.000687,  0.001591,  0.000011,  0.000164,  0.000818,  0.000185,  0.000283,  0.000327,  0.000131,  0.000414,  0.000218,  0.000153,  0.000011,  0.000076,  0.000120,  0.000065,  0.000055,  0.000229,  0.000523,  0.000120,  0.000098,  0.000033,  0.000065,  0.000055,  0.000828,  0.000109,  0.003019,  0.010890,  0.000000,  0.000000,  0.000000,  0.000000,  0.000000,  0.000000,  0.000000,  0.000000,  0.000000,  0.000000,  0.000000,  0.000000,  0.000000,  0.000000,  0.000000,  0.000000,  0.000000,  0.000000,  0.000000,  0.000000,  0.000000,  0.000000,  0.000000,  0.000000,  0.000000,  0.000000,  0.000000,  0.000000,  0.000000,  0.000000,  0.000000,  0.000000,  0.000000,  0.000000,  0.000000,  0.000000,  0.000000,  0.000000,  0.000000,  0.000000,  0.000000,  0.000000,  0.000000,  0.000000,  0.000000,  0.000000,  0.000000,  0.000000,  0.000000,  0.000000,  0.000000,  0.000000,  0.000000,  0.000000,  0.000000,  0.000000,  0.000000,  0.000000,  0.000000,  0.000000,  0.000000,  0.000000,  0.000000,  0.000000,  0.000000,  0.000000,  0.000000,  0.000000,  0.000000,  0.000000,  0.000000,  0.000000,  0.000000,  0.000000,  0.000000,  0.000000,  0.000000,  0.000000,  0.000000,  0.000000,  0.000000,  0.000000,  0.000000,  0.000000,  0.000000,  0.000000,  0.000000,  0.000000,  0.000000,  0.000000,  0.000000,  0.000000,  0.000000,  0.000000,  0.000000,  0.000000,  0.000000,  0.000000,  0.000000,  0.000000,  0.000000,  0.000000,  0.000000,  0.000000,  0.000000,  0.000000,  0.000000,  0.000000,  0.000000,  0.000000,  0.000000,  0.000000,  0.000000,  0.000000,  0.000000,  0.000000,  0.000000,  0.000000,  0.000000,  0.000000,  0.000000,  0.000000,  0.000000,  0.000000,  0.000000,  0.000000,  0.000000,  0.000000,  0.000000,  0.000000,  0.000000,  0.000000,  0.000000,  0.000000,  0.000000,  0.000000,  0.000000,  0.000000,  0.000000,  0.000000,  0.000000,  0.000000,  0.000000,  0.000000,  0.000000,  0.000000,  0.000000,  0.000000,  0.000000,  0.000000,  0.000000,  0.000000,  0.000000,  0.000000,  0.000000,  0.000000,  0.000000,  0.000000,  0.000000,  0.000000,  0.000000,  0.000000,  0.000000,  0.000000,  0.000000,  0.000000,  0.000000,  0.000000,  0.000000,  0.000000,  0.000000,  0.000000,  0.000000,  0.000000,  0.000000,  0.000000,  0.000000,  0.000000,  0.000000,  0.000000,  0.000000,  0.000000,  0.000000,  0.000000,  0.000000,  0.000000,  0.000000,  0.000000,  0.000000,  0.000000,  0.000000,  0.000000,  0.000000,  0.000000,  0.000000,  0.000000,  0.000000,  0.000000,  0.000000,  0.000000,  0.000000,  0.000000,  0.000000,  0.000000,  0.000000,  0.000000,  0.000000,  0.000000,  0.000000,  0.000000,  0.000000,  0.000000,  0.000000,  0.000000,  0.000000,  0.000000,  0.000000,  0.000000,  0.000000,  0.000000,  0.000000,  0.000000,  0.000000,  0.000000,  0.000000,  0.000000,  0.000000,  0.000000,  0.000000,  0.000000,  0.000000,  0.000000,  0.000000,  0.000000,  0.000000,  0.000000,  0.000000,  0.000000,  0.000000,  0.000000,  0.000000,  0.000000,  0.000000,  0.000000,  0.000000,  0.000000,  0.000000,  0.000000,  0.000000,  0.000000,  0.000000,  0.000000,  0.000000,  0.000000,  0.000000,  0.000000,  0.000000,  0.000000,  0.000000,  0.000000,  0.000000,  0.000000,  0.000000,  0.000000,  0.000000,  0.000000,  0.000000,  0.000000,  0.000000,  0.000000,  0.000000,  0.000000,  0.000000,  0.000000,  0.000000,  0.000000,  0.000000,  0.000000,  0.000000,  0.000000,  0.000000,  0.000000,  0.000000,  0.000000,  0.000000,  0.000000,  0.000000,  0.000000,  0.000000,  0.000000,  0.000000,  0.000000,  0.000000,  0.000000,  0.000000,  0.000000,  0.000000,  0.000000,  0.000000,  0.000000,  0.000000,  0.000000,  0.000000,  0.000000,  0.000000,  0.000000,  0.000000,  0.000000,  0.000000,  0.000000,  0.000000,  0.000000,  0.000000,  0.000000,  0.000000,  0.000000,  0.000000,  0.000000,  0.000000,  0.000000,  0.000000,  0.000000,  0.000000,  0.000000,  0.000000,  0.000000,  0.000000,  0.000000,  0.000000,  0.000000,  0.000000,  0.000000,  0.000000,  0.000000,  0.000000,  0.000000,  0.000000,  0.000000,  0.000000,  0.000000,  0.000000,  0.000000,  0.000000,  0.000000,  0.000000,  0.000000,  0.000000,  0.000000,  0.000000,  0.000000,  0.000000,  0.000000,  0.000000,  0.000000,  0.000000,  0.000000,  0.000000,  0.000000,  0.000000,  0.000000,  0.000000,  0.000000,  0.000000,  0.000000,  0.000000,  0.000000,  0.000000,  0.000000,  0.000000,  0.000000,  0.000000,  0.000000,  0.000000,  0.000000,  0.000000,  0.000000,  0.000000,  0.000000,  0.000000,  0.000000,  0.000000,  0.000000,  0.000000,  0.000000,  0.000000,  0.000000,  0.000000,  0.000000,  0.000000,  0.000000,  0.000000,  0.000000,  0.000000,  0.000000,  0.000000,  0.000000,  0.000000,  0.000000,  0.000000,  0.000000,  0.000000,  0.000000,  0.000000,  0.000000,  0.000000,  0.000000,  0.000000,  0.000000,  0.000000,  0.000000,  0.000000,  0.000000,  0.000000,  0.000000,  0.000000,  0.000000,  0.000000,  0.000000,  0.000000,  0.000000,  0.000000,  0.000000,  0.000000,  0.000000,  0.000000,  0.000000,  0.000000,  0.000000,  0.000000,  0.000000,  0.000000,  0.000000,  0.000000,  0.000000,  0.000000,  0.000000,  0.000000,  0.000000,  0.000000,  0.000000,  0.000000,  0.000000,  0.000000,  0.000000,  0.000000,  0.000000,  0.000000,  0.000000,  0.000000,  0.000000 ]
checksum = 1.000000
====================
[ 0.000000,  0.053139,  0.572133,  0.170793,  0.072292,  0.036421,  0.021796,  0.013234,  0.008927,  0.007434,  0.004379,  0.002900,  0.003350,  0.003028,  0.001350,  0.001463,  0.001080,  0.001253,  0.001192,  0.000863,  0.000599,  0.000666,  0.000461,  0.000692,  0.000546,  0.000342,  0.000699,  0.000367,  0.000249,  0.000332,  0.000278,  0.000220,  0.000263,  0.000265,  0.000180,  0.000254,  0.000099,  0.000143,  0.000211,  0.000217,  0.000192,  0.000209,  0.000198,  0.000236,  0.000103,  0.000090,  0.000172,  0.000268,  0.000206,  0.002702,  0.011515,  0.000000,  0.000000,  0.000000,  0.000000,  0.000000,  0.000000,  0.000000,  0.000000,  0.000000,  0.000000,  0.000000,  0.000000,  0.000000,  0.000000,  0.000000,  0.000000,  0.000000,  0.000000,  0.000000,  0.000000,  0.000000,  0.000000,  0.000000,  0.000000,  0.000000,  0.000000,  0.000000,  0.000000,  0.000000,  0.000000,  0.000000,  0.000000,  0.000000,  0.000000,  0.000000,  0.000000,  0.000000,  0.000000,  0.000000,  0.000000,  0.000000,  0.000000,  0.000000,  0.000000,  0.000000,  0.000000,  0.000000,  0.000000,  0.000000,  0.000000 ]
f2=0.607315 a2=0.392685
f3=0.179945 a3=0.212740
f4=0.075914 a4=0.136826
f5=0.038868 a5=0.097958
f6=0.022493 a6=0.075465
f7=0.014165 a7=0.061300
f8=0.009489 a8=0.051811
f9=0.006665 a9=0.045146
f10=0.004859 a10=0.040288
f11=0.003650 a11=0.036637
f12=0.002812 a12=0.033826
f13=0.002211 a13=0.031614
f14=0.001771 a14=0.029844
f15=0.001440 a15=0.028404
f16=0.001186 a16=0.027218
f17=0.000989 a17=0.026229
f18=0.000833 a18=0.025396
f19=0.000708 a19=0.024688
f20=0.000607 a20=0.024080
f21=0.000525 a21=0.023556
f22=0.000456 a22=0.023099
f23=0.000399 a23=0.022700
f24=0.000351 a24=0.022349
f25=0.000311 a25=0.022038
f26=0.000276 a26=0.021761
f27=0.000247 a27=0.021514
f28=0.000221 a28=0.021293
f29=0.000199 a29=0.021094
f30=0.000180 a30=0.020914
f31=0.000163 a31=0.020751
f32=0.000148 a32=0.020603
f33=0.000135 a33=0.020467
f34=0.000124 a34=0.020344
f35=0.000113 a35=0.020230
f36=0.000104 a36=0.020126
f37=0.000096 a37=0.020030
f38=0.000089 a38=0.019942
f39=0.000082 a39=0.019860
f40=0.000076 a40=0.019784
f41=0.000070 a41=0.019713
f42=0.000066 a42=0.019648
f43=0.000061 a43=0.019587
f44=0.000057 a44=0.019530
f45=0.000053 a45=0.019476
f46=0.000050 a46=0.019427
f47=0.000047 a47=0.019380
f48=0.000044 a48=0.019336
f49=0.000041 a49=0.019295
f50=0.019295
[ 0.607315,  0.179945,  0.075914,  0.038868,  0.022493,  0.014165,  0.009489,  0.006665,  0.004859,  0.003650,  0.002812,  0.002211,  0.001771,  0.001440,  0.001186,  0.000989,  0.000833,  0.000708,  0.000607,  0.000525,  0.000456,  0.000399,  0.000351,  0.000311,  0.000276,  0.000247,  0.000221,  0.000199,  0.000180,  0.000163,  0.000148,  0.000135,  0.000124,  0.000113,  0.000104,  0.000096,  0.000089,  0.000082,  0.000076,  0.000070,  0.000066,  0.000061,  0.000057,  0.000053,  0.000050,  0.000047,  0.000044,  0.000041, 0.019295]
0.019295 == 0.019295
