Repeated 0 time
f3=0.408671 a3=0.591329
f4=0.187949 a4=0.403381
f5=0.102892 a5=0.300489
f6=0.062892 a6=0.237597
f7=0.041480 a7=0.196117
f8=0.028924 a8=0.167193
f9=0.021045 a9=0.146149
f10=0.015834 a10=0.130314
f11=0.012242 a11=0.118073
f12=0.009679 a12=0.108394
f13=0.007797 a13=0.100596
f14=0.006383 a14=0.094213
f15=0.005299 a15=0.088915
f16=0.004451 a16=0.084463
f17=0.003779 a17=0.080684
f18=0.003239 a18=0.077446
f19=0.002799 a19=0.074647
f20=0.074647
[ 0.408671,  0.187949,  0.102892,  0.062892,  0.041480,  0.028924,  0.021045,  0.015834,  0.012242,  0.009679,  0.007797,  0.006383,  0.005299,  0.004451,  0.003779,  0.003239,  0.002799, 0.074647]
0.074647 == 0.074647

total 92168 nodes
[ 0.000011,  0.000868,  0.412074,  0.183426,  0.100458,  0.067247,  0.040914,  0.025475,  0.026853,  0.014289,  0.010340,  0.008289,  0.010318,  0.005750,  0.003450,  0.006000,  0.003559,  0.005913,  0.001584,  0.073182,  0.000000,  0.000000,  0.000000,  0.000000,  0.000000,  0.000000,  0.000000,  0.000000,  0.000000,  0.000000,  0.000000,  0.000000,  0.000000,  0.000000,  0.000000,  0.000000,  0.000000,  0.000000,  0.000000,  0.000000,  0.000000,  0.000000,  0.000000,  0.000000,  0.000000,  0.000000,  0.000000,  0.000000,  0.000000,  0.000000,  0.000000,  0.000000,  0.000000,  0.000000,  0.000000,  0.000000,  0.000000,  0.000000,  0.000000,  0.000000,  0.000000,  0.000000,  0.000000,  0.000000,  0.000000,  0.000000,  0.000000,  0.000000,  0.000000,  0.000000,  0.000000,  0.000000,  0.000000,  0.000000,  0.000000,  0.000000,  0.000000,  0.000000,  0.000000,  0.000000,  0.000000,  0.000000,  0.000000,  0.000000,  0.000000,  0.000000,  0.000000,  0.000000,  0.000000,  0.000000,  0.000000,  0.000000,  0.000000,  0.000000,  0.000000,  0.000000,  0.000000,  0.000000,  0.000000,  0.000000,  0.000000,  0.000000,  0.000000,  0.000000,  0.000000,  0.000000,  0.000000,  0.000000,  0.000000,  0.000000,  0.000000,  0.000000,  0.000000,  0.000000,  0.000000,  0.000000,  0.000000,  0.000000,  0.000000,  0.000000,  0.000000,  0.000000,  0.000000,  0.000000,  0.000000,  0.000000,  0.000000,  0.000000,  0.000000,  0.000000,  0.000000,  0.000000,  0.000000,  0.000000,  0.000000,  0.000000,  0.000000,  0.000000,  0.000000,  0.000000,  0.000000,  0.000000,  0.000000,  0.000000,  0.000000,  0.000000,  0.000000,  0.000000,  0.000000,  0.000000,  0.000000,  0.000000,  0.000000,  0.000000,  0.000000,  0.000000,  0.000000,  0.000000,  0.000000,  0.000000,  0.000000,  0.000000,  0.000000,  0.000000,  0.000000,  0.000000,  0.000000,  0.000000,  0.000000,  0.000000,  0.000000,  0.000000,  0.000000,  0.000000,  0.000000,  0.000000,  0.000000,  0.000000,  0.000000,  0.000000,  0.000000,  0.000000,  0.000000,  0.000000,  0.000000,  0.000000,  0.000000,  0.000000,  0.000000,  0.000000,  0.000000,  0.000000,  0.000000,  0.000000,  0.000000,  0.000000,  0.000000,  0.000000,  0.000000,  0.000000 ]
checksum = 1.000000
Repeated 1 time
f3=0.408671 a3=0.591329
f4=0.187949 a4=0.403381
f5=0.102892 a5=0.300489
f6=0.062892 a6=0.237597
f7=0.041480 a7=0.196117
f8=0.028924 a8=0.167193
f9=0.021045 a9=0.146149
f10=0.015834 a10=0.130314
f11=0.012242 a11=0.118073
f12=0.009679 a12=0.108394
f13=0.007797 a13=0.100596
f14=0.006383 a14=0.094213
f15=0.005299 a15=0.088915
f16=0.004451 a16=0.084463
f17=0.003779 a17=0.080684
f18=0.003239 a18=0.077446
f19=0.002799 a19=0.074647
f20=0.074647
[ 0.408671,  0.187949,  0.102892,  0.062892,  0.041480,  0.028924,  0.021045,  0.015834,  0.012242,  0.009679,  0.007797,  0.006383,  0.005299,  0.004451,  0.003779,  0.003239,  0.002799, 0.074647]
0.074647 == 0.074647

total 92306 nodes
[ 0.000000,  0.000748,  0.409811,  0.183726,  0.107945,  0.060354,  0.038188,  0.031374,  0.018515,  0.017214,  0.017052,  0.007464,  0.005969,  0.005287,  0.008493,  0.005547,  0.001712,  0.005027,  0.003001,  0.072574,  0.000000,  0.000000,  0.000000,  0.000000,  0.000000,  0.000000,  0.000000,  0.000000,  0.000000,  0.000000,  0.000000,  0.000000,  0.000000,  0.000000,  0.000000,  0.000000,  0.000000,  0.000000,  0.000000,  0.000000,  0.000000,  0.000000,  0.000000,  0.000000,  0.000000,  0.000000,  0.000000,  0.000000,  0.000000,  0.000000,  0.000000,  0.000000,  0.000000,  0.000000,  0.000000,  0.000000,  0.000000,  0.000000,  0.000000,  0.000000,  0.000000,  0.000000,  0.000000,  0.000000,  0.000000,  0.000000,  0.000000,  0.000000,  0.000000,  0.000000,  0.000000,  0.000000,  0.000000,  0.000000,  0.000000,  0.000000,  0.000000,  0.000000,  0.000000,  0.000000,  0.000000,  0.000000,  0.000000,  0.000000,  0.000000,  0.000000,  0.000000,  0.000000,  0.000000,  0.000000,  0.000000,  0.000000,  0.000000,  0.000000,  0.000000,  0.000000,  0.000000,  0.000000,  0.000000,  0.000000,  0.000000,  0.000000,  0.000000,  0.000000,  0.000000,  0.000000,  0.000000,  0.000000,  0.000000,  0.000000,  0.000000,  0.000000,  0.000000,  0.000000,  0.000000,  0.000000,  0.000000,  0.000000,  0.000000,  0.000000,  0.000000,  0.000000,  0.000000,  0.000000,  0.000000,  0.000000,  0.000000,  0.000000,  0.000000,  0.000000,  0.000000,  0.000000,  0.000000,  0.000000,  0.000000,  0.000000,  0.000000,  0.000000,  0.000000,  0.000000,  0.000000,  0.000000,  0.000000,  0.000000,  0.000000,  0.000000,  0.000000,  0.000000,  0.000000,  0.000000,  0.000000,  0.000000,  0.000000,  0.000000,  0.000000,  0.000000,  0.000000,  0.000000,  0.000000,  0.000000,  0.000000,  0.000000,  0.000000,  0.000000,  0.000000,  0.000000,  0.000000,  0.000000,  0.000000,  0.000000,  0.000000,  0.000000,  0.000000,  0.000000,  0.000000,  0.000000,  0.000000,  0.000000,  0.000000,  0.000000,  0.000000,  0.000000,  0.000000,  0.000000,  0.000000,  0.000000,  0.000000,  0.000000,  0.000000,  0.000000,  0.000000,  0.000000,  0.000000,  0.000000,  0.000000,  0.000000,  0.000000,  0.000000,  0.000000,  0.000000 ]
checksum = 1.000000
Repeated 2 time
f3=0.408671 a3=0.591329
f4=0.187949 a4=0.403381
f5=0.102892 a5=0.300489
f6=0.062892 a6=0.237597
f7=0.041480 a7=0.196117
f8=0.028924 a8=0.167193
f9=0.021045 a9=0.146149
f10=0.015834 a10=0.130314
f11=0.012242 a11=0.118073
f12=0.009679 a12=0.108394
f13=0.007797 a13=0.100596
f14=0.006383 a14=0.094213
f15=0.005299 a15=0.088915
f16=0.004451 a16=0.084463
f17=0.003779 a17=0.080684
f18=0.003239 a18=0.077446
f19=0.002799 a19=0.074647
f20=0.074647
[ 0.408671,  0.187949,  0.102892,  0.062892,  0.041480,  0.028924,  0.021045,  0.015834,  0.012242,  0.009679,  0.007797,  0.006383,  0.005299,  0.004451,  0.003779,  0.003239,  0.002799, 0.074647]
0.074647 == 0.074647

total 91954 nodes
[ 0.000011,  0.000859,  0.407791,  0.182961,  0.105227,  0.067001,  0.036584,  0.028590,  0.024871,  0.016128,  0.015486,  0.007961,  0.009853,  0.003273,  0.005796,  0.003708,  0.004056,  0.003295,  0.004916,  0.071634,  0.000000,  0.000000,  0.000000,  0.000000,  0.000000,  0.000000,  0.000000,  0.000000,  0.000000,  0.000000,  0.000000,  0.000000,  0.000000,  0.000000,  0.000000,  0.000000,  0.000000,  0.000000,  0.000000,  0.000000,  0.000000,  0.000000,  0.000000,  0.000000,  0.000000,  0.000000,  0.000000,  0.000000,  0.000000,  0.000000,  0.000000,  0.000000,  0.000000,  0.000000,  0.000000,  0.000000,  0.000000,  0.000000,  0.000000,  0.000000,  0.000000,  0.000000,  0.000000,  0.000000,  0.000000,  0.000000,  0.000000,  0.000000,  0.000000,  0.000000,  0.000000,  0.000000,  0.000000,  0.000000,  0.000000,  0.000000,  0.000000,  0.000000,  0.000000,  0.000000,  0.000000,  0.000000,  0.000000,  0.000000,  0.000000,  0.000000,  0.000000,  0.000000,  0.000000,  0.000000,  0.000000,  0.000000,  0.000000,  0.000000,  0.000000,  0.000000,  0.000000,  0.000000,  0.000000,  0.000000,  0.000000,  0.000000,  0.000000,  0.000000,  0.000000,  0.000000,  0.000000,  0.000000,  0.000000,  0.000000,  0.000000,  0.000000,  0.000000,  0.000000,  0.000000,  0.000000,  0.000000,  0.000000,  0.000000,  0.000000,  0.000000,  0.000000,  0.000000,  0.000000,  0.000000,  0.000000,  0.000000,  0.000000,  0.000000,  0.000000,  0.000000,  0.000000,  0.000000,  0.000000,  0.000000,  0.000000,  0.000000,  0.000000,  0.000000,  0.000000,  0.000000,  0.000000,  0.000000,  0.000000,  0.000000,  0.000000,  0.000000,  0.000000,  0.000000,  0.000000,  0.000000,  0.000000,  0.000000,  0.000000,  0.000000,  0.000000,  0.000000,  0.000000,  0.000000,  0.000000,  0.000000,  0.000000,  0.000000,  0.000000,  0.000000,  0.000000,  0.000000,  0.000000,  0.000000,  0.000000,  0.000000,  0.000000,  0.000000,  0.000000,  0.000000,  0.000000,  0.000000,  0.000000,  0.000000,  0.000000,  0.000000,  0.000000,  0.000000,  0.000000,  0.000000,  0.000000,  0.000000,  0.000000,  0.000000,  0.000000,  0.000000,  0.000000,  0.000000,  0.000000,  0.000000,  0.000000,  0.000000,  0.000000,  0.000000,  0.000000 ]
checksum = 1.000000
Repeated 3 time
f3=0.408671 a3=0.591329
f4=0.187949 a4=0.403381
f5=0.102892 a5=0.300489
f6=0.062892 a6=0.237597
f7=0.041480 a7=0.196117
f8=0.028924 a8=0.167193
f9=0.021045 a9=0.146149
f10=0.015834 a10=0.130314
f11=0.012242 a11=0.118073
f12=0.009679 a12=0.108394
f13=0.007797 a13=0.100596
f14=0.006383 a14=0.094213
f15=0.005299 a15=0.088915
f16=0.004451 a16=0.084463
f17=0.003779 a17=0.080684
f18=0.003239 a18=0.077446
f19=0.002799 a19=0.074647
f20=0.074647
[ 0.408671,  0.187949,  0.102892,  0.062892,  0.041480,  0.028924,  0.021045,  0.015834,  0.012242,  0.009679,  0.007797,  0.006383,  0.005299,  0.004451,  0.003779,  0.003239,  0.002799, 0.074647]
0.074647 == 0.074647

total 92046 nodes
[ 0.000000,  0.000608,  0.405917,  0.192632,  0.099602,  0.064989,  0.037546,  0.028008,  0.022869,  0.013906,  0.014362,  0.010886,  0.010049,  0.005247,  0.007398,  0.003705,  0.003868,  0.005443,  0.001608,  0.071356,  0.000000,  0.000000,  0.000000,  0.000000,  0.000000,  0.000000,  0.000000,  0.000000,  0.000000,  0.000000,  0.000000,  0.000000,  0.000000,  0.000000,  0.000000,  0.000000,  0.000000,  0.000000,  0.000000,  0.000000,  0.000000,  0.000000,  0.000000,  0.000000,  0.000000,  0.000000,  0.000000,  0.000000,  0.000000,  0.000000,  0.000000,  0.000000,  0.000000,  0.000000,  0.000000,  0.000000,  0.000000,  0.000000,  0.000000,  0.000000,  0.000000,  0.000000,  0.000000,  0.000000,  0.000000,  0.000000,  0.000000,  0.000000,  0.000000,  0.000000,  0.000000,  0.000000,  0.000000,  0.000000,  0.000000,  0.000000,  0.000000,  0.000000,  0.000000,  0.000000,  0.000000,  0.000000,  0.000000,  0.000000,  0.000000,  0.000000,  0.000000,  0.000000,  0.000000,  0.000000,  0.000000,  0.000000,  0.000000,  0.000000,  0.000000,  0.000000,  0.000000,  0.000000,  0.000000,  0.000000,  0.000000,  0.000000,  0.000000,  0.000000,  0.000000,  0.000000,  0.000000,  0.000000,  0.000000,  0.000000,  0.000000,  0.000000,  0.000000,  0.000000,  0.000000,  0.000000,  0.000000,  0.000000,  0.000000,  0.000000,  0.000000,  0.000000,  0.000000,  0.000000,  0.000000,  0.000000,  0.000000,  0.000000,  0.000000,  0.000000,  0.000000,  0.000000,  0.000000,  0.000000,  0.000000,  0.000000,  0.000000,  0.000000,  0.000000,  0.000000,  0.000000,  0.000000,  0.000000,  0.000000,  0.000000,  0.000000,  0.000000,  0.000000,  0.000000,  0.000000,  0.000000,  0.000000,  0.000000,  0.000000,  0.000000,  0.000000,  0.000000,  0.000000,  0.000000,  0.000000,  0.000000,  0.000000,  0.000000,  0.000000,  0.000000,  0.000000,  0.000000,  0.000000,  0.000000,  0.000000,  0.000000,  0.000000,  0.000000,  0.000000,  0.000000,  0.000000,  0.000000,  0.000000,  0.000000,  0.000000,  0.000000,  0.000000,  0.000000,  0.000000,  0.000000,  0.000000,  0.000000,  0.000000,  0.000000,  0.000000,  0.000000,  0.000000,  0.000000,  0.000000,  0.000000,  0.000000,  0.000000,  0.000000,  0.000000,  0.000000 ]
checksum = 1.000000
Repeated 4 time
f3=0.408671 a3=0.591329
f4=0.187949 a4=0.403381
f5=0.102892 a5=0.300489
f6=0.062892 a6=0.237597
f7=0.041480 a7=0.196117
f8=0.028924 a8=0.167193
f9=0.021045 a9=0.146149
f10=0.015834 a10=0.130314
f11=0.012242 a11=0.118073
f12=0.009679 a12=0.108394
f13=0.007797 a13=0.100596
f14=0.006383 a14=0.094213
f15=0.005299 a15=0.088915
f16=0.004451 a16=0.084463
f17=0.003779 a17=0.080684
f18=0.003239 a18=0.077446
f19=0.002799 a19=0.074647
f20=0.074647
[ 0.408671,  0.187949,  0.102892,  0.062892,  0.041480,  0.028924,  0.021045,  0.015834,  0.012242,  0.009679,  0.007797,  0.006383,  0.005299,  0.004451,  0.003779,  0.003239,  0.002799, 0.074647]
0.074647 == 0.074647

total 92198 nodes
[ 0.000000,  0.000618,  0.409315,  0.191674,  0.099764,  0.062453,  0.038179,  0.032181,  0.020337,  0.012115,  0.017245,  0.008438,  0.006736,  0.009577,  0.002202,  0.005488,  0.004469,  0.002278,  0.001161,  0.075772,  0.000000,  0.000000,  0.000000,  0.000000,  0.000000,  0.000000,  0.000000,  0.000000,  0.000000,  0.000000,  0.000000,  0.000000,  0.000000,  0.000000,  0.000000,  0.000000,  0.000000,  0.000000,  0.000000,  0.000000,  0.000000,  0.000000,  0.000000,  0.000000,  0.000000,  0.000000,  0.000000,  0.000000,  0.000000,  0.000000,  0.000000,  0.000000,  0.000000,  0.000000,  0.000000,  0.000000,  0.000000,  0.000000,  0.000000,  0.000000,  0.000000,  0.000000,  0.000000,  0.000000,  0.000000,  0.000000,  0.000000,  0.000000,  0.000000,  0.000000,  0.000000,  0.000000,  0.000000,  0.000000,  0.000000,  0.000000,  0.000000,  0.000000,  0.000000,  0.000000,  0.000000,  0.000000,  0.000000,  0.000000,  0.000000,  0.000000,  0.000000,  0.000000,  0.000000,  0.000000,  0.000000,  0.000000,  0.000000,  0.000000,  0.000000,  0.000000,  0.000000,  0.000000,  0.000000,  0.000000,  0.000000,  0.000000,  0.000000,  0.000000,  0.000000,  0.000000,  0.000000,  0.000000,  0.000000,  0.000000,  0.000000,  0.000000,  0.000000,  0.000000,  0.000000,  0.000000,  0.000000,  0.000000,  0.000000,  0.000000,  0.000000,  0.000000,  0.000000,  0.000000,  0.000000,  0.000000,  0.000000,  0.000000,  0.000000,  0.000000,  0.000000,  0.000000,  0.000000,  0.000000,  0.000000,  0.000000,  0.000000,  0.000000,  0.000000,  0.000000,  0.000000,  0.000000,  0.000000,  0.000000,  0.000000,  0.000000,  0.000000,  0.000000,  0.000000,  0.000000,  0.000000,  0.000000,  0.000000,  0.000000,  0.000000,  0.000000,  0.000000,  0.000000,  0.000000,  0.000000,  0.000000,  0.000000,  0.000000,  0.000000,  0.000000,  0.000000,  0.000000,  0.000000,  0.000000,  0.000000,  0.000000,  0.000000,  0.000000,  0.000000,  0.000000,  0.000000,  0.000000,  0.000000,  0.000000,  0.000000,  0.000000,  0.000000,  0.000000,  0.000000,  0.000000,  0.000000,  0.000000,  0.000000,  0.000000,  0.000000,  0.000000,  0.000000,  0.000000,  0.000000,  0.000000,  0.000000,  0.000000,  0.000000,  0.000000,  0.000000 ]
checksum = 1.000000
Repeated 5 time
f3=0.408671 a3=0.591329
f4=0.187949 a4=0.403381
f5=0.102892 a5=0.300489
f6=0.062892 a6=0.237597
f7=0.041480 a7=0.196117
f8=0.028924 a8=0.167193
f9=0.021045 a9=0.146149
f10=0.015834 a10=0.130314
f11=0.012242 a11=0.118073
f12=0.009679 a12=0.108394
f13=0.007797 a13=0.100596
f14=0.006383 a14=0.094213
f15=0.005299 a15=0.088915
f16=0.004451 a16=0.084463
f17=0.003779 a17=0.080684
f18=0.003239 a18=0.077446
f19=0.002799 a19=0.074647
f20=0.074647
[ 0.408671,  0.187949,  0.102892,  0.062892,  0.041480,  0.028924,  0.021045,  0.015834,  0.012242,  0.009679,  0.007797,  0.006383,  0.005299,  0.004451,  0.003779,  0.003239,  0.002799, 0.074647]
0.074647 == 0.074647

total 91972 nodes
[ 0.000000,  0.000935,  0.398523,  0.198158,  0.101520,  0.063519,  0.042415,  0.028041,  0.022637,  0.013852,  0.013156,  0.007905,  0.008687,  0.008524,  0.002283,  0.005882,  0.003642,  0.006491,  0.000185,  0.073642,  0.000000,  0.000000,  0.000000,  0.000000,  0.000000,  0.000000,  0.000000,  0.000000,  0.000000,  0.000000,  0.000000,  0.000000,  0.000000,  0.000000,  0.000000,  0.000000,  0.000000,  0.000000,  0.000000,  0.000000,  0.000000,  0.000000,  0.000000,  0.000000,  0.000000,  0.000000,  0.000000,  0.000000,  0.000000,  0.000000,  0.000000,  0.000000,  0.000000,  0.000000,  0.000000,  0.000000,  0.000000,  0.000000,  0.000000,  0.000000,  0.000000,  0.000000,  0.000000,  0.000000,  0.000000,  0.000000,  0.000000,  0.000000,  0.000000,  0.000000,  0.000000,  0.000000,  0.000000,  0.000000,  0.000000,  0.000000,  0.000000,  0.000000,  0.000000,  0.000000,  0.000000,  0.000000,  0.000000,  0.000000,  0.000000,  0.000000,  0.000000,  0.000000,  0.000000,  0.000000,  0.000000,  0.000000,  0.000000,  0.000000,  0.000000,  0.000000,  0.000000,  0.000000,  0.000000,  0.000000,  0.000000,  0.000000,  0.000000,  0.000000,  0.000000,  0.000000,  0.000000,  0.000000,  0.000000,  0.000000,  0.000000,  0.000000,  0.000000,  0.000000,  0.000000,  0.000000,  0.000000,  0.000000,  0.000000,  0.000000,  0.000000,  0.000000,  0.000000,  0.000000,  0.000000,  0.000000,  0.000000,  0.000000,  0.000000,  0.000000,  0.000000,  0.000000,  0.000000,  0.000000,  0.000000,  0.000000,  0.000000,  0.000000,  0.000000,  0.000000,  0.000000,  0.000000,  0.000000,  0.000000,  0.000000,  0.000000,  0.000000,  0.000000,  0.000000,  0.000000,  0.000000,  0.000000,  0.000000,  0.000000,  0.000000,  0.000000,  0.000000,  0.000000,  0.000000,  0.000000,  0.000000,  0.000000,  0.000000,  0.000000,  0.000000,  0.000000,  0.000000,  0.000000,  0.000000,  0.000000,  0.000000,  0.000000,  0.000000,  0.000000,  0.000000,  0.000000,  0.000000,  0.000000,  0.000000,  0.000000,  0.000000,  0.000000,  0.000000,  0.000000,  0.000000,  0.000000,  0.000000,  0.000000,  0.000000,  0.000000,  0.000000,  0.000000,  0.000000,  0.000000,  0.000000,  0.000000,  0.000000,  0.000000,  0.000000,  0.000000 ]
checksum = 1.000000
Repeated 6 time
f3=0.408671 a3=0.591329
f4=0.187949 a4=0.403381
f5=0.102892 a5=0.300489
f6=0.062892 a6=0.237597
f7=0.041480 a7=0.196117
f8=0.028924 a8=0.167193
f9=0.021045 a9=0.146149
f10=0.015834 a10=0.130314
f11=0.012242 a11=0.118073
f12=0.009679 a12=0.108394
f13=0.007797 a13=0.100596
f14=0.006383 a14=0.094213
f15=0.005299 a15=0.088915
f16=0.004451 a16=0.084463
f17=0.003779 a17=0.080684
f18=0.003239 a18=0.077446
f19=0.002799 a19=0.074647
f20=0.074647
[ 0.408671,  0.187949,  0.102892,  0.062892,  0.041480,  0.028924,  0.021045,  0.015834,  0.012242,  0.009679,  0.007797,  0.006383,  0.005299,  0.004451,  0.003779,  0.003239,  0.002799, 0.074647]
0.074647 == 0.074647

total 91746 nodes
[ 0.000000,  0.001003,  0.412672,  0.180618,  0.100506,  0.068363,  0.040405,  0.028448,  0.018017,  0.020524,  0.009592,  0.009592,  0.010257,  0.006572,  0.005286,  0.005090,  0.004959,  0.001046,  0.004763,  0.072287,  0.000000,  0.000000,  0.000000,  0.000000,  0.000000,  0.000000,  0.000000,  0.000000,  0.000000,  0.000000,  0.000000,  0.000000,  0.000000,  0.000000,  0.000000,  0.000000,  0.000000,  0.000000,  0.000000,  0.000000,  0.000000,  0.000000,  0.000000,  0.000000,  0.000000,  0.000000,  0.000000,  0.000000,  0.000000,  0.000000,  0.000000,  0.000000,  0.000000,  0.000000,  0.000000,  0.000000,  0.000000,  0.000000,  0.000000,  0.000000,  0.000000,  0.000000,  0.000000,  0.000000,  0.000000,  0.000000,  0.000000,  0.000000,  0.000000,  0.000000,  0.000000,  0.000000,  0.000000,  0.000000,  0.000000,  0.000000,  0.000000,  0.000000,  0.000000,  0.000000,  0.000000,  0.000000,  0.000000,  0.000000,  0.000000,  0.000000,  0.000000,  0.000000,  0.000000,  0.000000,  0.000000,  0.000000,  0.000000,  0.000000,  0.000000,  0.000000,  0.000000,  0.000000,  0.000000,  0.000000,  0.000000,  0.000000,  0.000000,  0.000000,  0.000000,  0.000000,  0.000000,  0.000000,  0.000000,  0.000000,  0.000000,  0.000000,  0.000000,  0.000000,  0.000000,  0.000000,  0.000000,  0.000000,  0.000000,  0.000000,  0.000000,  0.000000,  0.000000,  0.000000,  0.000000,  0.000000,  0.000000,  0.000000,  0.000000,  0.000000,  0.000000,  0.000000,  0.000000,  0.000000,  0.000000,  0.000000,  0.000000,  0.000000,  0.000000,  0.000000,  0.000000,  0.000000,  0.000000,  0.000000,  0.000000,  0.000000,  0.000000,  0.000000,  0.000000,  0.000000,  0.000000,  0.000000,  0.000000,  0.000000,  0.000000,  0.000000,  0.000000,  0.000000,  0.000000,  0.000000,  0.000000,  0.000000,  0.000000,  0.000000,  0.000000,  0.000000,  0.000000,  0.000000,  0.000000,  0.000000,  0.000000,  0.000000,  0.000000,  0.000000,  0.000000,  0.000000,  0.000000,  0.000000,  0.000000,  0.000000,  0.000000,  0.000000,  0.000000,  0.000000,  0.000000,  0.000000,  0.000000,  0.000000,  0.000000,  0.000000,  0.000000,  0.000000,  0.000000,  0.000000,  0.000000,  0.000000,  0.000000,  0.000000,  0.000000,  0.000000 ]
checksum = 1.000000
Repeated 7 time
f3=0.408671 a3=0.591329
f4=0.187949 a4=0.403381
f5=0.102892 a5=0.300489
f6=0.062892 a6=0.237597
f7=0.041480 a7=0.196117
f8=0.028924 a8=0.167193
f9=0.021045 a9=0.146149
f10=0.015834 a10=0.130314
f11=0.012242 a11=0.118073
f12=0.009679 a12=0.108394
f13=0.007797 a13=0.100596
f14=0.006383 a14=0.094213
f15=0.005299 a15=0.088915
f16=0.004451 a16=0.084463
f17=0.003779 a17=0.080684
f18=0.003239 a18=0.077446
f19=0.002799 a19=0.074647
f20=0.074647
[ 0.408671,  0.187949,  0.102892,  0.062892,  0.041480,  0.028924,  0.021045,  0.015834,  0.012242,  0.009679,  0.007797,  0.006383,  0.005299,  0.004451,  0.003779,  0.003239,  0.002799, 0.074647]
0.074647 == 0.074647

total 91892 nodes
[ 0.000000,  0.000522,  0.403441,  0.193064,  0.106212,  0.057524,  0.046979,  0.022973,  0.019490,  0.017259,  0.018141,  0.003983,  0.011296,  0.003145,  0.007444,  0.004255,  0.005234,  0.003080,  0.002949,  0.073010,  0.000000,  0.000000,  0.000000,  0.000000,  0.000000,  0.000000,  0.000000,  0.000000,  0.000000,  0.000000,  0.000000,  0.000000,  0.000000,  0.000000,  0.000000,  0.000000,  0.000000,  0.000000,  0.000000,  0.000000,  0.000000,  0.000000,  0.000000,  0.000000,  0.000000,  0.000000,  0.000000,  0.000000,  0.000000,  0.000000,  0.000000,  0.000000,  0.000000,  0.000000,  0.000000,  0.000000,  0.000000,  0.000000,  0.000000,  0.000000,  0.000000,  0.000000,  0.000000,  0.000000,  0.000000,  0.000000,  0.000000,  0.000000,  0.000000,  0.000000,  0.000000,  0.000000,  0.000000,  0.000000,  0.000000,  0.000000,  0.000000,  0.000000,  0.000000,  0.000000,  0.000000,  0.000000,  0.000000,  0.000000,  0.000000,  0.000000,  0.000000,  0.000000,  0.000000,  0.000000,  0.000000,  0.000000,  0.000000,  0.000000,  0.000000,  0.000000,  0.000000,  0.000000,  0.000000,  0.000000,  0.000000,  0.000000,  0.000000,  0.000000,  0.000000,  0.000000,  0.000000,  0.000000,  0.000000,  0.000000,  0.000000,  0.000000,  0.000000,  0.000000,  0.000000,  0.000000,  0.000000,  0.000000,  0.000000,  0.000000,  0.000000,  0.000000,  0.000000,  0.000000,  0.000000,  0.000000,  0.000000,  0.000000,  0.000000,  0.000000,  0.000000,  0.000000,  0.000000,  0.000000,  0.000000,  0.000000,  0.000000,  0.000000,  0.000000,  0.000000,  0.000000,  0.000000,  0.000000,  0.000000,  0.000000,  0.000000,  0.000000,  0.000000,  0.000000,  0.000000,  0.000000,  0.000000,  0.000000,  0.000000,  0.000000,  0.000000,  0.000000,  0.000000,  0.000000,  0.000000,  0.000000,  0.000000,  0.000000,  0.000000,  0.000000,  0.000000,  0.000000,  0.000000,  0.000000,  0.000000,  0.000000,  0.000000,  0.000000,  0.000000,  0.000000,  0.000000,  0.000000,  0.000000,  0.000000,  0.000000,  0.000000,  0.000000,  0.000000,  0.000000,  0.000000,  0.000000,  0.000000,  0.000000,  0.000000,  0.000000,  0.000000,  0.000000,  0.000000,  0.000000,  0.000000,  0.000000,  0.000000,  0.000000,  0.000000,  0.000000 ]
checksum = 1.000000
Repeated 8 time
f3=0.408671 a3=0.591329
f4=0.187949 a4=0.403381
f5=0.102892 a5=0.300489
f6=0.062892 a6=0.237597
f7=0.041480 a7=0.196117
f8=0.028924 a8=0.167193
f9=0.021045 a9=0.146149
f10=0.015834 a10=0.130314
f11=0.012242 a11=0.118073
f12=0.009679 a12=0.108394
f13=0.007797 a13=0.100596
f14=0.006383 a14=0.094213
f15=0.005299 a15=0.088915
f16=0.004451 a16=0.084463
f17=0.003779 a17=0.080684
f18=0.003239 a18=0.077446
f19=0.002799 a19=0.074647
f20=0.074647
[ 0.408671,  0.187949,  0.102892,  0.062892,  0.041480,  0.028924,  0.021045,  0.015834,  0.012242,  0.009679,  0.007797,  0.006383,  0.005299,  0.004451,  0.003779,  0.003239,  0.002799, 0.074647]
0.074647 == 0.074647

total 91872 nodes
[ 0.000000,  0.000686,  0.406947,  0.187163,  0.107878,  0.056905,  0.046478,  0.026678,  0.025416,  0.012387,  0.009252,  0.011146,  0.008327,  0.006476,  0.007565,  0.003548,  0.001404,  0.002220,  0.006183,  0.073341,  0.000000,  0.000000,  0.000000,  0.000000,  0.000000,  0.000000,  0.000000,  0.000000,  0.000000,  0.000000,  0.000000,  0.000000,  0.000000,  0.000000,  0.000000,  0.000000,  0.000000,  0.000000,  0.000000,  0.000000,  0.000000,  0.000000,  0.000000,  0.000000,  0.000000,  0.000000,  0.000000,  0.000000,  0.000000,  0.000000,  0.000000,  0.000000,  0.000000,  0.000000,  0.000000,  0.000000,  0.000000,  0.000000,  0.000000,  0.000000,  0.000000,  0.000000,  0.000000,  0.000000,  0.000000,  0.000000,  0.000000,  0.000000,  0.000000,  0.000000,  0.000000,  0.000000,  0.000000,  0.000000,  0.000000,  0.000000,  0.000000,  0.000000,  0.000000,  0.000000,  0.000000,  0.000000,  0.000000,  0.000000,  0.000000,  0.000000,  0.000000,  0.000000,  0.000000,  0.000000,  0.000000,  0.000000,  0.000000,  0.000000,  0.000000,  0.000000,  0.000000,  0.000000,  0.000000,  0.000000,  0.000000,  0.000000,  0.000000,  0.000000,  0.000000,  0.000000,  0.000000,  0.000000,  0.000000,  0.000000,  0.000000,  0.000000,  0.000000,  0.000000,  0.000000,  0.000000,  0.000000,  0.000000,  0.000000,  0.000000,  0.000000,  0.000000,  0.000000,  0.000000,  0.000000,  0.000000,  0.000000,  0.000000,  0.000000,  0.000000,  0.000000,  0.000000,  0.000000,  0.000000,  0.000000,  0.000000,  0.000000,  0.000000,  0.000000,  0.000000,  0.000000,  0.000000,  0.000000,  0.000000,  0.000000,  0.000000,  0.000000,  0.000000,  0.000000,  0.000000,  0.000000,  0.000000,  0.000000,  0.000000,  0.000000,  0.000000,  0.000000,  0.000000,  0.000000,  0.000000,  0.000000,  0.000000,  0.000000,  0.000000,  0.000000,  0.000000,  0.000000,  0.000000,  0.000000,  0.000000,  0.000000,  0.000000,  0.000000,  0.000000,  0.000000,  0.000000,  0.000000,  0.000000,  0.000000,  0.000000,  0.000000,  0.000000,  0.000000,  0.000000,  0.000000,  0.000000,  0.000000,  0.000000,  0.000000,  0.000000,  0.000000,  0.000000,  0.000000,  0.000000,  0.000000,  0.000000,  0.000000,  0.000000,  0.000000,  0.000000 ]
checksum = 1.000000
Repeated 9 time
f3=0.408671 a3=0.591329
f4=0.187949 a4=0.403381
f5=0.102892 a5=0.300489
f6=0.062892 a6=0.237597
f7=0.041480 a7=0.196117
f8=0.028924 a8=0.167193
f9=0.021045 a9=0.146149
f10=0.015834 a10=0.130314
f11=0.012242 a11=0.118073
f12=0.009679 a12=0.108394
f13=0.007797 a13=0.100596
f14=0.006383 a14=0.094213
f15=0.005299 a15=0.088915
f16=0.004451 a16=0.084463
f17=0.003779 a17=0.080684
f18=0.003239 a18=0.077446
f19=0.002799 a19=0.074647
f20=0.074647
[ 0.408671,  0.187949,  0.102892,  0.062892,  0.041480,  0.028924,  0.021045,  0.015834,  0.012242,  0.009679,  0.007797,  0.006383,  0.005299,  0.004451,  0.003779,  0.003239,  0.002799, 0.074647]
0.074647 == 0.074647

total 92230 nodes
[ 0.000000,  0.001084,  0.405074,  0.187770,  0.102309,  0.068383,  0.036669,  0.033796,  0.021284,  0.014529,  0.010810,  0.012718,  0.006961,  0.005649,  0.004467,  0.002288,  0.005215,  0.005606,  0.000531,  0.074856,  0.000000,  0.000000,  0.000000,  0.000000,  0.000000,  0.000000,  0.000000,  0.000000,  0.000000,  0.000000,  0.000000,  0.000000,  0.000000,  0.000000,  0.000000,  0.000000,  0.000000,  0.000000,  0.000000,  0.000000,  0.000000,  0.000000,  0.000000,  0.000000,  0.000000,  0.000000,  0.000000,  0.000000,  0.000000,  0.000000,  0.000000,  0.000000,  0.000000,  0.000000,  0.000000,  0.000000,  0.000000,  0.000000,  0.000000,  0.000000,  0.000000,  0.000000,  0.000000,  0.000000,  0.000000,  0.000000,  0.000000,  0.000000,  0.000000,  0.000000,  0.000000,  0.000000,  0.000000,  0.000000,  0.000000,  0.000000,  0.000000,  0.000000,  0.000000,  0.000000,  0.000000,  0.000000,  0.000000,  0.000000,  0.000000,  0.000000,  0.000000,  0.000000,  0.000000,  0.000000,  0.000000,  0.000000,  0.000000,  0.000000,  0.000000,  0.000000,  0.000000,  0.000000,  0.000000,  0.000000,  0.000000,  0.000000,  0.000000,  0.000000,  0.000000,  0.000000,  0.000000,  0.000000,  0.000000,  0.000000,  0.000000,  0.000000,  0.000000,  0.000000,  0.000000,  0.000000,  0.000000,  0.000000,  0.000000,  0.000000,  0.000000,  0.000000,  0.000000,  0.000000,  0.000000,  0.000000,  0.000000,  0.000000,  0.000000,  0.000000,  0.000000,  0.000000,  0.000000,  0.000000,  0.000000,  0.000000,  0.000000,  0.000000,  0.000000,  0.000000,  0.000000,  0.000000,  0.000000,  0.000000,  0.000000,  0.000000,  0.000000,  0.000000,  0.000000,  0.000000,  0.000000,  0.000000,  0.000000,  0.000000,  0.000000,  0.000000,  0.000000,  0.000000,  0.000000,  0.000000,  0.000000,  0.000000,  0.000000,  0.000000,  0.000000,  0.000000,  0.000000,  0.000000,  0.000000,  0.000000,  0.000000,  0.000000,  0.000000,  0.000000,  0.000000,  0.000000,  0.000000,  0.000000,  0.000000,  0.000000,  0.000000,  0.000000,  0.000000,  0.000000,  0.000000,  0.000000,  0.000000,  0.000000,  0.000000,  0.000000,  0.000000,  0.000000,  0.000000,  0.000000,  0.000000,  0.000000,  0.000000,  0.000000,  0.000000,  0.000000 ]
checksum = 1.000000
====================
[ 0.000000,  0.000002,  0.000793,  0.407156,  0.188119,  0.103142,  0.063674,  0.040436,  0.028556,  0.022029,  0.015220,  0.013544,  0.008838,  0.008845,  0.005950,  0.005439,  0.004551,  0.003812,  0.004040,  0.002688,  0.073165,  0.000000,  0.000000,  0.000000,  0.000000,  0.000000,  0.000000,  0.000000,  0.000000,  0.000000,  0.000000,  0.000000,  0.000000,  0.000000,  0.000000,  0.000000,  0.000000,  0.000000,  0.000000,  0.000000,  0.000000,  0.000000,  0.000000,  0.000000,  0.000000,  0.000000,  0.000000,  0.000000,  0.000000,  0.000000,  0.000000,  0.000000,  0.000000,  0.000000,  0.000000,  0.000000,  0.000000,  0.000000,  0.000000,  0.000000,  0.000000,  0.000000,  0.000000,  0.000000,  0.000000,  0.000000,  0.000000,  0.000000,  0.000000,  0.000000,  0.000000,  0.000000,  0.000000,  0.000000,  0.000000,  0.000000,  0.000000,  0.000000,  0.000000,  0.000000,  0.000000,  0.000000,  0.000000,  0.000000,  0.000000,  0.000000,  0.000000,  0.000000,  0.000000,  0.000000,  0.000000,  0.000000,  0.000000,  0.000000,  0.000000,  0.000000,  0.000000,  0.000000,  0.000000,  0.000000,  0.000000 ]
f3=0.408671 a3=0.591329
f4=0.187949 a4=0.403381
f5=0.102892 a5=0.300489
f6=0.062892 a6=0.237597
f7=0.041480 a7=0.196117
f8=0.028924 a8=0.167193
f9=0.021045 a9=0.146149
f10=0.015834 a10=0.130314
f11=0.012242 a11=0.118073
f12=0.009679 a12=0.108394
f13=0.007797 a13=0.100596
f14=0.006383 a14=0.094213
f15=0.005299 a15=0.088915
f16=0.004451 a16=0.084463
f17=0.003779 a17=0.080684
f18=0.003239 a18=0.077446
f19=0.002799 a19=0.074647
f20=0.074647
[ 0.408671,  0.187949,  0.102892,  0.062892,  0.041480,  0.028924,  0.021045,  0.015834,  0.012242,  0.009679,  0.007797,  0.006383,  0.005299,  0.004451,  0.003779,  0.003239,  0.002799, 0.074647]
0.074647 == 0.074647
