Repeated 0 time
f2=0.607315 a2=0.392685
f3=0.179945 a3=0.212740
f4=0.075914 a4=0.136826
f5=0.038868 a5=0.097958
f6=0.022493 a6=0.075465
f7=0.014165 a7=0.061300
f8=0.009489 a8=0.051811
f9=0.006665 a9=0.045146
f10=0.004859 a10=0.040288
f11=0.003650 a11=0.036637
f12=0.002812 a12=0.033826
f13=0.002211 a13=0.031614
f14=0.001771 a14=0.029844
f15=0.001440 a15=0.028404
f16=0.001186 a16=0.027218
f17=0.000989 a17=0.026229
f18=0.000833 a18=0.025396
f19=0.000708 a19=0.024688
f20=0.000607 a20=0.024080
f21=0.000525 a21=0.023556
f22=0.000456 a22=0.023099
f23=0.000399 a23=0.022700
f24=0.000351 a24=0.022349
f25=0.000311 a25=0.022038
f26=0.000276 a26=0.021761
f27=0.000247 a27=0.021514
f28=0.000221 a28=0.021293
f29=0.000199 a29=0.021094
f30=0.000180 a30=0.020914
f31=0.000163 a31=0.020751
f32=0.000148 a32=0.020603
f33=0.000135 a33=0.020467
f34=0.000124 a34=0.020344
f35=0.000113 a35=0.020230
f36=0.000104 a36=0.020126
f37=0.000096 a37=0.020030
f38=0.000089 a38=0.019942
f39=0.000082 a39=0.019860
f40=0.000076 a40=0.019784
f41=0.000070 a41=0.019713
f42=0.000066 a42=0.019648
f43=0.000061 a43=0.019587
f44=0.000057 a44=0.019530
f45=0.000053 a45=0.019476
f46=0.000050 a46=0.019427
f47=0.000047 a47=0.019380
f48=0.000044 a48=0.019336
f49=0.000041 a49=0.019295
f50=0.019295
[ 0.607315,  0.179945,  0.075914,  0.038868,  0.022493,  0.014165,  0.009489,  0.006665,  0.004859,  0.003650,  0.002812,  0.002211,  0.001771,  0.001440,  0.001186,  0.000989,  0.000833,  0.000708,  0.000607,  0.000525,  0.000456,  0.000399,  0.000351,  0.000311,  0.000276,  0.000247,  0.000221,  0.000199,  0.000180,  0.000163,  0.000148,  0.000135,  0.000124,  0.000113,  0.000104,  0.000096,  0.000089,  0.000082,  0.000076,  0.000070,  0.000066,  0.000061,  0.000057,  0.000053,  0.000050,  0.000047,  0.000044,  0.000041, 0.019295]
0.019295 == 0.019295

total 91582 nodes
[ 0.053264,  0.568321,  0.174903,  0.072907,  0.034701,  0.021467,  0.011574,  0.011978,  0.007938,  0.004226,  0.004248,  0.002260,  0.000513,  0.002096,  0.003101,  0.000961,  0.000884,  0.002184,  0.000186,  0.000699,  0.000262,  0.000076,  0.000491,  0.000295,  0.000131,  0.000928,  0.000262,  0.000590,  0.000546,  0.000098,  0.000611,  0.000131,  0.000164,  0.000164,  0.000087,  0.000011,  0.000164,  0.000743,  0.000207,  0.000164,  0.000131,  0.000044,  0.000251,  0.000109,  0.000087,  0.000066,  0.000262,  0.000491,  0.003014,  0.011007,  0.000000,  0.000000,  0.000000,  0.000000,  0.000000,  0.000000,  0.000000,  0.000000,  0.000000,  0.000000,  0.000000,  0.000000,  0.000000,  0.000000,  0.000000,  0.000000,  0.000000,  0.000000,  0.000000,  0.000000,  0.000000,  0.000000,  0.000000,  0.000000,  0.000000,  0.000000,  0.000000,  0.000000,  0.000000,  0.000000,  0.000000,  0.000000,  0.000000,  0.000000,  0.000000,  0.000000,  0.000000,  0.000000,  0.000000,  0.000000,  0.000000,  0.000000,  0.000000,  0.000000,  0.000000,  0.000000,  0.000000,  0.000000,  0.000000,  0.000000,  0.000000,  0.000000,  0.000000,  0.000000,  0.000000,  0.000000,  0.000000,  0.000000,  0.000000,  0.000000,  0.000000,  0.000000,  0.000000,  0.000000,  0.000000,  0.000000,  0.000000,  0.000000,  0.000000,  0.000000,  0.000000,  0.000000,  0.000000,  0.000000,  0.000000,  0.000000,  0.000000,  0.000000,  0.000000,  0.000000,  0.000000,  0.000000,  0.000000,  0.000000,  0.000000,  0.000000,  0.000000,  0.000000,  0.000000,  0.000000,  0.000000,  0.000000,  0.000000,  0.000000,  0.000000,  0.000000,  0.000000,  0.000000,  0.000000,  0.000000,  0.000000,  0.000000,  0.000000,  0.000000,  0.000000,  0.000000,  0.000000,  0.000000,  0.000000,  0.000000,  0.000000,  0.000000,  0.000000,  0.000000,  0.000000,  0.000000,  0.000000,  0.000000,  0.000000,  0.000000,  0.000000,  0.000000,  0.000000,  0.000000,  0.000000,  0.000000,  0.000000,  0.000000,  0.000000,  0.000000,  0.000000,  0.000000,  0.000000,  0.000000,  0.000000,  0.000000,  0.000000,  0.000000,  0.000000,  0.000000,  0.000000,  0.000000,  0.000000,  0.000000,  0.000000,  0.000000,  0.000000,  0.000000,  0.000000,  0.000000,  0.000000,  0.000000,  0.000000,  0.000000,  0.000000,  0.000000,  0.000000,  0.000000,  0.000000,  0.000000,  0.000000,  0.000000,  0.000000,  0.000000,  0.000000,  0.000000,  0.000000,  0.000000,  0.000000,  0.000000,  0.000000,  0.000000,  0.000000,  0.000000,  0.000000,  0.000000,  0.000000,  0.000000,  0.000000,  0.000000,  0.000000,  0.000000,  0.000000,  0.000000,  0.000000,  0.000000,  0.000000,  0.000000,  0.000000,  0.000000,  0.000000,  0.000000,  0.000000,  0.000000,  0.000000,  0.000000,  0.000000,  0.000000,  0.000000,  0.000000,  0.000000,  0.000000,  0.000000,  0.000000,  0.000000,  0.000000,  0.000000,  0.000000,  0.000000,  0.000000,  0.000000,  0.000000,  0.000000,  0.000000,  0.000000,  0.000000,  0.000000,  0.000000,  0.000000,  0.000000,  0.000000,  0.000000,  0.000000,  0.000000,  0.000000,  0.000000,  0.000000,  0.000000,  0.000000,  0.000000,  0.000000,  0.000000,  0.000000,  0.000000,  0.000000,  0.000000,  0.000000,  0.000000,  0.000000,  0.000000,  0.000000,  0.000000,  0.000000,  0.000000,  0.000000,  0.000000,  0.000000,  0.000000,  0.000000,  0.000000,  0.000000,  0.000000,  0.000000,  0.000000,  0.000000,  0.000000,  0.000000,  0.000000,  0.000000,  0.000000,  0.000000,  0.000000,  0.000000,  0.000000,  0.000000,  0.000000,  0.000000,  0.000000,  0.000000,  0.000000,  0.000000,  0.000000,  0.000000,  0.000000,  0.000000,  0.000000,  0.000000,  0.000000,  0.000000,  0.000000,  0.000000,  0.000000,  0.000000,  0.000000,  0.000000,  0.000000,  0.000000,  0.000000,  0.000000,  0.000000,  0.000000,  0.000000,  0.000000,  0.000000,  0.000000,  0.000000,  0.000000,  0.000000,  0.000000,  0.000000,  0.000000,  0.000000,  0.000000,  0.000000,  0.000000,  0.000000,  0.000000,  0.000000,  0.000000,  0.000000,  0.000000,  0.000000,  0.000000,  0.000000,  0.000000,  0.000000,  0.000000,  0.000000,  0.000000,  0.000000,  0.000000,  0.000000,  0.000000,  0.000000,  0.000000,  0.000000,  0.000000,  0.000000,  0.000000,  0.000000,  0.000000,  0.000000,  0.000000,  0.000000,  0.000000,  0.000000,  0.000000,  0.000000,  0.000000,  0.000000,  0.000000,  0.000000,  0.000000,  0.000000,  0.000000,  0.000000,  0.000000,  0.000000,  0.000000,  0.000000,  0.000000,  0.000000,  0.000000,  0.000000,  0.000000,  0.000000,  0.000000,  0.000000,  0.000000,  0.000000,  0.000000,  0.000000,  0.000000,  0.000000,  0.000000,  0.000000,  0.000000,  0.000000,  0.000000,  0.000000,  0.000000,  0.000000,  0.000000,  0.000000,  0.000000,  0.000000,  0.000000,  0.000000,  0.000000,  0.000000,  0.000000,  0.000000,  0.000000,  0.000000,  0.000000,  0.000000,  0.000000,  0.000000,  0.000000,  0.000000,  0.000000,  0.000000,  0.000000,  0.000000,  0.000000,  0.000000,  0.000000,  0.000000,  0.000000,  0.000000,  0.000000,  0.000000,  0.000000,  0.000000,  0.000000,  0.000000,  0.000000,  0.000000,  0.000000,  0.000000,  0.000000,  0.000000,  0.000000,  0.000000,  0.000000,  0.000000,  0.000000,  0.000000,  0.000000,  0.000000,  0.000000,  0.000000,  0.000000,  0.000000,  0.000000,  0.000000,  0.000000,  0.000000,  0.000000,  0.000000,  0.000000,  0.000000,  0.000000,  0.000000,  0.000000,  0.000000,  0.000000,  0.000000,  0.000000,  0.000000,  0.000000,  0.000000,  0.000000,  0.000000,  0.000000,  0.000000,  0.000000,  0.000000,  0.000000,  0.000000 ]
checksum = 1.000000
Repeated 1 time
f2=0.607315 a2=0.392685
f3=0.179945 a3=0.212740
f4=0.075914 a4=0.136826
f5=0.038868 a5=0.097958
f6=0.022493 a6=0.075465
f7=0.014165 a7=0.061300
f8=0.009489 a8=0.051811
f9=0.006665 a9=0.045146
f10=0.004859 a10=0.040288
f11=0.003650 a11=0.036637
f12=0.002812 a12=0.033826
f13=0.002211 a13=0.031614
f14=0.001771 a14=0.029844
f15=0.001440 a15=0.028404
f16=0.001186 a16=0.027218
f17=0.000989 a17=0.026229
f18=0.000833 a18=0.025396
f19=0.000708 a19=0.024688
f20=0.000607 a20=0.024080
f21=0.000525 a21=0.023556
f22=0.000456 a22=0.023099
f23=0.000399 a23=0.022700
f24=0.000351 a24=0.022349
f25=0.000311 a25=0.022038
f26=0.000276 a26=0.021761
f27=0.000247 a27=0.021514
f28=0.000221 a28=0.021293
f29=0.000199 a29=0.021094
f30=0.000180 a30=0.020914
f31=0.000163 a31=0.020751
f32=0.000148 a32=0.020603
f33=0.000135 a33=0.020467
f34=0.000124 a34=0.020344
f35=0.000113 a35=0.020230
f36=0.000104 a36=0.020126
f37=0.000096 a37=0.020030
f38=0.000089 a38=0.019942
f39=0.000082 a39=0.019860
f40=0.000076 a40=0.019784
f41=0.000070 a41=0.019713
f42=0.000066 a42=0.019648
f43=0.000061 a43=0.019587
f44=0.000057 a44=0.019530
f45=0.000053 a45=0.019476
f46=0.000050 a46=0.019427
f47=0.000047 a47=0.019380
f48=0.000044 a48=0.019336
f49=0.000041 a49=0.019295
f50=0.019295
[ 0.607315,  0.179945,  0.075914,  0.038868,  0.022493,  0.014165,  0.009489,  0.006665,  0.004859,  0.003650,  0.002812,  0.002211,  0.001771,  0.001440,  0.001186,  0.000989,  0.000833,  0.000708,  0.000607,  0.000525,  0.000456,  0.000399,  0.000351,  0.000311,  0.000276,  0.000247,  0.000221,  0.000199,  0.000180,  0.000163,  0.000148,  0.000135,  0.000124,  0.000113,  0.000104,  0.000096,  0.000089,  0.000082,  0.000076,  0.000070,  0.000066,  0.000061,  0.000057,  0.000053,  0.000050,  0.000047,  0.000044,  0.000041, 0.019295]
0.019295 == 0.019295

total 91306 nodes
[ 0.050260,  0.572996,  0.171654,  0.070565,  0.041531,  0.020984,  0.014873,  0.006867,  0.008499,  0.003308,  0.000515,  0.004589,  0.001730,  0.003439,  0.000559,  0.002497,  0.000361,  0.000044,  0.000657,  0.001051,  0.001106,  0.000416,  0.001128,  0.000416,  0.000099,  0.000241,  0.000701,  0.000088,  0.000110,  0.000723,  0.000175,  0.000066,  0.000055,  0.000274,  0.000296,  0.000044,  0.000449,  0.000153,  0.000110,  0.000153,  0.000000,  0.000778,  0.000055,  0.000296,  0.000055,  0.000077,  0.000055,  0.000712,  0.002585,  0.011609,  0.000000,  0.000000,  0.000000,  0.000000,  0.000000,  0.000000,  0.000000,  0.000000,  0.000000,  0.000000,  0.000000,  0.000000,  0.000000,  0.000000,  0.000000,  0.000000,  0.000000,  0.000000,  0.000000,  0.000000,  0.000000,  0.000000,  0.000000,  0.000000,  0.000000,  0.000000,  0.000000,  0.000000,  0.000000,  0.000000,  0.000000,  0.000000,  0.000000,  0.000000,  0.000000,  0.000000,  0.000000,  0.000000,  0.000000,  0.000000,  0.000000,  0.000000,  0.000000,  0.000000,  0.000000,  0.000000,  0.000000,  0.000000,  0.000000,  0.000000,  0.000000,  0.000000,  0.000000,  0.000000,  0.000000,  0.000000,  0.000000,  0.000000,  0.000000,  0.000000,  0.000000,  0.000000,  0.000000,  0.000000,  0.000000,  0.000000,  0.000000,  0.000000,  0.000000,  0.000000,  0.000000,  0.000000,  0.000000,  0.000000,  0.000000,  0.000000,  0.000000,  0.000000,  0.000000,  0.000000,  0.000000,  0.000000,  0.000000,  0.000000,  0.000000,  0.000000,  0.000000,  0.000000,  0.000000,  0.000000,  0.000000,  0.000000,  0.000000,  0.000000,  0.000000,  0.000000,  0.000000,  0.000000,  0.000000,  0.000000,  0.000000,  0.000000,  0.000000,  0.000000,  0.000000,  0.000000,  0.000000,  0.000000,  0.000000,  0.000000,  0.000000,  0.000000,  0.000000,  0.000000,  0.000000,  0.000000,  0.000000,  0.000000,  0.000000,  0.000000,  0.000000,  0.000000,  0.000000,  0.000000,  0.000000,  0.000000,  0.000000,  0.000000,  0.000000,  0.000000,  0.000000,  0.000000,  0.000000,  0.000000,  0.000000,  0.000000,  0.000000,  0.000000,  0.000000,  0.000000,  0.000000,  0.000000,  0.000000,  0.000000,  0.000000,  0.000000,  0.000000,  0.000000,  0.000000,  0.000000,  0.000000,  0.000000,  0.000000,  0.000000,  0.000000,  0.000000,  0.000000,  0.000000,  0.000000,  0.000000,  0.000000,  0.000000,  0.000000,  0.000000,  0.000000,  0.000000,  0.000000,  0.000000,  0.000000,  0.000000,  0.000000,  0.000000,  0.000000,  0.000000,  0.000000,  0.000000,  0.000000,  0.000000,  0.000000,  0.000000,  0.000000,  0.000000,  0.000000,  0.000000,  0.000000,  0.000000,  0.000000,  0.000000,  0.000000,  0.000000,  0.000000,  0.000000,  0.000000,  0.000000,  0.000000,  0.000000,  0.000000,  0.000000,  0.000000,  0.000000,  0.000000,  0.000000,  0.000000,  0.000000,  0.000000,  0.000000,  0.000000,  0.000000,  0.000000,  0.000000,  0.000000,  0.000000,  0.000000,  0.000000,  0.000000,  0.000000,  0.000000,  0.000000,  0.000000,  0.000000,  0.000000,  0.000000,  0.000000,  0.000000,  0.000000,  0.000000,  0.000000,  0.000000,  0.000000,  0.000000,  0.000000,  0.000000,  0.000000,  0.000000,  0.000000,  0.000000,  0.000000,  0.000000,  0.000000,  0.000000,  0.000000,  0.000000,  0.000000,  0.000000,  0.000000,  0.000000,  0.000000,  0.000000,  0.000000,  0.000000,  0.000000,  0.000000,  0.000000,  0.000000,  0.000000,  0.000000,  0.000000,  0.000000,  0.000000,  0.000000,  0.000000,  0.000000,  0.000000,  0.000000,  0.000000,  0.000000,  0.000000,  0.000000,  0.000000,  0.000000,  0.000000,  0.000000,  0.000000,  0.000000,  0.000000,  0.000000,  0.000000,  0.000000,  0.000000,  0.000000,  0.000000,  0.000000,  0.000000,  0.000000,  0.000000,  0.000000,  0.000000,  0.000000,  0.000000,  0.000000,  0.000000,  0.000000,  0.000000,  0.000000,  0.000000,  0.000000,  0.000000,  0.000000,  0.000000,  0.000000,  0.000000,  0.000000,  0.000000,  0.000000,  0.000000,  0.000000,  0.000000,  0.000000,  0.000000,  0.000000,  0.000000,  0.000000,  0.000000,  0.000000,  0.000000,  0.000000,  0.000000,  0.000000,  0.000000,  0.000000,  0.000000,  0.000000,  0.000000,  0.000000,  0.000000,  0.000000,  0.000000,  0.000000,  0.000000,  0.000000,  0.000000,  0.000000,  0.000000,  0.000000,  0.000000,  0.000000,  0.000000,  0.000000,  0.000000,  0.000000,  0.000000,  0.000000,  0.000000,  0.000000,  0.000000,  0.000000,  0.000000,  0.000000,  0.000000,  0.000000,  0.000000,  0.000000,  0.000000,  0.000000,  0.000000,  0.000000,  0.000000,  0.000000,  0.000000,  0.000000,  0.000000,  0.000000,  0.000000,  0.000000,  0.000000,  0.000000,  0.000000,  0.000000,  0.000000,  0.000000,  0.000000,  0.000000,  0.000000,  0.000000,  0.000000,  0.000000,  0.000000,  0.000000,  0.000000,  0.000000,  0.000000,  0.000000,  0.000000,  0.000000,  0.000000,  0.000000,  0.000000,  0.000000,  0.000000,  0.000000,  0.000000,  0.000000,  0.000000,  0.000000,  0.000000,  0.000000,  0.000000,  0.000000,  0.000000,  0.000000,  0.000000,  0.000000,  0.000000,  0.000000,  0.000000,  0.000000,  0.000000,  0.000000,  0.000000,  0.000000,  0.000000,  0.000000,  0.000000,  0.000000,  0.000000,  0.000000,  0.000000,  0.000000,  0.000000,  0.000000,  0.000000,  0.000000,  0.000000,  0.000000,  0.000000,  0.000000,  0.000000,  0.000000,  0.000000,  0.000000,  0.000000,  0.000000,  0.000000,  0.000000,  0.000000,  0.000000,  0.000000,  0.000000,  0.000000,  0.000000,  0.000000,  0.000000,  0.000000,  0.000000,  0.000000,  0.000000,  0.000000,  0.000000,  0.000000,  0.000000 ]
checksum = 1.000000
Repeated 2 time
f2=0.607315 a2=0.392685
f3=0.179945 a3=0.212740
f4=0.075914 a4=0.136826
f5=0.038868 a5=0.097958
f6=0.022493 a6=0.075465
f7=0.014165 a7=0.061300
f8=0.009489 a8=0.051811
f9=0.006665 a9=0.045146
f10=0.004859 a10=0.040288
f11=0.003650 a11=0.036637
f12=0.002812 a12=0.033826
f13=0.002211 a13=0.031614
f14=0.001771 a14=0.029844
f15=0.001440 a15=0.028404
f16=0.001186 a16=0.027218
f17=0.000989 a17=0.026229
f18=0.000833 a18=0.025396
f19=0.000708 a19=0.024688
f20=0.000607 a20=0.024080
f21=0.000525 a21=0.023556
f22=0.000456 a22=0.023099
f23=0.000399 a23=0.022700
f24=0.000351 a24=0.022349
f25=0.000311 a25=0.022038
f26=0.000276 a26=0.021761
f27=0.000247 a27=0.021514
f28=0.000221 a28=0.021293
f29=0.000199 a29=0.021094
f30=0.000180 a30=0.020914
f31=0.000163 a31=0.020751
f32=0.000148 a32=0.020603
f33=0.000135 a33=0.020467
f34=0.000124 a34=0.020344
f35=0.000113 a35=0.020230
f36=0.000104 a36=0.020126
f37=0.000096 a37=0.020030
f38=0.000089 a38=0.019942
f39=0.000082 a39=0.019860
f40=0.000076 a40=0.019784
f41=0.000070 a41=0.019713
f42=0.000066 a42=0.019648
f43=0.000061 a43=0.019587
f44=0.000057 a44=0.019530
f45=0.000053 a45=0.019476
f46=0.000050 a46=0.019427
f47=0.000047 a47=0.019380
f48=0.000044 a48=0.019336
f49=0.000041 a49=0.019295
f50=0.019295
[ 0.607315,  0.179945,  0.075914,  0.038868,  0.022493,  0.014165,  0.009489,  0.006665,  0.004859,  0.003650,  0.002812,  0.002211,  0.001771,  0.001440,  0.001186,  0.000989,  0.000833,  0.000708,  0.000607,  0.000525,  0.000456,  0.000399,  0.000351,  0.000311,  0.000276,  0.000247,  0.000221,  0.000199,  0.000180,  0.000163,  0.000148,  0.000135,  0.000124,  0.000113,  0.000104,  0.000096,  0.000089,  0.000082,  0.000076,  0.000070,  0.000066,  0.000061,  0.000057,  0.000053,  0.000050,  0.000047,  0.000044,  0.000041, 0.019295]
0.019295 == 0.019295

total 90990 nodes
[ 0.050148,  0.573755,  0.173612,  0.071458,  0.035454,  0.021947,  0.012815,  0.012243,  0.006363,  0.005012,  0.001605,  0.001297,  0.001198,  0.003967,  0.000099,  0.002638,  0.001989,  0.001506,  0.000121,  0.000286,  0.000253,  0.000604,  0.000824,  0.000561,  0.000055,  0.000110,  0.000681,  0.000934,  0.000176,  0.000066,  0.000253,  0.000374,  0.000110,  0.000088,  0.000550,  0.000319,  0.000055,  0.000088,  0.000341,  0.000429,  0.000286,  0.000110,  0.000055,  0.000517,  0.000154,  0.000209,  0.000088,  0.000286,  0.001736,  0.012177,  0.000000,  0.000000,  0.000000,  0.000000,  0.000000,  0.000000,  0.000000,  0.000000,  0.000000,  0.000000,  0.000000,  0.000000,  0.000000,  0.000000,  0.000000,  0.000000,  0.000000,  0.000000,  0.000000,  0.000000,  0.000000,  0.000000,  0.000000,  0.000000,  0.000000,  0.000000,  0.000000,  0.000000,  0.000000,  0.000000,  0.000000,  0.000000,  0.000000,  0.000000,  0.000000,  0.000000,  0.000000,  0.000000,  0.000000,  0.000000,  0.000000,  0.000000,  0.000000,  0.000000,  0.000000,  0.000000,  0.000000,  0.000000,  0.000000,  0.000000,  0.000000,  0.000000,  0.000000,  0.000000,  0.000000,  0.000000,  0.000000,  0.000000,  0.000000,  0.000000,  0.000000,  0.000000,  0.000000,  0.000000,  0.000000,  0.000000,  0.000000,  0.000000,  0.000000,  0.000000,  0.000000,  0.000000,  0.000000,  0.000000,  0.000000,  0.000000,  0.000000,  0.000000,  0.000000,  0.000000,  0.000000,  0.000000,  0.000000,  0.000000,  0.000000,  0.000000,  0.000000,  0.000000,  0.000000,  0.000000,  0.000000,  0.000000,  0.000000,  0.000000,  0.000000,  0.000000,  0.000000,  0.000000,  0.000000,  0.000000,  0.000000,  0.000000,  0.000000,  0.000000,  0.000000,  0.000000,  0.000000,  0.000000,  0.000000,  0.000000,  0.000000,  0.000000,  0.000000,  0.000000,  0.000000,  0.000000,  0.000000,  0.000000,  0.000000,  0.000000,  0.000000,  0.000000,  0.000000,  0.000000,  0.000000,  0.000000,  0.000000,  0.000000,  0.000000,  0.000000,  0.000000,  0.000000,  0.000000,  0.000000,  0.000000,  0.000000,  0.000000,  0.000000,  0.000000,  0.000000,  0.000000,  0.000000,  0.000000,  0.000000,  0.000000,  0.000000,  0.000000,  0.000000,  0.000000,  0.000000,  0.000000,  0.000000,  0.000000,  0.000000,  0.000000,  0.000000,  0.000000,  0.000000,  0.000000,  0.000000,  0.000000,  0.000000,  0.000000,  0.000000,  0.000000,  0.000000,  0.000000,  0.000000,  0.000000,  0.000000,  0.000000,  0.000000,  0.000000,  0.000000,  0.000000,  0.000000,  0.000000,  0.000000,  0.000000,  0.000000,  0.000000,  0.000000,  0.000000,  0.000000,  0.000000,  0.000000,  0.000000,  0.000000,  0.000000,  0.000000,  0.000000,  0.000000,  0.000000,  0.000000,  0.000000,  0.000000,  0.000000,  0.000000,  0.000000,  0.000000,  0.000000,  0.000000,  0.000000,  0.000000,  0.000000,  0.000000,  0.000000,  0.000000,  0.000000,  0.000000,  0.000000,  0.000000,  0.000000,  0.000000,  0.000000,  0.000000,  0.000000,  0.000000,  0.000000,  0.000000,  0.000000,  0.000000,  0.000000,  0.000000,  0.000000,  0.000000,  0.000000,  0.000000,  0.000000,  0.000000,  0.000000,  0.000000,  0.000000,  0.000000,  0.000000,  0.000000,  0.000000,  0.000000,  0.000000,  0.000000,  0.000000,  0.000000,  0.000000,  0.000000,  0.000000,  0.000000,  0.000000,  0.000000,  0.000000,  0.000000,  0.000000,  0.000000,  0.000000,  0.000000,  0.000000,  0.000000,  0.000000,  0.000000,  0.000000,  0.000000,  0.000000,  0.000000,  0.000000,  0.000000,  0.000000,  0.000000,  0.000000,  0.000000,  0.000000,  0.000000,  0.000000,  0.000000,  0.000000,  0.000000,  0.000000,  0.000000,  0.000000,  0.000000,  0.000000,  0.000000,  0.000000,  0.000000,  0.000000,  0.000000,  0.000000,  0.000000,  0.000000,  0.000000,  0.000000,  0.000000,  0.000000,  0.000000,  0.000000,  0.000000,  0.000000,  0.000000,  0.000000,  0.000000,  0.000000,  0.000000,  0.000000,  0.000000,  0.000000,  0.000000,  0.000000,  0.000000,  0.000000,  0.000000,  0.000000,  0.000000,  0.000000,  0.000000,  0.000000,  0.000000,  0.000000,  0.000000,  0.000000,  0.000000,  0.000000,  0.000000,  0.000000,  0.000000,  0.000000,  0.000000,  0.000000,  0.000000,  0.000000,  0.000000,  0.000000,  0.000000,  0.000000,  0.000000,  0.000000,  0.000000,  0.000000,  0.000000,  0.000000,  0.000000,  0.000000,  0.000000,  0.000000,  0.000000,  0.000000,  0.000000,  0.000000,  0.000000,  0.000000,  0.000000,  0.000000,  0.000000,  0.000000,  0.000000,  0.000000,  0.000000,  0.000000,  0.000000,  0.000000,  0.000000,  0.000000,  0.000000,  0.000000,  0.000000,  0.000000,  0.000000,  0.000000,  0.000000,  0.000000,  0.000000,  0.000000,  0.000000,  0.000000,  0.000000,  0.000000,  0.000000,  0.000000,  0.000000,  0.000000,  0.000000,  0.000000,  0.000000,  0.000000,  0.000000,  0.000000,  0.000000,  0.000000,  0.000000,  0.000000,  0.000000,  0.000000,  0.000000,  0.000000,  0.000000,  0.000000,  0.000000,  0.000000,  0.000000,  0.000000,  0.000000,  0.000000,  0.000000,  0.000000,  0.000000,  0.000000,  0.000000,  0.000000,  0.000000,  0.000000,  0.000000,  0.000000,  0.000000,  0.000000,  0.000000,  0.000000,  0.000000,  0.000000,  0.000000,  0.000000,  0.000000,  0.000000,  0.000000,  0.000000,  0.000000,  0.000000,  0.000000,  0.000000,  0.000000,  0.000000,  0.000000,  0.000000,  0.000000,  0.000000,  0.000000,  0.000000,  0.000000,  0.000000,  0.000000,  0.000000,  0.000000,  0.000000,  0.000000,  0.000000,  0.000000,  0.000000,  0.000000,  0.000000,  0.000000,  0.000000,  0.000000,  0.000000,  0.000000 ]
checksum = 1.000000
Repeated 3 time
f2=0.607315 a2=0.392685
f3=0.179945 a3=0.212740
f4=0.075914 a4=0.136826
f5=0.038868 a5=0.097958
f6=0.022493 a6=0.075465
f7=0.014165 a7=0.061300
f8=0.009489 a8=0.051811
f9=0.006665 a9=0.045146
f10=0.004859 a10=0.040288
f11=0.003650 a11=0.036637
f12=0.002812 a12=0.033826
f13=0.002211 a13=0.031614
f14=0.001771 a14=0.029844
f15=0.001440 a15=0.028404
f16=0.001186 a16=0.027218
f17=0.000989 a17=0.026229
f18=0.000833 a18=0.025396
f19=0.000708 a19=0.024688
f20=0.000607 a20=0.024080
f21=0.000525 a21=0.023556
f22=0.000456 a22=0.023099
f23=0.000399 a23=0.022700
f24=0.000351 a24=0.022349
f25=0.000311 a25=0.022038
f26=0.000276 a26=0.021761
f27=0.000247 a27=0.021514
f28=0.000221 a28=0.021293
f29=0.000199 a29=0.021094
f30=0.000180 a30=0.020914
f31=0.000163 a31=0.020751
f32=0.000148 a32=0.020603
f33=0.000135 a33=0.020467
f34=0.000124 a34=0.020344
f35=0.000113 a35=0.020230
f36=0.000104 a36=0.020126
f37=0.000096 a37=0.020030
f38=0.000089 a38=0.019942
f39=0.000082 a39=0.019860
f40=0.000076 a40=0.019784
f41=0.000070 a41=0.019713
f42=0.000066 a42=0.019648
f43=0.000061 a43=0.019587
f44=0.000057 a44=0.019530
f45=0.000053 a45=0.019476
f46=0.000050 a46=0.019427
f47=0.000047 a47=0.019380
f48=0.000044 a48=0.019336
f49=0.000041 a49=0.019295
f50=0.019295
[ 0.607315,  0.179945,  0.075914,  0.038868,  0.022493,  0.014165,  0.009489,  0.006665,  0.004859,  0.003650,  0.002812,  0.002211,  0.001771,  0.001440,  0.001186,  0.000989,  0.000833,  0.000708,  0.000607,  0.000525,  0.000456,  0.000399,  0.000351,  0.000311,  0.000276,  0.000247,  0.000221,  0.000199,  0.000180,  0.000163,  0.000148,  0.000135,  0.000124,  0.000113,  0.000104,  0.000096,  0.000089,  0.000082,  0.000076,  0.000070,  0.000066,  0.000061,  0.000057,  0.000053,  0.000050,  0.000047,  0.000044,  0.000041, 0.019295]
0.019295 == 0.019295

total 91673 nodes
[ 0.050746,  0.571979,  0.170661,  0.069061,  0.044931,  0.020202,  0.012076,  0.010319,  0.006938,  0.005083,  0.002236,  0.002116,  0.003512,  0.001145,  0.001996,  0.001713,  0.000742,  0.001222,  0.001025,  0.000687,  0.000458,  0.000000,  0.000055,  0.001222,  0.000840,  0.000087,  0.000535,  0.000000,  0.000087,  0.000033,  0.000458,  0.000033,  0.000011,  0.000382,  0.000142,  0.000120,  0.000076,  0.000164,  0.000251,  0.000349,  0.000207,  0.000065,  0.000055,  0.000349,  0.000175,  0.000055,  0.000185,  0.000284,  0.002913,  0.012021,  0.000000,  0.000000,  0.000000,  0.000000,  0.000000,  0.000000,  0.000000,  0.000000,  0.000000,  0.000000,  0.000000,  0.000000,  0.000000,  0.000000,  0.000000,  0.000000,  0.000000,  0.000000,  0.000000,  0.000000,  0.000000,  0.000000,  0.000000,  0.000000,  0.000000,  0.000000,  0.000000,  0.000000,  0.000000,  0.000000,  0.000000,  0.000000,  0.000000,  0.000000,  0.000000,  0.000000,  0.000000,  0.000000,  0.000000,  0.000000,  0.000000,  0.000000,  0.000000,  0.000000,  0.000000,  0.000000,  0.000000,  0.000000,  0.000000,  0.000000,  0.000000,  0.000000,  0.000000,  0.000000,  0.000000,  0.000000,  0.000000,  0.000000,  0.000000,  0.000000,  0.000000,  0.000000,  0.000000,  0.000000,  0.000000,  0.000000,  0.000000,  0.000000,  0.000000,  0.000000,  0.000000,  0.000000,  0.000000,  0.000000,  0.000000,  0.000000,  0.000000,  0.000000,  0.000000,  0.000000,  0.000000,  0.000000,  0.000000,  0.000000,  0.000000,  0.000000,  0.000000,  0.000000,  0.000000,  0.000000,  0.000000,  0.000000,  0.000000,  0.000000,  0.000000,  0.000000,  0.000000,  0.000000,  0.000000,  0.000000,  0.000000,  0.000000,  0.000000,  0.000000,  0.000000,  0.000000,  0.000000,  0.000000,  0.000000,  0.000000,  0.000000,  0.000000,  0.000000,  0.000000,  0.000000,  0.000000,  0.000000,  0.000000,  0.000000,  0.000000,  0.000000,  0.000000,  0.000000,  0.000000,  0.000000,  0.000000,  0.000000,  0.000000,  0.000000,  0.000000,  0.000000,  0.000000,  0.000000,  0.000000,  0.000000,  0.000000,  0.000000,  0.000000,  0.000000,  0.000000,  0.000000,  0.000000,  0.000000,  0.000000,  0.000000,  0.000000,  0.000000,  0.000000,  0.000000,  0.000000,  0.000000,  0.000000,  0.000000,  0.000000,  0.000000,  0.000000,  0.000000,  0.000000,  0.000000,  0.000000,  0.000000,  0.000000,  0.000000,  0.000000,  0.000000,  0.000000,  0.000000,  0.000000,  0.000000,  0.000000,  0.000000,  0.000000,  0.000000,  0.000000,  0.000000,  0.000000,  0.000000,  0.000000,  0.000000,  0.000000,  0.000000,  0.000000,  0.000000,  0.000000,  0.000000,  0.000000,  0.000000,  0.000000,  0.000000,  0.000000,  0.000000,  0.000000,  0.000000,  0.000000,  0.000000,  0.000000,  0.000000,  0.000000,  0.000000,  0.000000,  0.000000,  0.000000,  0.000000,  0.000000,  0.000000,  0.000000,  0.000000,  0.000000,  0.000000,  0.000000,  0.000000,  0.000000,  0.000000,  0.000000,  0.000000,  0.000000,  0.000000,  0.000000,  0.000000,  0.000000,  0.000000,  0.000000,  0.000000,  0.000000,  0.000000,  0.000000,  0.000000,  0.000000,  0.000000,  0.000000,  0.000000,  0.000000,  0.000000,  0.000000,  0.000000,  0.000000,  0.000000,  0.000000,  0.000000,  0.000000,  0.000000,  0.000000,  0.000000,  0.000000,  0.000000,  0.000000,  0.000000,  0.000000,  0.000000,  0.000000,  0.000000,  0.000000,  0.000000,  0.000000,  0.000000,  0.000000,  0.000000,  0.000000,  0.000000,  0.000000,  0.000000,  0.000000,  0.000000,  0.000000,  0.000000,  0.000000,  0.000000,  0.000000,  0.000000,  0.000000,  0.000000,  0.000000,  0.000000,  0.000000,  0.000000,  0.000000,  0.000000,  0.000000,  0.000000,  0.000000,  0.000000,  0.000000,  0.000000,  0.000000,  0.000000,  0.000000,  0.000000,  0.000000,  0.000000,  0.000000,  0.000000,  0.000000,  0.000000,  0.000000,  0.000000,  0.000000,  0.000000,  0.000000,  0.000000,  0.000000,  0.000000,  0.000000,  0.000000,  0.000000,  0.000000,  0.000000,  0.000000,  0.000000,  0.000000,  0.000000,  0.000000,  0.000000,  0.000000,  0.000000,  0.000000,  0.000000,  0.000000,  0.000000,  0.000000,  0.000000,  0.000000,  0.000000,  0.000000,  0.000000,  0.000000,  0.000000,  0.000000,  0.000000,  0.000000,  0.000000,  0.000000,  0.000000,  0.000000,  0.000000,  0.000000,  0.000000,  0.000000,  0.000000,  0.000000,  0.000000,  0.000000,  0.000000,  0.000000,  0.000000,  0.000000,  0.000000,  0.000000,  0.000000,  0.000000,  0.000000,  0.000000,  0.000000,  0.000000,  0.000000,  0.000000,  0.000000,  0.000000,  0.000000,  0.000000,  0.000000,  0.000000,  0.000000,  0.000000,  0.000000,  0.000000,  0.000000,  0.000000,  0.000000,  0.000000,  0.000000,  0.000000,  0.000000,  0.000000,  0.000000,  0.000000,  0.000000,  0.000000,  0.000000,  0.000000,  0.000000,  0.000000,  0.000000,  0.000000,  0.000000,  0.000000,  0.000000,  0.000000,  0.000000,  0.000000,  0.000000,  0.000000,  0.000000,  0.000000,  0.000000,  0.000000,  0.000000,  0.000000,  0.000000,  0.000000,  0.000000,  0.000000,  0.000000,  0.000000,  0.000000,  0.000000,  0.000000,  0.000000,  0.000000,  0.000000,  0.000000,  0.000000,  0.000000,  0.000000,  0.000000,  0.000000,  0.000000,  0.000000,  0.000000,  0.000000,  0.000000,  0.000000,  0.000000,  0.000000,  0.000000,  0.000000,  0.000000,  0.000000,  0.000000,  0.000000,  0.000000,  0.000000,  0.000000,  0.000000,  0.000000,  0.000000,  0.000000,  0.000000,  0.000000,  0.000000,  0.000000,  0.000000,  0.000000,  0.000000,  0.000000,  0.000000,  0.000000,  0.000000,  0.000000,  0.000000,  0.000000 ]
checksum = 1.000000
Repeated 4 time
f2=0.607315 a2=0.392685
f3=0.179945 a3=0.212740
f4=0.075914 a4=0.136826
f5=0.038868 a5=0.097958
f6=0.022493 a6=0.075465
f7=0.014165 a7=0.061300
f8=0.009489 a8=0.051811
f9=0.006665 a9=0.045146
f10=0.004859 a10=0.040288
f11=0.003650 a11=0.036637
f12=0.002812 a12=0.033826
f13=0.002211 a13=0.031614
f14=0.001771 a14=0.029844
f15=0.001440 a15=0.028404
f16=0.001186 a16=0.027218
f17=0.000989 a17=0.026229
f18=0.000833 a18=0.025396
f19=0.000708 a19=0.024688
f20=0.000607 a20=0.024080
f21=0.000525 a21=0.023556
f22=0.000456 a22=0.023099
f23=0.000399 a23=0.022700
f24=0.000351 a24=0.022349
f25=0.000311 a25=0.022038
f26=0.000276 a26=0.021761
f27=0.000247 a27=0.021514
f28=0.000221 a28=0.021293
f29=0.000199 a29=0.021094
f30=0.000180 a30=0.020914
f31=0.000163 a31=0.020751
f32=0.000148 a32=0.020603
f33=0.000135 a33=0.020467
f34=0.000124 a34=0.020344
f35=0.000113 a35=0.020230
f36=0.000104 a36=0.020126
f37=0.000096 a37=0.020030
f38=0.000089 a38=0.019942
f39=0.000082 a39=0.019860
f40=0.000076 a40=0.019784
f41=0.000070 a41=0.019713
f42=0.000066 a42=0.019648
f43=0.000061 a43=0.019587
f44=0.000057 a44=0.019530
f45=0.000053 a45=0.019476
f46=0.000050 a46=0.019427
f47=0.000047 a47=0.019380
f48=0.000044 a48=0.019336
f49=0.000041 a49=0.019295
f50=0.019295
[ 0.607315,  0.179945,  0.075914,  0.038868,  0.022493,  0.014165,  0.009489,  0.006665,  0.004859,  0.003650,  0.002812,  0.002211,  0.001771,  0.001440,  0.001186,  0.000989,  0.000833,  0.000708,  0.000607,  0.000525,  0.000456,  0.000399,  0.000351,  0.000311,  0.000276,  0.000247,  0.000221,  0.000199,  0.000180,  0.000163,  0.000148,  0.000135,  0.000124,  0.000113,  0.000104,  0.000096,  0.000089,  0.000082,  0.000076,  0.000070,  0.000066,  0.000061,  0.000057,  0.000053,  0.000050,  0.000047,  0.000044,  0.000041, 0.019295]
0.019295 == 0.019295

total 92179 nodes
[ 0.053385,  0.568622,  0.175127,  0.071329,  0.033272,  0.026091,  0.014320,  0.009655,  0.003775,  0.004969,  0.003428,  0.004350,  0.001041,  0.002354,  0.000477,  0.002376,  0.002983,  0.000043,  0.000293,  0.000087,  0.000466,  0.000792,  0.000282,  0.000108,  0.001020,  0.000206,  0.000477,  0.000065,  0.000141,  0.000163,  0.000477,  0.000304,  0.000076,  0.000076,  0.000325,  0.000000,  0.000282,  0.000423,  0.000022,  0.000705,  0.000000,  0.000119,  0.000098,  0.000195,  0.000195,  0.000065,  0.000163,  0.000293,  0.002712,  0.011771,  0.000000,  0.000000,  0.000000,  0.000000,  0.000000,  0.000000,  0.000000,  0.000000,  0.000000,  0.000000,  0.000000,  0.000000,  0.000000,  0.000000,  0.000000,  0.000000,  0.000000,  0.000000,  0.000000,  0.000000,  0.000000,  0.000000,  0.000000,  0.000000,  0.000000,  0.000000,  0.000000,  0.000000,  0.000000,  0.000000,  0.000000,  0.000000,  0.000000,  0.000000,  0.000000,  0.000000,  0.000000,  0.000000,  0.000000,  0.000000,  0.000000,  0.000000,  0.000000,  0.000000,  0.000000,  0.000000,  0.000000,  0.000000,  0.000000,  0.000000,  0.000000,  0.000000,  0.000000,  0.000000,  0.000000,  0.000000,  0.000000,  0.000000,  0.000000,  0.000000,  0.000000,  0.000000,  0.000000,  0.000000,  0.000000,  0.000000,  0.000000,  0.000000,  0.000000,  0.000000,  0.000000,  0.000000,  0.000000,  0.000000,  0.000000,  0.000000,  0.000000,  0.000000,  0.000000,  0.000000,  0.000000,  0.000000,  0.000000,  0.000000,  0.000000,  0.000000,  0.000000,  0.000000,  0.000000,  0.000000,  0.000000,  0.000000,  0.000000,  0.000000,  0.000000,  0.000000,  0.000000,  0.000000,  0.000000,  0.000000,  0.000000,  0.000000,  0.000000,  0.000000,  0.000000,  0.000000,  0.000000,  0.000000,  0.000000,  0.000000,  0.000000,  0.000000,  0.000000,  0.000000,  0.000000,  0.000000,  0.000000,  0.000000,  0.000000,  0.000000,  0.000000,  0.000000,  0.000000,  0.000000,  0.000000,  0.000000,  0.000000,  0.000000,  0.000000,  0.000000,  0.000000,  0.000000,  0.000000,  0.000000,  0.000000,  0.000000,  0.000000,  0.000000,  0.000000,  0.000000,  0.000000,  0.000000,  0.000000,  0.000000,  0.000000,  0.000000,  0.000000,  0.000000,  0.000000,  0.000000,  0.000000,  0.000000,  0.000000,  0.000000,  0.000000,  0.000000,  0.000000,  0.000000,  0.000000,  0.000000,  0.000000,  0.000000,  0.000000,  0.000000,  0.000000,  0.000000,  0.000000,  0.000000,  0.000000,  0.000000,  0.000000,  0.000000,  0.000000,  0.000000,  0.000000,  0.000000,  0.000000,  0.000000,  0.000000,  0.000000,  0.000000,  0.000000,  0.000000,  0.000000,  0.000000,  0.000000,  0.000000,  0.000000,  0.000000,  0.000000,  0.000000,  0.000000,  0.000000,  0.000000,  0.000000,  0.000000,  0.000000,  0.000000,  0.000000,  0.000000,  0.000000,  0.000000,  0.000000,  0.000000,  0.000000,  0.000000,  0.000000,  0.000000,  0.000000,  0.000000,  0.000000,  0.000000,  0.000000,  0.000000,  0.000000,  0.000000,  0.000000,  0.000000,  0.000000,  0.000000,  0.000000,  0.000000,  0.000000,  0.000000,  0.000000,  0.000000,  0.000000,  0.000000,  0.000000,  0.000000,  0.000000,  0.000000,  0.000000,  0.000000,  0.000000,  0.000000,  0.000000,  0.000000,  0.000000,  0.000000,  0.000000,  0.000000,  0.000000,  0.000000,  0.000000,  0.000000,  0.000000,  0.000000,  0.000000,  0.000000,  0.000000,  0.000000,  0.000000,  0.000000,  0.000000,  0.000000,  0.000000,  0.000000,  0.000000,  0.000000,  0.000000,  0.000000,  0.000000,  0.000000,  0.000000,  0.000000,  0.000000,  0.000000,  0.000000,  0.000000,  0.000000,  0.000000,  0.000000,  0.000000,  0.000000,  0.000000,  0.000000,  0.000000,  0.000000,  0.000000,  0.000000,  0.000000,  0.000000,  0.000000,  0.000000,  0.000000,  0.000000,  0.000000,  0.000000,  0.000000,  0.000000,  0.000000,  0.000000,  0.000000,  0.000000,  0.000000,  0.000000,  0.000000,  0.000000,  0.000000,  0.000000,  0.000000,  0.000000,  0.000000,  0.000000,  0.000000,  0.000000,  0.000000,  0.000000,  0.000000,  0.000000,  0.000000,  0.000000,  0.000000,  0.000000,  0.000000,  0.000000,  0.000000,  0.000000,  0.000000,  0.000000,  0.000000,  0.000000,  0.000000,  0.000000,  0.000000,  0.000000,  0.000000,  0.000000,  0.000000,  0.000000,  0.000000,  0.000000,  0.000000,  0.000000,  0.000000,  0.000000,  0.000000,  0.000000,  0.000000,  0.000000,  0.000000,  0.000000,  0.000000,  0.000000,  0.000000,  0.000000,  0.000000,  0.000000,  0.000000,  0.000000,  0.000000,  0.000000,  0.000000,  0.000000,  0.000000,  0.000000,  0.000000,  0.000000,  0.000000,  0.000000,  0.000000,  0.000000,  0.000000,  0.000000,  0.000000,  0.000000,  0.000000,  0.000000,  0.000000,  0.000000,  0.000000,  0.000000,  0.000000,  0.000000,  0.000000,  0.000000,  0.000000,  0.000000,  0.000000,  0.000000,  0.000000,  0.000000,  0.000000,  0.000000,  0.000000,  0.000000,  0.000000,  0.000000,  0.000000,  0.000000,  0.000000,  0.000000,  0.000000,  0.000000,  0.000000,  0.000000,  0.000000,  0.000000,  0.000000,  0.000000,  0.000000,  0.000000,  0.000000,  0.000000,  0.000000,  0.000000,  0.000000,  0.000000,  0.000000,  0.000000,  0.000000,  0.000000,  0.000000,  0.000000,  0.000000,  0.000000,  0.000000,  0.000000,  0.000000,  0.000000,  0.000000,  0.000000,  0.000000,  0.000000,  0.000000,  0.000000,  0.000000,  0.000000,  0.000000,  0.000000,  0.000000,  0.000000,  0.000000,  0.000000,  0.000000,  0.000000,  0.000000,  0.000000,  0.000000,  0.000000,  0.000000,  0.000000,  0.000000,  0.000000,  0.000000,  0.000000,  0.000000,  0.000000,  0.000000 ]
checksum = 1.000000
Repeated 5 time
f2=0.607315 a2=0.392685
f3=0.179945 a3=0.212740
f4=0.075914 a4=0.136826
f5=0.038868 a5=0.097958
f6=0.022493 a6=0.075465
f7=0.014165 a7=0.061300
f8=0.009489 a8=0.051811
f9=0.006665 a9=0.045146
f10=0.004859 a10=0.040288
f11=0.003650 a11=0.036637
f12=0.002812 a12=0.033826
f13=0.002211 a13=0.031614
f14=0.001771 a14=0.029844
f15=0.001440 a15=0.028404
f16=0.001186 a16=0.027218
f17=0.000989 a17=0.026229
f18=0.000833 a18=0.025396
f19=0.000708 a19=0.024688
f20=0.000607 a20=0.024080
f21=0.000525 a21=0.023556
f22=0.000456 a22=0.023099
f23=0.000399 a23=0.022700
f24=0.000351 a24=0.022349
f25=0.000311 a25=0.022038
f26=0.000276 a26=0.021761
f27=0.000247 a27=0.021514
f28=0.000221 a28=0.021293
f29=0.000199 a29=0.021094
f30=0.000180 a30=0.020914
f31=0.000163 a31=0.020751
f32=0.000148 a32=0.020603
f33=0.000135 a33=0.020467
f34=0.000124 a34=0.020344
f35=0.000113 a35=0.020230
f36=0.000104 a36=0.020126
f37=0.000096 a37=0.020030
f38=0.000089 a38=0.019942
f39=0.000082 a39=0.019860
f40=0.000076 a40=0.019784
f41=0.000070 a41=0.019713
f42=0.000066 a42=0.019648
f43=0.000061 a43=0.019587
f44=0.000057 a44=0.019530
f45=0.000053 a45=0.019476
f46=0.000050 a46=0.019427
f47=0.000047 a47=0.019380
f48=0.000044 a48=0.019336
f49=0.000041 a49=0.019295
f50=0.019295
[ 0.607315,  0.179945,  0.075914,  0.038868,  0.022493,  0.014165,  0.009489,  0.006665,  0.004859,  0.003650,  0.002812,  0.002211,  0.001771,  0.001440,  0.001186,  0.000989,  0.000833,  0.000708,  0.000607,  0.000525,  0.000456,  0.000399,  0.000351,  0.000311,  0.000276,  0.000247,  0.000221,  0.000199,  0.000180,  0.000163,  0.000148,  0.000135,  0.000124,  0.000113,  0.000104,  0.000096,  0.000089,  0.000082,  0.000076,  0.000070,  0.000066,  0.000061,  0.000057,  0.000053,  0.000050,  0.000047,  0.000044,  0.000041, 0.019295]
0.019295 == 0.019295

total 91644 nodes
[ 0.052769,  0.570316,  0.176771,  0.065558,  0.038748,  0.023351,  0.010388,  0.013454,  0.002662,  0.006733,  0.003339,  0.002652,  0.001222,  0.003219,  0.000524,  0.000600,  0.002957,  0.001091,  0.000447,  0.000436,  0.000764,  0.001473,  0.001375,  0.000251,  0.000076,  0.000415,  0.000153,  0.000426,  0.000186,  0.000055,  0.000131,  0.000262,  0.000316,  0.000251,  0.000033,  0.000033,  0.000251,  0.000055,  0.000240,  0.000065,  0.000011,  0.000087,  0.000447,  0.000164,  0.000229,  0.000109,  0.000087,  0.000851,  0.002608,  0.011359,  0.000000,  0.000000,  0.000000,  0.000000,  0.000000,  0.000000,  0.000000,  0.000000,  0.000000,  0.000000,  0.000000,  0.000000,  0.000000,  0.000000,  0.000000,  0.000000,  0.000000,  0.000000,  0.000000,  0.000000,  0.000000,  0.000000,  0.000000,  0.000000,  0.000000,  0.000000,  0.000000,  0.000000,  0.000000,  0.000000,  0.000000,  0.000000,  0.000000,  0.000000,  0.000000,  0.000000,  0.000000,  0.000000,  0.000000,  0.000000,  0.000000,  0.000000,  0.000000,  0.000000,  0.000000,  0.000000,  0.000000,  0.000000,  0.000000,  0.000000,  0.000000,  0.000000,  0.000000,  0.000000,  0.000000,  0.000000,  0.000000,  0.000000,  0.000000,  0.000000,  0.000000,  0.000000,  0.000000,  0.000000,  0.000000,  0.000000,  0.000000,  0.000000,  0.000000,  0.000000,  0.000000,  0.000000,  0.000000,  0.000000,  0.000000,  0.000000,  0.000000,  0.000000,  0.000000,  0.000000,  0.000000,  0.000000,  0.000000,  0.000000,  0.000000,  0.000000,  0.000000,  0.000000,  0.000000,  0.000000,  0.000000,  0.000000,  0.000000,  0.000000,  0.000000,  0.000000,  0.000000,  0.000000,  0.000000,  0.000000,  0.000000,  0.000000,  0.000000,  0.000000,  0.000000,  0.000000,  0.000000,  0.000000,  0.000000,  0.000000,  0.000000,  0.000000,  0.000000,  0.000000,  0.000000,  0.000000,  0.000000,  0.000000,  0.000000,  0.000000,  0.000000,  0.000000,  0.000000,  0.000000,  0.000000,  0.000000,  0.000000,  0.000000,  0.000000,  0.000000,  0.000000,  0.000000,  0.000000,  0.000000,  0.000000,  0.000000,  0.000000,  0.000000,  0.000000,  0.000000,  0.000000,  0.000000,  0.000000,  0.000000,  0.000000,  0.000000,  0.000000,  0.000000,  0.000000,  0.000000,  0.000000,  0.000000,  0.000000,  0.000000,  0.000000,  0.000000,  0.000000,  0.000000,  0.000000,  0.000000,  0.000000,  0.000000,  0.000000,  0.000000,  0.000000,  0.000000,  0.000000,  0.000000,  0.000000,  0.000000,  0.000000,  0.000000,  0.000000,  0.000000,  0.000000,  0.000000,  0.000000,  0.000000,  0.000000,  0.000000,  0.000000,  0.000000,  0.000000,  0.000000,  0.000000,  0.000000,  0.000000,  0.000000,  0.000000,  0.000000,  0.000000,  0.000000,  0.000000,  0.000000,  0.000000,  0.000000,  0.000000,  0.000000,  0.000000,  0.000000,  0.000000,  0.000000,  0.000000,  0.000000,  0.000000,  0.000000,  0.000000,  0.000000,  0.000000,  0.000000,  0.000000,  0.000000,  0.000000,  0.000000,  0.000000,  0.000000,  0.000000,  0.000000,  0.000000,  0.000000,  0.000000,  0.000000,  0.000000,  0.000000,  0.000000,  0.000000,  0.000000,  0.000000,  0.000000,  0.000000,  0.000000,  0.000000,  0.000000,  0.000000,  0.000000,  0.000000,  0.000000,  0.000000,  0.000000,  0.000000,  0.000000,  0.000000,  0.000000,  0.000000,  0.000000,  0.000000,  0.000000,  0.000000,  0.000000,  0.000000,  0.000000,  0.000000,  0.000000,  0.000000,  0.000000,  0.000000,  0.000000,  0.000000,  0.000000,  0.000000,  0.000000,  0.000000,  0.000000,  0.000000,  0.000000,  0.000000,  0.000000,  0.000000,  0.000000,  0.000000,  0.000000,  0.000000,  0.000000,  0.000000,  0.000000,  0.000000,  0.000000,  0.000000,  0.000000,  0.000000,  0.000000,  0.000000,  0.000000,  0.000000,  0.000000,  0.000000,  0.000000,  0.000000,  0.000000,  0.000000,  0.000000,  0.000000,  0.000000,  0.000000,  0.000000,  0.000000,  0.000000,  0.000000,  0.000000,  0.000000,  0.000000,  0.000000,  0.000000,  0.000000,  0.000000,  0.000000,  0.000000,  0.000000,  0.000000,  0.000000,  0.000000,  0.000000,  0.000000,  0.000000,  0.000000,  0.000000,  0.000000,  0.000000,  0.000000,  0.000000,  0.000000,  0.000000,  0.000000,  0.000000,  0.000000,  0.000000,  0.000000,  0.000000,  0.000000,  0.000000,  0.000000,  0.000000,  0.000000,  0.000000,  0.000000,  0.000000,  0.000000,  0.000000,  0.000000,  0.000000,  0.000000,  0.000000,  0.000000,  0.000000,  0.000000,  0.000000,  0.000000,  0.000000,  0.000000,  0.000000,  0.000000,  0.000000,  0.000000,  0.000000,  0.000000,  0.000000,  0.000000,  0.000000,  0.000000,  0.000000,  0.000000,  0.000000,  0.000000,  0.000000,  0.000000,  0.000000,  0.000000,  0.000000,  0.000000,  0.000000,  0.000000,  0.000000,  0.000000,  0.000000,  0.000000,  0.000000,  0.000000,  0.000000,  0.000000,  0.000000,  0.000000,  0.000000,  0.000000,  0.000000,  0.000000,  0.000000,  0.000000,  0.000000,  0.000000,  0.000000,  0.000000,  0.000000,  0.000000,  0.000000,  0.000000,  0.000000,  0.000000,  0.000000,  0.000000,  0.000000,  0.000000,  0.000000,  0.000000,  0.000000,  0.000000,  0.000000,  0.000000,  0.000000,  0.000000,  0.000000,  0.000000,  0.000000,  0.000000,  0.000000,  0.000000,  0.000000,  0.000000,  0.000000,  0.000000,  0.000000,  0.000000,  0.000000,  0.000000,  0.000000,  0.000000,  0.000000,  0.000000,  0.000000,  0.000000,  0.000000,  0.000000,  0.000000,  0.000000,  0.000000,  0.000000,  0.000000,  0.000000,  0.000000,  0.000000,  0.000000,  0.000000,  0.000000,  0.000000,  0.000000,  0.000000,  0.000000,  0.000000,  0.000000,  0.000000,  0.000000 ]
checksum = 1.000000
Repeated 6 time
f2=0.607315 a2=0.392685
f3=0.179945 a3=0.212740
f4=0.075914 a4=0.136826
f5=0.038868 a5=0.097958
f6=0.022493 a6=0.075465
f7=0.014165 a7=0.061300
f8=0.009489 a8=0.051811
f9=0.006665 a9=0.045146
f10=0.004859 a10=0.040288
f11=0.003650 a11=0.036637
f12=0.002812 a12=0.033826
f13=0.002211 a13=0.031614
f14=0.001771 a14=0.029844
f15=0.001440 a15=0.028404
f16=0.001186 a16=0.027218
f17=0.000989 a17=0.026229
f18=0.000833 a18=0.025396
f19=0.000708 a19=0.024688
f20=0.000607 a20=0.024080
f21=0.000525 a21=0.023556
f22=0.000456 a22=0.023099
f23=0.000399 a23=0.022700
f24=0.000351 a24=0.022349
f25=0.000311 a25=0.022038
f26=0.000276 a26=0.021761
f27=0.000247 a27=0.021514
f28=0.000221 a28=0.021293
f29=0.000199 a29=0.021094
f30=0.000180 a30=0.020914
f31=0.000163 a31=0.020751
f32=0.000148 a32=0.020603
f33=0.000135 a33=0.020467
f34=0.000124 a34=0.020344
f35=0.000113 a35=0.020230
f36=0.000104 a36=0.020126
f37=0.000096 a37=0.020030
f38=0.000089 a38=0.019942
f39=0.000082 a39=0.019860
f40=0.000076 a40=0.019784
f41=0.000070 a41=0.019713
f42=0.000066 a42=0.019648
f43=0.000061 a43=0.019587
f44=0.000057 a44=0.019530
f45=0.000053 a45=0.019476
f46=0.000050 a46=0.019427
f47=0.000047 a47=0.019380
f48=0.000044 a48=0.019336
f49=0.000041 a49=0.019295
f50=0.019295
[ 0.607315,  0.179945,  0.075914,  0.038868,  0.022493,  0.014165,  0.009489,  0.006665,  0.004859,  0.003650,  0.002812,  0.002211,  0.001771,  0.001440,  0.001186,  0.000989,  0.000833,  0.000708,  0.000607,  0.000525,  0.000456,  0.000399,  0.000351,  0.000311,  0.000276,  0.000247,  0.000221,  0.000199,  0.000180,  0.000163,  0.000148,  0.000135,  0.000124,  0.000113,  0.000104,  0.000096,  0.000089,  0.000082,  0.000076,  0.000070,  0.000066,  0.000061,  0.000057,  0.000053,  0.000050,  0.000047,  0.000044,  0.000041, 0.019295]
0.019295 == 0.019295

total 91941 nodes
[ 0.051794,  0.575837,  0.166204,  0.069675,  0.037133,  0.025864,  0.014466,  0.008179,  0.005786,  0.006363,  0.003470,  0.000555,  0.003970,  0.002034,  0.000587,  0.002567,  0.000903,  0.000533,  0.000685,  0.000870,  0.000348,  0.000881,  0.000413,  0.000424,  0.000131,  0.000479,  0.000228,  0.001273,  0.000261,  0.000326,  0.000207,  0.000337,  0.000120,  0.000370,  0.000196,  0.000076,  0.000196,  0.000141,  0.000326,  0.000011,  0.000011,  0.000022,  0.000326,  0.000076,  0.000022,  0.000239,  0.000141,  0.000337,  0.002523,  0.012084,  0.000000,  0.000000,  0.000000,  0.000000,  0.000000,  0.000000,  0.000000,  0.000000,  0.000000,  0.000000,  0.000000,  0.000000,  0.000000,  0.000000,  0.000000,  0.000000,  0.000000,  0.000000,  0.000000,  0.000000,  0.000000,  0.000000,  0.000000,  0.000000,  0.000000,  0.000000,  0.000000,  0.000000,  0.000000,  0.000000,  0.000000,  0.000000,  0.000000,  0.000000,  0.000000,  0.000000,  0.000000,  0.000000,  0.000000,  0.000000,  0.000000,  0.000000,  0.000000,  0.000000,  0.000000,  0.000000,  0.000000,  0.000000,  0.000000,  0.000000,  0.000000,  0.000000,  0.000000,  0.000000,  0.000000,  0.000000,  0.000000,  0.000000,  0.000000,  0.000000,  0.000000,  0.000000,  0.000000,  0.000000,  0.000000,  0.000000,  0.000000,  0.000000,  0.000000,  0.000000,  0.000000,  0.000000,  0.000000,  0.000000,  0.000000,  0.000000,  0.000000,  0.000000,  0.000000,  0.000000,  0.000000,  0.000000,  0.000000,  0.000000,  0.000000,  0.000000,  0.000000,  0.000000,  0.000000,  0.000000,  0.000000,  0.000000,  0.000000,  0.000000,  0.000000,  0.000000,  0.000000,  0.000000,  0.000000,  0.000000,  0.000000,  0.000000,  0.000000,  0.000000,  0.000000,  0.000000,  0.000000,  0.000000,  0.000000,  0.000000,  0.000000,  0.000000,  0.000000,  0.000000,  0.000000,  0.000000,  0.000000,  0.000000,  0.000000,  0.000000,  0.000000,  0.000000,  0.000000,  0.000000,  0.000000,  0.000000,  0.000000,  0.000000,  0.000000,  0.000000,  0.000000,  0.000000,  0.000000,  0.000000,  0.000000,  0.000000,  0.000000,  0.000000,  0.000000,  0.000000,  0.000000,  0.000000,  0.000000,  0.000000,  0.000000,  0.000000,  0.000000,  0.000000,  0.000000,  0.000000,  0.000000,  0.000000,  0.000000,  0.000000,  0.000000,  0.000000,  0.000000,  0.000000,  0.000000,  0.000000,  0.000000,  0.000000,  0.000000,  0.000000,  0.000000,  0.000000,  0.000000,  0.000000,  0.000000,  0.000000,  0.000000,  0.000000,  0.000000,  0.000000,  0.000000,  0.000000,  0.000000,  0.000000,  0.000000,  0.000000,  0.000000,  0.000000,  0.000000,  0.000000,  0.000000,  0.000000,  0.000000,  0.000000,  0.000000,  0.000000,  0.000000,  0.000000,  0.000000,  0.000000,  0.000000,  0.000000,  0.000000,  0.000000,  0.000000,  0.000000,  0.000000,  0.000000,  0.000000,  0.000000,  0.000000,  0.000000,  0.000000,  0.000000,  0.000000,  0.000000,  0.000000,  0.000000,  0.000000,  0.000000,  0.000000,  0.000000,  0.000000,  0.000000,  0.000000,  0.000000,  0.000000,  0.000000,  0.000000,  0.000000,  0.000000,  0.000000,  0.000000,  0.000000,  0.000000,  0.000000,  0.000000,  0.000000,  0.000000,  0.000000,  0.000000,  0.000000,  0.000000,  0.000000,  0.000000,  0.000000,  0.000000,  0.000000,  0.000000,  0.000000,  0.000000,  0.000000,  0.000000,  0.000000,  0.000000,  0.000000,  0.000000,  0.000000,  0.000000,  0.000000,  0.000000,  0.000000,  0.000000,  0.000000,  0.000000,  0.000000,  0.000000,  0.000000,  0.000000,  0.000000,  0.000000,  0.000000,  0.000000,  0.000000,  0.000000,  0.000000,  0.000000,  0.000000,  0.000000,  0.000000,  0.000000,  0.000000,  0.000000,  0.000000,  0.000000,  0.000000,  0.000000,  0.000000,  0.000000,  0.000000,  0.000000,  0.000000,  0.000000,  0.000000,  0.000000,  0.000000,  0.000000,  0.000000,  0.000000,  0.000000,  0.000000,  0.000000,  0.000000,  0.000000,  0.000000,  0.000000,  0.000000,  0.000000,  0.000000,  0.000000,  0.000000,  0.000000,  0.000000,  0.000000,  0.000000,  0.000000,  0.000000,  0.000000,  0.000000,  0.000000,  0.000000,  0.000000,  0.000000,  0.000000,  0.000000,  0.000000,  0.000000,  0.000000,  0.000000,  0.000000,  0.000000,  0.000000,  0.000000,  0.000000,  0.000000,  0.000000,  0.000000,  0.000000,  0.000000,  0.000000,  0.000000,  0.000000,  0.000000,  0.000000,  0.000000,  0.000000,  0.000000,  0.000000,  0.000000,  0.000000,  0.000000,  0.000000,  0.000000,  0.000000,  0.000000,  0.000000,  0.000000,  0.000000,  0.000000,  0.000000,  0.000000,  0.000000,  0.000000,  0.000000,  0.000000,  0.000000,  0.000000,  0.000000,  0.000000,  0.000000,  0.000000,  0.000000,  0.000000,  0.000000,  0.000000,  0.000000,  0.000000,  0.000000,  0.000000,  0.000000,  0.000000,  0.000000,  0.000000,  0.000000,  0.000000,  0.000000,  0.000000,  0.000000,  0.000000,  0.000000,  0.000000,  0.000000,  0.000000,  0.000000,  0.000000,  0.000000,  0.000000,  0.000000,  0.000000,  0.000000,  0.000000,  0.000000,  0.000000,  0.000000,  0.000000,  0.000000,  0.000000,  0.000000,  0.000000,  0.000000,  0.000000,  0.000000,  0.000000,  0.000000,  0.000000,  0.000000,  0.000000,  0.000000,  0.000000,  0.000000,  0.000000,  0.000000,  0.000000,  0.000000,  0.000000,  0.000000,  0.000000,  0.000000,  0.000000,  0.000000,  0.000000,  0.000000,  0.000000,  0.000000,  0.000000,  0.000000,  0.000000,  0.000000,  0.000000,  0.000000,  0.000000,  0.000000,  0.000000,  0.000000,  0.000000,  0.000000,  0.000000,  0.000000,  0.000000,  0.000000,  0.000000,  0.000000,  0.000000,  0.000000,  0.000000,  0.000000 ]
checksum = 1.000000
Repeated 7 time
f2=0.607315 a2=0.392685
f3=0.179945 a3=0.212740
f4=0.075914 a4=0.136826
f5=0.038868 a5=0.097958
f6=0.022493 a6=0.075465
f7=0.014165 a7=0.061300
f8=0.009489 a8=0.051811
f9=0.006665 a9=0.045146
f10=0.004859 a10=0.040288
f11=0.003650 a11=0.036637
f12=0.002812 a12=0.033826
f13=0.002211 a13=0.031614
f14=0.001771 a14=0.029844
f15=0.001440 a15=0.028404
f16=0.001186 a16=0.027218
f17=0.000989 a17=0.026229
f18=0.000833 a18=0.025396
f19=0.000708 a19=0.024688
f20=0.000607 a20=0.024080
f21=0.000525 a21=0.023556
f22=0.000456 a22=0.023099
f23=0.000399 a23=0.022700
f24=0.000351 a24=0.022349
f25=0.000311 a25=0.022038
f26=0.000276 a26=0.021761
f27=0.000247 a27=0.021514
f28=0.000221 a28=0.021293
f29=0.000199 a29=0.021094
f30=0.000180 a30=0.020914
f31=0.000163 a31=0.020751
f32=0.000148 a32=0.020603
f33=0.000135 a33=0.020467
f34=0.000124 a34=0.020344
f35=0.000113 a35=0.020230
f36=0.000104 a36=0.020126
f37=0.000096 a37=0.020030
f38=0.000089 a38=0.019942
f39=0.000082 a39=0.019860
f40=0.000076 a40=0.019784
f41=0.000070 a41=0.019713
f42=0.000066 a42=0.019648
f43=0.000061 a43=0.019587
f44=0.000057 a44=0.019530
f45=0.000053 a45=0.019476
f46=0.000050 a46=0.019427
f47=0.000047 a47=0.019380
f48=0.000044 a48=0.019336
f49=0.000041 a49=0.019295
f50=0.019295
[ 0.607315,  0.179945,  0.075914,  0.038868,  0.022493,  0.014165,  0.009489,  0.006665,  0.004859,  0.003650,  0.002812,  0.002211,  0.001771,  0.001440,  0.001186,  0.000989,  0.000833,  0.000708,  0.000607,  0.000525,  0.000456,  0.000399,  0.000351,  0.000311,  0.000276,  0.000247,  0.000221,  0.000199,  0.000180,  0.000163,  0.000148,  0.000135,  0.000124,  0.000113,  0.000104,  0.000096,  0.000089,  0.000082,  0.000076,  0.000070,  0.000066,  0.000061,  0.000057,  0.000053,  0.000050,  0.000047,  0.000044,  0.000041, 0.019295]
0.019295 == 0.019295

total 91279 nodes
[ 0.056563,  0.566450,  0.169075,  0.077280,  0.036339,  0.023762,  0.009630,  0.010747,  0.006727,  0.003922,  0.003265,  0.003834,  0.000953,  0.001304,  0.003681,  0.000219,  0.001150,  0.000723,  0.000351,  0.001643,  0.001819,  0.000164,  0.000186,  0.000022,  0.000515,  0.000022,  0.000142,  0.000800,  0.000329,  0.000197,  0.000416,  0.000175,  0.000022,  0.000438,  0.000515,  0.000285,  0.000581,  0.000022,  0.000460,  0.000055,  0.000329,  0.000066,  0.000088,  0.000055,  0.000000,  0.000285,  0.000011,  0.000252,  0.002673,  0.011459,  0.000000,  0.000000,  0.000000,  0.000000,  0.000000,  0.000000,  0.000000,  0.000000,  0.000000,  0.000000,  0.000000,  0.000000,  0.000000,  0.000000,  0.000000,  0.000000,  0.000000,  0.000000,  0.000000,  0.000000,  0.000000,  0.000000,  0.000000,  0.000000,  0.000000,  0.000000,  0.000000,  0.000000,  0.000000,  0.000000,  0.000000,  0.000000,  0.000000,  0.000000,  0.000000,  0.000000,  0.000000,  0.000000,  0.000000,  0.000000,  0.000000,  0.000000,  0.000000,  0.000000,  0.000000,  0.000000,  0.000000,  0.000000,  0.000000,  0.000000,  0.000000,  0.000000,  0.000000,  0.000000,  0.000000,  0.000000,  0.000000,  0.000000,  0.000000,  0.000000,  0.000000,  0.000000,  0.000000,  0.000000,  0.000000,  0.000000,  0.000000,  0.000000,  0.000000,  0.000000,  0.000000,  0.000000,  0.000000,  0.000000,  0.000000,  0.000000,  0.000000,  0.000000,  0.000000,  0.000000,  0.000000,  0.000000,  0.000000,  0.000000,  0.000000,  0.000000,  0.000000,  0.000000,  0.000000,  0.000000,  0.000000,  0.000000,  0.000000,  0.000000,  0.000000,  0.000000,  0.000000,  0.000000,  0.000000,  0.000000,  0.000000,  0.000000,  0.000000,  0.000000,  0.000000,  0.000000,  0.000000,  0.000000,  0.000000,  0.000000,  0.000000,  0.000000,  0.000000,  0.000000,  0.000000,  0.000000,  0.000000,  0.000000,  0.000000,  0.000000,  0.000000,  0.000000,  0.000000,  0.000000,  0.000000,  0.000000,  0.000000,  0.000000,  0.000000,  0.000000,  0.000000,  0.000000,  0.000000,  0.000000,  0.000000,  0.000000,  0.000000,  0.000000,  0.000000,  0.000000,  0.000000,  0.000000,  0.000000,  0.000000,  0.000000,  0.000000,  0.000000,  0.000000,  0.000000,  0.000000,  0.000000,  0.000000,  0.000000,  0.000000,  0.000000,  0.000000,  0.000000,  0.000000,  0.000000,  0.000000,  0.000000,  0.000000,  0.000000,  0.000000,  0.000000,  0.000000,  0.000000,  0.000000,  0.000000,  0.000000,  0.000000,  0.000000,  0.000000,  0.000000,  0.000000,  0.000000,  0.000000,  0.000000,  0.000000,  0.000000,  0.000000,  0.000000,  0.000000,  0.000000,  0.000000,  0.000000,  0.000000,  0.000000,  0.000000,  0.000000,  0.000000,  0.000000,  0.000000,  0.000000,  0.000000,  0.000000,  0.000000,  0.000000,  0.000000,  0.000000,  0.000000,  0.000000,  0.000000,  0.000000,  0.000000,  0.000000,  0.000000,  0.000000,  0.000000,  0.000000,  0.000000,  0.000000,  0.000000,  0.000000,  0.000000,  0.000000,  0.000000,  0.000000,  0.000000,  0.000000,  0.000000,  0.000000,  0.000000,  0.000000,  0.000000,  0.000000,  0.000000,  0.000000,  0.000000,  0.000000,  0.000000,  0.000000,  0.000000,  0.000000,  0.000000,  0.000000,  0.000000,  0.000000,  0.000000,  0.000000,  0.000000,  0.000000,  0.000000,  0.000000,  0.000000,  0.000000,  0.000000,  0.000000,  0.000000,  0.000000,  0.000000,  0.000000,  0.000000,  0.000000,  0.000000,  0.000000,  0.000000,  0.000000,  0.000000,  0.000000,  0.000000,  0.000000,  0.000000,  0.000000,  0.000000,  0.000000,  0.000000,  0.000000,  0.000000,  0.000000,  0.000000,  0.000000,  0.000000,  0.000000,  0.000000,  0.000000,  0.000000,  0.000000,  0.000000,  0.000000,  0.000000,  0.000000,  0.000000,  0.000000,  0.000000,  0.000000,  0.000000,  0.000000,  0.000000,  0.000000,  0.000000,  0.000000,  0.000000,  0.000000,  0.000000,  0.000000,  0.000000,  0.000000,  0.000000,  0.000000,  0.000000,  0.000000,  0.000000,  0.000000,  0.000000,  0.000000,  0.000000,  0.000000,  0.000000,  0.000000,  0.000000,  0.000000,  0.000000,  0.000000,  0.000000,  0.000000,  0.000000,  0.000000,  0.000000,  0.000000,  0.000000,  0.000000,  0.000000,  0.000000,  0.000000,  0.000000,  0.000000,  0.000000,  0.000000,  0.000000,  0.000000,  0.000000,  0.000000,  0.000000,  0.000000,  0.000000,  0.000000,  0.000000,  0.000000,  0.000000,  0.000000,  0.000000,  0.000000,  0.000000,  0.000000,  0.000000,  0.000000,  0.000000,  0.000000,  0.000000,  0.000000,  0.000000,  0.000000,  0.000000,  0.000000,  0.000000,  0.000000,  0.000000,  0.000000,  0.000000,  0.000000,  0.000000,  0.000000,  0.000000,  0.000000,  0.000000,  0.000000,  0.000000,  0.000000,  0.000000,  0.000000,  0.000000,  0.000000,  0.000000,  0.000000,  0.000000,  0.000000,  0.000000,  0.000000,  0.000000,  0.000000,  0.000000,  0.000000,  0.000000,  0.000000,  0.000000,  0.000000,  0.000000,  0.000000,  0.000000,  0.000000,  0.000000,  0.000000,  0.000000,  0.000000,  0.000000,  0.000000,  0.000000,  0.000000,  0.000000,  0.000000,  0.000000,  0.000000,  0.000000,  0.000000,  0.000000,  0.000000,  0.000000,  0.000000,  0.000000,  0.000000,  0.000000,  0.000000,  0.000000,  0.000000,  0.000000,  0.000000,  0.000000,  0.000000,  0.000000,  0.000000,  0.000000,  0.000000,  0.000000,  0.000000,  0.000000,  0.000000,  0.000000,  0.000000,  0.000000,  0.000000,  0.000000,  0.000000,  0.000000,  0.000000,  0.000000,  0.000000,  0.000000,  0.000000,  0.000000,  0.000000,  0.000000,  0.000000,  0.000000,  0.000000,  0.000000,  0.000000,  0.000000,  0.000000,  0.000000 ]
checksum = 1.000000
Repeated 8 time
f2=0.607315 a2=0.392685
f3=0.179945 a3=0.212740
f4=0.075914 a4=0.136826
f5=0.038868 a5=0.097958
f6=0.022493 a6=0.075465
f7=0.014165 a7=0.061300
f8=0.009489 a8=0.051811
f9=0.006665 a9=0.045146
f10=0.004859 a10=0.040288
f11=0.003650 a11=0.036637
f12=0.002812 a12=0.033826
f13=0.002211 a13=0.031614
f14=0.001771 a14=0.029844
f15=0.001440 a15=0.028404
f16=0.001186 a16=0.027218
f17=0.000989 a17=0.026229
f18=0.000833 a18=0.025396
f19=0.000708 a19=0.024688
f20=0.000607 a20=0.024080
f21=0.000525 a21=0.023556
f22=0.000456 a22=0.023099
f23=0.000399 a23=0.022700
f24=0.000351 a24=0.022349
f25=0.000311 a25=0.022038
f26=0.000276 a26=0.021761
f27=0.000247 a27=0.021514
f28=0.000221 a28=0.021293
f29=0.000199 a29=0.021094
f30=0.000180 a30=0.020914
f31=0.000163 a31=0.020751
f32=0.000148 a32=0.020603
f33=0.000135 a33=0.020467
f34=0.000124 a34=0.020344
f35=0.000113 a35=0.020230
f36=0.000104 a36=0.020126
f37=0.000096 a37=0.020030
f38=0.000089 a38=0.019942
f39=0.000082 a39=0.019860
f40=0.000076 a40=0.019784
f41=0.000070 a41=0.019713
f42=0.000066 a42=0.019648
f43=0.000061 a43=0.019587
f44=0.000057 a44=0.019530
f45=0.000053 a45=0.019476
f46=0.000050 a46=0.019427
f47=0.000047 a47=0.019380
f48=0.000044 a48=0.019336
f49=0.000041 a49=0.019295
f50=0.019295
[ 0.607315,  0.179945,  0.075914,  0.038868,  0.022493,  0.014165,  0.009489,  0.006665,  0.004859,  0.003650,  0.002812,  0.002211,  0.001771,  0.001440,  0.001186,  0.000989,  0.000833,  0.000708,  0.000607,  0.000525,  0.000456,  0.000399,  0.000351,  0.000311,  0.000276,  0.000247,  0.000221,  0.000199,  0.000180,  0.000163,  0.000148,  0.000135,  0.000124,  0.000113,  0.000104,  0.000096,  0.000089,  0.000082,  0.000076,  0.000070,  0.000066,  0.000061,  0.000057,  0.000053,  0.000050,  0.000047,  0.000044,  0.000041, 0.019295]
0.019295 == 0.019295

total 91913 nodes
[ 0.052484,  0.568516,  0.175470,  0.072688,  0.034674,  0.023131,  0.013970,  0.008203,  0.006114,  0.004646,  0.005984,  0.002219,  0.000359,  0.000860,  0.003090,  0.001947,  0.000740,  0.000044,  0.000827,  0.002013,  0.000272,  0.000838,  0.000533,  0.000065,  0.000446,  0.000261,  0.000533,  0.000620,  0.000914,  0.000098,  0.000120,  0.000370,  0.000120,  0.000000,  0.000120,  0.000326,  0.000381,  0.000588,  0.000261,  0.000065,  0.000054,  0.000022,  0.000044,  0.000087,  0.000348,  0.000174,  0.000011,  0.000044,  0.002633,  0.011674,  0.000000,  0.000000,  0.000000,  0.000000,  0.000000,  0.000000,  0.000000,  0.000000,  0.000000,  0.000000,  0.000000,  0.000000,  0.000000,  0.000000,  0.000000,  0.000000,  0.000000,  0.000000,  0.000000,  0.000000,  0.000000,  0.000000,  0.000000,  0.000000,  0.000000,  0.000000,  0.000000,  0.000000,  0.000000,  0.000000,  0.000000,  0.000000,  0.000000,  0.000000,  0.000000,  0.000000,  0.000000,  0.000000,  0.000000,  0.000000,  0.000000,  0.000000,  0.000000,  0.000000,  0.000000,  0.000000,  0.000000,  0.000000,  0.000000,  0.000000,  0.000000,  0.000000,  0.000000,  0.000000,  0.000000,  0.000000,  0.000000,  0.000000,  0.000000,  0.000000,  0.000000,  0.000000,  0.000000,  0.000000,  0.000000,  0.000000,  0.000000,  0.000000,  0.000000,  0.000000,  0.000000,  0.000000,  0.000000,  0.000000,  0.000000,  0.000000,  0.000000,  0.000000,  0.000000,  0.000000,  0.000000,  0.000000,  0.000000,  0.000000,  0.000000,  0.000000,  0.000000,  0.000000,  0.000000,  0.000000,  0.000000,  0.000000,  0.000000,  0.000000,  0.000000,  0.000000,  0.000000,  0.000000,  0.000000,  0.000000,  0.000000,  0.000000,  0.000000,  0.000000,  0.000000,  0.000000,  0.000000,  0.000000,  0.000000,  0.000000,  0.000000,  0.000000,  0.000000,  0.000000,  0.000000,  0.000000,  0.000000,  0.000000,  0.000000,  0.000000,  0.000000,  0.000000,  0.000000,  0.000000,  0.000000,  0.000000,  0.000000,  0.000000,  0.000000,  0.000000,  0.000000,  0.000000,  0.000000,  0.000000,  0.000000,  0.000000,  0.000000,  0.000000,  0.000000,  0.000000,  0.000000,  0.000000,  0.000000,  0.000000,  0.000000,  0.000000,  0.000000,  0.000000,  0.000000,  0.000000,  0.000000,  0.000000,  0.000000,  0.000000,  0.000000,  0.000000,  0.000000,  0.000000,  0.000000,  0.000000,  0.000000,  0.000000,  0.000000,  0.000000,  0.000000,  0.000000,  0.000000,  0.000000,  0.000000,  0.000000,  0.000000,  0.000000,  0.000000,  0.000000,  0.000000,  0.000000,  0.000000,  0.000000,  0.000000,  0.000000,  0.000000,  0.000000,  0.000000,  0.000000,  0.000000,  0.000000,  0.000000,  0.000000,  0.000000,  0.000000,  0.000000,  0.000000,  0.000000,  0.000000,  0.000000,  0.000000,  0.000000,  0.000000,  0.000000,  0.000000,  0.000000,  0.000000,  0.000000,  0.000000,  0.000000,  0.000000,  0.000000,  0.000000,  0.000000,  0.000000,  0.000000,  0.000000,  0.000000,  0.000000,  0.000000,  0.000000,  0.000000,  0.000000,  0.000000,  0.000000,  0.000000,  0.000000,  0.000000,  0.000000,  0.000000,  0.000000,  0.000000,  0.000000,  0.000000,  0.000000,  0.000000,  0.000000,  0.000000,  0.000000,  0.000000,  0.000000,  0.000000,  0.000000,  0.000000,  0.000000,  0.000000,  0.000000,  0.000000,  0.000000,  0.000000,  0.000000,  0.000000,  0.000000,  0.000000,  0.000000,  0.000000,  0.000000,  0.000000,  0.000000,  0.000000,  0.000000,  0.000000,  0.000000,  0.000000,  0.000000,  0.000000,  0.000000,  0.000000,  0.000000,  0.000000,  0.000000,  0.000000,  0.000000,  0.000000,  0.000000,  0.000000,  0.000000,  0.000000,  0.000000,  0.000000,  0.000000,  0.000000,  0.000000,  0.000000,  0.000000,  0.000000,  0.000000,  0.000000,  0.000000,  0.000000,  0.000000,  0.000000,  0.000000,  0.000000,  0.000000,  0.000000,  0.000000,  0.000000,  0.000000,  0.000000,  0.000000,  0.000000,  0.000000,  0.000000,  0.000000,  0.000000,  0.000000,  0.000000,  0.000000,  0.000000,  0.000000,  0.000000,  0.000000,  0.000000,  0.000000,  0.000000,  0.000000,  0.000000,  0.000000,  0.000000,  0.000000,  0.000000,  0.000000,  0.000000,  0.000000,  0.000000,  0.000000,  0.000000,  0.000000,  0.000000,  0.000000,  0.000000,  0.000000,  0.000000,  0.000000,  0.000000,  0.000000,  0.000000,  0.000000,  0.000000,  0.000000,  0.000000,  0.000000,  0.000000,  0.000000,  0.000000,  0.000000,  0.000000,  0.000000,  0.000000,  0.000000,  0.000000,  0.000000,  0.000000,  0.000000,  0.000000,  0.000000,  0.000000,  0.000000,  0.000000,  0.000000,  0.000000,  0.000000,  0.000000,  0.000000,  0.000000,  0.000000,  0.000000,  0.000000,  0.000000,  0.000000,  0.000000,  0.000000,  0.000000,  0.000000,  0.000000,  0.000000,  0.000000,  0.000000,  0.000000,  0.000000,  0.000000,  0.000000,  0.000000,  0.000000,  0.000000,  0.000000,  0.000000,  0.000000,  0.000000,  0.000000,  0.000000,  0.000000,  0.000000,  0.000000,  0.000000,  0.000000,  0.000000,  0.000000,  0.000000,  0.000000,  0.000000,  0.000000,  0.000000,  0.000000,  0.000000,  0.000000,  0.000000,  0.000000,  0.000000,  0.000000,  0.000000,  0.000000,  0.000000,  0.000000,  0.000000,  0.000000,  0.000000,  0.000000,  0.000000,  0.000000,  0.000000,  0.000000,  0.000000,  0.000000,  0.000000,  0.000000,  0.000000,  0.000000,  0.000000,  0.000000,  0.000000,  0.000000,  0.000000,  0.000000,  0.000000,  0.000000,  0.000000,  0.000000,  0.000000,  0.000000,  0.000000,  0.000000,  0.000000,  0.000000,  0.000000,  0.000000,  0.000000,  0.000000,  0.000000,  0.000000,  0.000000,  0.000000,  0.000000,  0.000000 ]
checksum = 1.000000
Repeated 9 time
f2=0.607315 a2=0.392685
f3=0.179945 a3=0.212740
f4=0.075914 a4=0.136826
f5=0.038868 a5=0.097958
f6=0.022493 a6=0.075465
f7=0.014165 a7=0.061300
f8=0.009489 a8=0.051811
f9=0.006665 a9=0.045146
f10=0.004859 a10=0.040288
f11=0.003650 a11=0.036637
f12=0.002812 a12=0.033826
f13=0.002211 a13=0.031614
f14=0.001771 a14=0.029844
f15=0.001440 a15=0.028404
f16=0.001186 a16=0.027218
f17=0.000989 a17=0.026229
f18=0.000833 a18=0.025396
f19=0.000708 a19=0.024688
f20=0.000607 a20=0.024080
f21=0.000525 a21=0.023556
f22=0.000456 a22=0.023099
f23=0.000399 a23=0.022700
f24=0.000351 a24=0.022349
f25=0.000311 a25=0.022038
f26=0.000276 a26=0.021761
f27=0.000247 a27=0.021514
f28=0.000221 a28=0.021293
f29=0.000199 a29=0.021094
f30=0.000180 a30=0.020914
f31=0.000163 a31=0.020751
f32=0.000148 a32=0.020603
f33=0.000135 a33=0.020467
f34=0.000124 a34=0.020344
f35=0.000113 a35=0.020230
f36=0.000104 a36=0.020126
f37=0.000096 a37=0.020030
f38=0.000089 a38=0.019942
f39=0.000082 a39=0.019860
f40=0.000076 a40=0.019784
f41=0.000070 a41=0.019713
f42=0.000066 a42=0.019648
f43=0.000061 a43=0.019587
f44=0.000057 a44=0.019530
f45=0.000053 a45=0.019476
f46=0.000050 a46=0.019427
f47=0.000047 a47=0.019380
f48=0.000044 a48=0.019336
f49=0.000041 a49=0.019295
f50=0.019295
[ 0.607315,  0.179945,  0.075914,  0.038868,  0.022493,  0.014165,  0.009489,  0.006665,  0.004859,  0.003650,  0.002812,  0.002211,  0.001771,  0.001440,  0.001186,  0.000989,  0.000833,  0.000708,  0.000607,  0.000525,  0.000456,  0.000399,  0.000351,  0.000311,  0.000276,  0.000247,  0.000221,  0.000199,  0.000180,  0.000163,  0.000148,  0.000135,  0.000124,  0.000113,  0.000104,  0.000096,  0.000089,  0.000082,  0.000076,  0.000070,  0.000066,  0.000061,  0.000057,  0.000053,  0.000050,  0.000047,  0.000044,  0.000041, 0.019295]
0.019295 == 0.019295

total 91730 nodes
[ 0.054083,  0.575744,  0.164199,  0.074665,  0.036760,  0.022152,  0.009931,  0.010226,  0.008732,  0.004818,  0.003696,  0.003074,  0.001908,  0.001537,  0.000556,  0.001134,  0.001559,  0.001668,  0.000131,  0.000927,  0.000185,  0.001014,  0.000382,  0.000730,  0.000414,  0.000076,  0.000153,  0.000959,  0.000011,  0.000523,  0.000229,  0.000218,  0.000283,  0.000142,  0.000087,  0.000523,  0.000142,  0.000229,  0.000109,  0.000185,  0.000545,  0.000065,  0.000153,  0.000414,  0.000076,  0.000098,  0.000033,  0.000087,  0.001984,  0.012450,  0.000000,  0.000000,  0.000000,  0.000000,  0.000000,  0.000000,  0.000000,  0.000000,  0.000000,  0.000000,  0.000000,  0.000000,  0.000000,  0.000000,  0.000000,  0.000000,  0.000000,  0.000000,  0.000000,  0.000000,  0.000000,  0.000000,  0.000000,  0.000000,  0.000000,  0.000000,  0.000000,  0.000000,  0.000000,  0.000000,  0.000000,  0.000000,  0.000000,  0.000000,  0.000000,  0.000000,  0.000000,  0.000000,  0.000000,  0.000000,  0.000000,  0.000000,  0.000000,  0.000000,  0.000000,  0.000000,  0.000000,  0.000000,  0.000000,  0.000000,  0.000000,  0.000000,  0.000000,  0.000000,  0.000000,  0.000000,  0.000000,  0.000000,  0.000000,  0.000000,  0.000000,  0.000000,  0.000000,  0.000000,  0.000000,  0.000000,  0.000000,  0.000000,  0.000000,  0.000000,  0.000000,  0.000000,  0.000000,  0.000000,  0.000000,  0.000000,  0.000000,  0.000000,  0.000000,  0.000000,  0.000000,  0.000000,  0.000000,  0.000000,  0.000000,  0.000000,  0.000000,  0.000000,  0.000000,  0.000000,  0.000000,  0.000000,  0.000000,  0.000000,  0.000000,  0.000000,  0.000000,  0.000000,  0.000000,  0.000000,  0.000000,  0.000000,  0.000000,  0.000000,  0.000000,  0.000000,  0.000000,  0.000000,  0.000000,  0.000000,  0.000000,  0.000000,  0.000000,  0.000000,  0.000000,  0.000000,  0.000000,  0.000000,  0.000000,  0.000000,  0.000000,  0.000000,  0.000000,  0.000000,  0.000000,  0.000000,  0.000000,  0.000000,  0.000000,  0.000000,  0.000000,  0.000000,  0.000000,  0.000000,  0.000000,  0.000000,  0.000000,  0.000000,  0.000000,  0.000000,  0.000000,  0.000000,  0.000000,  0.000000,  0.000000,  0.000000,  0.000000,  0.000000,  0.000000,  0.000000,  0.000000,  0.000000,  0.000000,  0.000000,  0.000000,  0.000000,  0.000000,  0.000000,  0.000000,  0.000000,  0.000000,  0.000000,  0.000000,  0.000000,  0.000000,  0.000000,  0.000000,  0.000000,  0.000000,  0.000000,  0.000000,  0.000000,  0.000000,  0.000000,  0.000000,  0.000000,  0.000000,  0.000000,  0.000000,  0.000000,  0.000000,  0.000000,  0.000000,  0.000000,  0.000000,  0.000000,  0.000000,  0.000000,  0.000000,  0.000000,  0.000000,  0.000000,  0.000000,  0.000000,  0.000000,  0.000000,  0.000000,  0.000000,  0.000000,  0.000000,  0.000000,  0.000000,  0.000000,  0.000000,  0.000000,  0.000000,  0.000000,  0.000000,  0.000000,  0.000000,  0.000000,  0.000000,  0.000000,  0.000000,  0.000000,  0.000000,  0.000000,  0.000000,  0.000000,  0.000000,  0.000000,  0.000000,  0.000000,  0.000000,  0.000000,  0.000000,  0.000000,  0.000000,  0.000000,  0.000000,  0.000000,  0.000000,  0.000000,  0.000000,  0.000000,  0.000000,  0.000000,  0.000000,  0.000000,  0.000000,  0.000000,  0.000000,  0.000000,  0.000000,  0.000000,  0.000000,  0.000000,  0.000000,  0.000000,  0.000000,  0.000000,  0.000000,  0.000000,  0.000000,  0.000000,  0.000000,  0.000000,  0.000000,  0.000000,  0.000000,  0.000000,  0.000000,  0.000000,  0.000000,  0.000000,  0.000000,  0.000000,  0.000000,  0.000000,  0.000000,  0.000000,  0.000000,  0.000000,  0.000000,  0.000000,  0.000000,  0.000000,  0.000000,  0.000000,  0.000000,  0.000000,  0.000000,  0.000000,  0.000000,  0.000000,  0.000000,  0.000000,  0.000000,  0.000000,  0.000000,  0.000000,  0.000000,  0.000000,  0.000000,  0.000000,  0.000000,  0.000000,  0.000000,  0.000000,  0.000000,  0.000000,  0.000000,  0.000000,  0.000000,  0.000000,  0.000000,  0.000000,  0.000000,  0.000000,  0.000000,  0.000000,  0.000000,  0.000000,  0.000000,  0.000000,  0.000000,  0.000000,  0.000000,  0.000000,  0.000000,  0.000000,  0.000000,  0.000000,  0.000000,  0.000000,  0.000000,  0.000000,  0.000000,  0.000000,  0.000000,  0.000000,  0.000000,  0.000000,  0.000000,  0.000000,  0.000000,  0.000000,  0.000000,  0.000000,  0.000000,  0.000000,  0.000000,  0.000000,  0.000000,  0.000000,  0.000000,  0.000000,  0.000000,  0.000000,  0.000000,  0.000000,  0.000000,  0.000000,  0.000000,  0.000000,  0.000000,  0.000000,  0.000000,  0.000000,  0.000000,  0.000000,  0.000000,  0.000000,  0.000000,  0.000000,  0.000000,  0.000000,  0.000000,  0.000000,  0.000000,  0.000000,  0.000000,  0.000000,  0.000000,  0.000000,  0.000000,  0.000000,  0.000000,  0.000000,  0.000000,  0.000000,  0.000000,  0.000000,  0.000000,  0.000000,  0.000000,  0.000000,  0.000000,  0.000000,  0.000000,  0.000000,  0.000000,  0.000000,  0.000000,  0.000000,  0.000000,  0.000000,  0.000000,  0.000000,  0.000000,  0.000000,  0.000000,  0.000000,  0.000000,  0.000000,  0.000000,  0.000000,  0.000000,  0.000000,  0.000000,  0.000000,  0.000000,  0.000000,  0.000000,  0.000000,  0.000000,  0.000000,  0.000000,  0.000000,  0.000000,  0.000000,  0.000000,  0.000000,  0.000000,  0.000000,  0.000000,  0.000000,  0.000000,  0.000000,  0.000000,  0.000000,  0.000000,  0.000000,  0.000000,  0.000000,  0.000000,  0.000000,  0.000000,  0.000000,  0.000000,  0.000000,  0.000000,  0.000000,  0.000000,  0.000000,  0.000000,  0.000000,  0.000000,  0.000000,  0.000000 ]
checksum = 1.000000
====================
[ 0.000000,  0.052550,  0.571254,  0.171768,  0.071519,  0.037354,  0.022895,  0.012404,  0.010187,  0.006354,  0.004908,  0.003178,  0.002695,  0.001641,  0.002196,  0.001467,  0.001665,  0.001427,  0.000906,  0.000472,  0.000870,  0.000593,  0.000626,  0.000567,  0.000409,  0.000373,  0.000282,  0.000387,  0.000575,  0.000276,  0.000228,  0.000308,  0.000227,  0.000128,  0.000218,  0.000235,  0.000174,  0.000258,  0.000260,  0.000233,  0.000218,  0.000157,  0.000138,  0.000157,  0.000226,  0.000134,  0.000138,  0.000104,  0.000364,  0.002538,  0.011761,  0.000000,  0.000000,  0.000000,  0.000000,  0.000000,  0.000000,  0.000000,  0.000000,  0.000000,  0.000000,  0.000000,  0.000000,  0.000000,  0.000000,  0.000000,  0.000000,  0.000000,  0.000000,  0.000000,  0.000000,  0.000000,  0.000000,  0.000000,  0.000000,  0.000000,  0.000000,  0.000000,  0.000000,  0.000000,  0.000000,  0.000000,  0.000000,  0.000000,  0.000000,  0.000000,  0.000000,  0.000000,  0.000000,  0.000000,  0.000000,  0.000000,  0.000000,  0.000000,  0.000000,  0.000000,  0.000000,  0.000000,  0.000000,  0.000000,  0.000000 ]
f2=0.607315 a2=0.392685
f3=0.179945 a3=0.212740
f4=0.075914 a4=0.136826
f5=0.038868 a5=0.097958
f6=0.022493 a6=0.075465
f7=0.014165 a7=0.061300
f8=0.009489 a8=0.051811
f9=0.006665 a9=0.045146
f10=0.004859 a10=0.040288
f11=0.003650 a11=0.036637
f12=0.002812 a12=0.033826
f13=0.002211 a13=0.031614
f14=0.001771 a14=0.029844
f15=0.001440 a15=0.028404
f16=0.001186 a16=0.027218
f17=0.000989 a17=0.026229
f18=0.000833 a18=0.025396
f19=0.000708 a19=0.024688
f20=0.000607 a20=0.024080
f21=0.000525 a21=0.023556
f22=0.000456 a22=0.023099
f23=0.000399 a23=0.022700
f24=0.000351 a24=0.022349
f25=0.000311 a25=0.022038
f26=0.000276 a26=0.021761
f27=0.000247 a27=0.021514
f28=0.000221 a28=0.021293
f29=0.000199 a29=0.021094
f30=0.000180 a30=0.020914
f31=0.000163 a31=0.020751
f32=0.000148 a32=0.020603
f33=0.000135 a33=0.020467
f34=0.000124 a34=0.020344
f35=0.000113 a35=0.020230
f36=0.000104 a36=0.020126
f37=0.000096 a37=0.020030
f38=0.000089 a38=0.019942
f39=0.000082 a39=0.019860
f40=0.000076 a40=0.019784
f41=0.000070 a41=0.019713
f42=0.000066 a42=0.019648
f43=0.000061 a43=0.019587
f44=0.000057 a44=0.019530
f45=0.000053 a45=0.019476
f46=0.000050 a46=0.019427
f47=0.000047 a47=0.019380
f48=0.000044 a48=0.019336
f49=0.000041 a49=0.019295
f50=0.019295
[ 0.607315,  0.179945,  0.075914,  0.038868,  0.022493,  0.014165,  0.009489,  0.006665,  0.004859,  0.003650,  0.002812,  0.002211,  0.001771,  0.001440,  0.001186,  0.000989,  0.000833,  0.000708,  0.000607,  0.000525,  0.000456,  0.000399,  0.000351,  0.000311,  0.000276,  0.000247,  0.000221,  0.000199,  0.000180,  0.000163,  0.000148,  0.000135,  0.000124,  0.000113,  0.000104,  0.000096,  0.000089,  0.000082,  0.000076,  0.000070,  0.000066,  0.000061,  0.000057,  0.000053,  0.000050,  0.000047,  0.000044,  0.000041, 0.019295]
0.019295 == 0.019295
