Repeated 0 time
f2=0.584591 a2=0.415409
f3=0.173212 a3=0.242196
f4=0.073074 a4=0.169123
f5=0.037414 a5=0.131709
f6=0.021652 a6=0.110057
f7=0.013635 a7=0.096422
f8=0.009134 a8=0.087288
f9=0.006415 a9=0.080873
f10=0.004677 a10=0.076196
f11=0.003514 a11=0.072682
f12=0.002706 a12=0.069976
f13=0.002129 a13=0.067847
f14=0.001704 a14=0.066143
f15=0.001386 a15=0.064757
f16=0.001142 a16=0.063616
f17=0.000952 a17=0.062664
f18=0.000802 a18=0.061862
f19=0.000682 a19=0.061180
f20=0.061180
[ 0.584591,  0.173212,  0.073074,  0.037414,  0.021652,  0.013635,  0.009134,  0.006415,  0.004677,  0.003514,  0.002706,  0.002129,  0.001704,  0.001386,  0.001142,  0.000952,  0.000802,  0.000682, 0.061180]
0.061180 == 0.061180

total 92064 nodes
[ 0.006235,  0.582671,  0.172891,  0.064705,  0.041341,  0.021051,  0.016174,  0.006159,  0.008603,  0.002781,  0.005985,  0.001966,  0.002585,  0.001456,  0.002335,  0.000641,  0.000988,  0.001184,  0.002118,  0.058133,  0.000000,  0.000000,  0.000000,  0.000000,  0.000000,  0.000000,  0.000000,  0.000000,  0.000000,  0.000000,  0.000000,  0.000000,  0.000000,  0.000000,  0.000000,  0.000000,  0.000000,  0.000000,  0.000000,  0.000000,  0.000000,  0.000000,  0.000000,  0.000000,  0.000000,  0.000000,  0.000000,  0.000000,  0.000000,  0.000000,  0.000000,  0.000000,  0.000000,  0.000000,  0.000000,  0.000000,  0.000000,  0.000000,  0.000000,  0.000000,  0.000000,  0.000000,  0.000000,  0.000000,  0.000000,  0.000000,  0.000000,  0.000000,  0.000000,  0.000000,  0.000000,  0.000000,  0.000000,  0.000000,  0.000000,  0.000000,  0.000000,  0.000000,  0.000000,  0.000000,  0.000000,  0.000000,  0.000000,  0.000000,  0.000000,  0.000000,  0.000000,  0.000000,  0.000000,  0.000000,  0.000000,  0.000000,  0.000000,  0.000000,  0.000000,  0.000000,  0.000000,  0.000000,  0.000000,  0.000000,  0.000000,  0.000000,  0.000000,  0.000000,  0.000000,  0.000000,  0.000000,  0.000000,  0.000000,  0.000000,  0.000000,  0.000000,  0.000000,  0.000000,  0.000000,  0.000000,  0.000000,  0.000000,  0.000000,  0.000000,  0.000000,  0.000000,  0.000000,  0.000000,  0.000000,  0.000000,  0.000000,  0.000000,  0.000000,  0.000000,  0.000000,  0.000000,  0.000000,  0.000000,  0.000000,  0.000000,  0.000000,  0.000000,  0.000000,  0.000000,  0.000000,  0.000000,  0.000000,  0.000000,  0.000000,  0.000000,  0.000000,  0.000000,  0.000000,  0.000000,  0.000000,  0.000000,  0.000000,  0.000000,  0.000000,  0.000000,  0.000000,  0.000000,  0.000000,  0.000000,  0.000000,  0.000000,  0.000000,  0.000000,  0.000000,  0.000000,  0.000000,  0.000000,  0.000000,  0.000000,  0.000000,  0.000000,  0.000000,  0.000000,  0.000000,  0.000000,  0.000000,  0.000000,  0.000000,  0.000000,  0.000000,  0.000000,  0.000000,  0.000000,  0.000000,  0.000000,  0.000000,  0.000000,  0.000000,  0.000000,  0.000000,  0.000000,  0.000000,  0.000000,  0.000000,  0.000000,  0.000000,  0.000000,  0.000000,  0.000000 ]
checksum = 1.000000
Repeated 1 time
f2=0.584591 a2=0.415409
f3=0.173212 a3=0.242196
f4=0.073074 a4=0.169123
f5=0.037414 a5=0.131709
f6=0.021652 a6=0.110057
f7=0.013635 a7=0.096422
f8=0.009134 a8=0.087288
f9=0.006415 a9=0.080873
f10=0.004677 a10=0.076196
f11=0.003514 a11=0.072682
f12=0.002706 a12=0.069976
f13=0.002129 a13=0.067847
f14=0.001704 a14=0.066143
f15=0.001386 a15=0.064757
f16=0.001142 a16=0.063616
f17=0.000952 a17=0.062664
f18=0.000802 a18=0.061862
f19=0.000682 a19=0.061180
f20=0.061180
[ 0.584591,  0.173212,  0.073074,  0.037414,  0.021652,  0.013635,  0.009134,  0.006415,  0.004677,  0.003514,  0.002706,  0.002129,  0.001704,  0.001386,  0.001142,  0.000952,  0.000802,  0.000682, 0.061180]
0.061180 == 0.061180

total 92278 nodes
[ 0.003880,  0.583823,  0.171048,  0.070038,  0.039999,  0.024253,  0.008962,  0.010750,  0.006285,  0.005949,  0.002969,  0.003750,  0.000802,  0.002102,  0.001268,  0.000054,  0.002503,  0.002807,  0.001474,  0.057283,  0.000000,  0.000000,  0.000000,  0.000000,  0.000000,  0.000000,  0.000000,  0.000000,  0.000000,  0.000000,  0.000000,  0.000000,  0.000000,  0.000000,  0.000000,  0.000000,  0.000000,  0.000000,  0.000000,  0.000000,  0.000000,  0.000000,  0.000000,  0.000000,  0.000000,  0.000000,  0.000000,  0.000000,  0.000000,  0.000000,  0.000000,  0.000000,  0.000000,  0.000000,  0.000000,  0.000000,  0.000000,  0.000000,  0.000000,  0.000000,  0.000000,  0.000000,  0.000000,  0.000000,  0.000000,  0.000000,  0.000000,  0.000000,  0.000000,  0.000000,  0.000000,  0.000000,  0.000000,  0.000000,  0.000000,  0.000000,  0.000000,  0.000000,  0.000000,  0.000000,  0.000000,  0.000000,  0.000000,  0.000000,  0.000000,  0.000000,  0.000000,  0.000000,  0.000000,  0.000000,  0.000000,  0.000000,  0.000000,  0.000000,  0.000000,  0.000000,  0.000000,  0.000000,  0.000000,  0.000000,  0.000000,  0.000000,  0.000000,  0.000000,  0.000000,  0.000000,  0.000000,  0.000000,  0.000000,  0.000000,  0.000000,  0.000000,  0.000000,  0.000000,  0.000000,  0.000000,  0.000000,  0.000000,  0.000000,  0.000000,  0.000000,  0.000000,  0.000000,  0.000000,  0.000000,  0.000000,  0.000000,  0.000000,  0.000000,  0.000000,  0.000000,  0.000000,  0.000000,  0.000000,  0.000000,  0.000000,  0.000000,  0.000000,  0.000000,  0.000000,  0.000000,  0.000000,  0.000000,  0.000000,  0.000000,  0.000000,  0.000000,  0.000000,  0.000000,  0.000000,  0.000000,  0.000000,  0.000000,  0.000000,  0.000000,  0.000000,  0.000000,  0.000000,  0.000000,  0.000000,  0.000000,  0.000000,  0.000000,  0.000000,  0.000000,  0.000000,  0.000000,  0.000000,  0.000000,  0.000000,  0.000000,  0.000000,  0.000000,  0.000000,  0.000000,  0.000000,  0.000000,  0.000000,  0.000000,  0.000000,  0.000000,  0.000000,  0.000000,  0.000000,  0.000000,  0.000000,  0.000000,  0.000000,  0.000000,  0.000000,  0.000000,  0.000000,  0.000000,  0.000000,  0.000000,  0.000000,  0.000000,  0.000000,  0.000000,  0.000000 ]
checksum = 1.000000
Repeated 2 time
f2=0.584591 a2=0.415409
f3=0.173212 a3=0.242196
f4=0.073074 a4=0.169123
f5=0.037414 a5=0.131709
f6=0.021652 a6=0.110057
f7=0.013635 a7=0.096422
f8=0.009134 a8=0.087288
f9=0.006415 a9=0.080873
f10=0.004677 a10=0.076196
f11=0.003514 a11=0.072682
f12=0.002706 a12=0.069976
f13=0.002129 a13=0.067847
f14=0.001704 a14=0.066143
f15=0.001386 a15=0.064757
f16=0.001142 a16=0.063616
f17=0.000952 a17=0.062664
f18=0.000802 a18=0.061862
f19=0.000682 a19=0.061180
f20=0.061180
[ 0.584591,  0.173212,  0.073074,  0.037414,  0.021652,  0.013635,  0.009134,  0.006415,  0.004677,  0.003514,  0.002706,  0.002129,  0.001704,  0.001386,  0.001142,  0.000952,  0.000802,  0.000682, 0.061180]
0.061180 == 0.061180

total 92098 nodes
[ 0.006558,  0.579969,  0.167561,  0.081337,  0.030001,  0.027677,  0.010597,  0.008980,  0.007166,  0.004169,  0.005505,  0.000065,  0.004452,  0.002769,  0.000771,  0.000206,  0.001336,  0.000641,  0.001585,  0.058655,  0.000000,  0.000000,  0.000000,  0.000000,  0.000000,  0.000000,  0.000000,  0.000000,  0.000000,  0.000000,  0.000000,  0.000000,  0.000000,  0.000000,  0.000000,  0.000000,  0.000000,  0.000000,  0.000000,  0.000000,  0.000000,  0.000000,  0.000000,  0.000000,  0.000000,  0.000000,  0.000000,  0.000000,  0.000000,  0.000000,  0.000000,  0.000000,  0.000000,  0.000000,  0.000000,  0.000000,  0.000000,  0.000000,  0.000000,  0.000000,  0.000000,  0.000000,  0.000000,  0.000000,  0.000000,  0.000000,  0.000000,  0.000000,  0.000000,  0.000000,  0.000000,  0.000000,  0.000000,  0.000000,  0.000000,  0.000000,  0.000000,  0.000000,  0.000000,  0.000000,  0.000000,  0.000000,  0.000000,  0.000000,  0.000000,  0.000000,  0.000000,  0.000000,  0.000000,  0.000000,  0.000000,  0.000000,  0.000000,  0.000000,  0.000000,  0.000000,  0.000000,  0.000000,  0.000000,  0.000000,  0.000000,  0.000000,  0.000000,  0.000000,  0.000000,  0.000000,  0.000000,  0.000000,  0.000000,  0.000000,  0.000000,  0.000000,  0.000000,  0.000000,  0.000000,  0.000000,  0.000000,  0.000000,  0.000000,  0.000000,  0.000000,  0.000000,  0.000000,  0.000000,  0.000000,  0.000000,  0.000000,  0.000000,  0.000000,  0.000000,  0.000000,  0.000000,  0.000000,  0.000000,  0.000000,  0.000000,  0.000000,  0.000000,  0.000000,  0.000000,  0.000000,  0.000000,  0.000000,  0.000000,  0.000000,  0.000000,  0.000000,  0.000000,  0.000000,  0.000000,  0.000000,  0.000000,  0.000000,  0.000000,  0.000000,  0.000000,  0.000000,  0.000000,  0.000000,  0.000000,  0.000000,  0.000000,  0.000000,  0.000000,  0.000000,  0.000000,  0.000000,  0.000000,  0.000000,  0.000000,  0.000000,  0.000000,  0.000000,  0.000000,  0.000000,  0.000000,  0.000000,  0.000000,  0.000000,  0.000000,  0.000000,  0.000000,  0.000000,  0.000000,  0.000000,  0.000000,  0.000000,  0.000000,  0.000000,  0.000000,  0.000000,  0.000000,  0.000000,  0.000000,  0.000000,  0.000000,  0.000000,  0.000000,  0.000000,  0.000000 ]
checksum = 1.000000
Repeated 3 time
f2=0.584591 a2=0.415409
f3=0.173212 a3=0.242196
f4=0.073074 a4=0.169123
f5=0.037414 a5=0.131709
f6=0.021652 a6=0.110057
f7=0.013635 a7=0.096422
f8=0.009134 a8=0.087288
f9=0.006415 a9=0.080873
f10=0.004677 a10=0.076196
f11=0.003514 a11=0.072682
f12=0.002706 a12=0.069976
f13=0.002129 a13=0.067847
f14=0.001704 a14=0.066143
f15=0.001386 a15=0.064757
f16=0.001142 a16=0.063616
f17=0.000952 a17=0.062664
f18=0.000802 a18=0.061862
f19=0.000682 a19=0.061180
f20=0.061180
[ 0.584591,  0.173212,  0.073074,  0.037414,  0.021652,  0.013635,  0.009134,  0.006415,  0.004677,  0.003514,  0.002706,  0.002129,  0.001704,  0.001386,  0.001142,  0.000952,  0.000802,  0.000682, 0.061180]
0.061180 == 0.061180

total 91660 nodes
[ 0.004648,  0.580449,  0.174907,  0.071154,  0.038294,  0.021994,  0.011521,  0.008248,  0.009786,  0.003546,  0.002106,  0.001211,  0.006044,  0.001135,  0.002455,  0.000218,  0.000425,  0.001287,  0.001571,  0.059001,  0.000000,  0.000000,  0.000000,  0.000000,  0.000000,  0.000000,  0.000000,  0.000000,  0.000000,  0.000000,  0.000000,  0.000000,  0.000000,  0.000000,  0.000000,  0.000000,  0.000000,  0.000000,  0.000000,  0.000000,  0.000000,  0.000000,  0.000000,  0.000000,  0.000000,  0.000000,  0.000000,  0.000000,  0.000000,  0.000000,  0.000000,  0.000000,  0.000000,  0.000000,  0.000000,  0.000000,  0.000000,  0.000000,  0.000000,  0.000000,  0.000000,  0.000000,  0.000000,  0.000000,  0.000000,  0.000000,  0.000000,  0.000000,  0.000000,  0.000000,  0.000000,  0.000000,  0.000000,  0.000000,  0.000000,  0.000000,  0.000000,  0.000000,  0.000000,  0.000000,  0.000000,  0.000000,  0.000000,  0.000000,  0.000000,  0.000000,  0.000000,  0.000000,  0.000000,  0.000000,  0.000000,  0.000000,  0.000000,  0.000000,  0.000000,  0.000000,  0.000000,  0.000000,  0.000000,  0.000000,  0.000000,  0.000000,  0.000000,  0.000000,  0.000000,  0.000000,  0.000000,  0.000000,  0.000000,  0.000000,  0.000000,  0.000000,  0.000000,  0.000000,  0.000000,  0.000000,  0.000000,  0.000000,  0.000000,  0.000000,  0.000000,  0.000000,  0.000000,  0.000000,  0.000000,  0.000000,  0.000000,  0.000000,  0.000000,  0.000000,  0.000000,  0.000000,  0.000000,  0.000000,  0.000000,  0.000000,  0.000000,  0.000000,  0.000000,  0.000000,  0.000000,  0.000000,  0.000000,  0.000000,  0.000000,  0.000000,  0.000000,  0.000000,  0.000000,  0.000000,  0.000000,  0.000000,  0.000000,  0.000000,  0.000000,  0.000000,  0.000000,  0.000000,  0.000000,  0.000000,  0.000000,  0.000000,  0.000000,  0.000000,  0.000000,  0.000000,  0.000000,  0.000000,  0.000000,  0.000000,  0.000000,  0.000000,  0.000000,  0.000000,  0.000000,  0.000000,  0.000000,  0.000000,  0.000000,  0.000000,  0.000000,  0.000000,  0.000000,  0.000000,  0.000000,  0.000000,  0.000000,  0.000000,  0.000000,  0.000000,  0.000000,  0.000000,  0.000000,  0.000000,  0.000000,  0.000000,  0.000000,  0.000000,  0.000000,  0.000000 ]
checksum = 1.000000
Repeated 4 time
f2=0.584591 a2=0.415409
f3=0.173212 a3=0.242196
f4=0.073074 a4=0.169123
f5=0.037414 a5=0.131709
f6=0.021652 a6=0.110057
f7=0.013635 a7=0.096422
f8=0.009134 a8=0.087288
f9=0.006415 a9=0.080873
f10=0.004677 a10=0.076196
f11=0.003514 a11=0.072682
f12=0.002706 a12=0.069976
f13=0.002129 a13=0.067847
f14=0.001704 a14=0.066143
f15=0.001386 a15=0.064757
f16=0.001142 a16=0.063616
f17=0.000952 a17=0.062664
f18=0.000802 a18=0.061862
f19=0.000682 a19=0.061180
f20=0.061180
[ 0.584591,  0.173212,  0.073074,  0.037414,  0.021652,  0.013635,  0.009134,  0.006415,  0.004677,  0.003514,  0.002706,  0.002129,  0.001704,  0.001386,  0.001142,  0.000952,  0.000802,  0.000682, 0.061180]
0.061180 == 0.061180

total 92220 nodes
[ 0.004619,  0.583344,  0.168673,  0.071763,  0.039742,  0.021026,  0.011895,  0.010844,  0.005931,  0.005281,  0.005747,  0.003535,  0.000998,  0.001713,  0.001345,  0.002429,  0.001410,  0.002548,  0.001084,  0.056072,  0.000000,  0.000000,  0.000000,  0.000000,  0.000000,  0.000000,  0.000000,  0.000000,  0.000000,  0.000000,  0.000000,  0.000000,  0.000000,  0.000000,  0.000000,  0.000000,  0.000000,  0.000000,  0.000000,  0.000000,  0.000000,  0.000000,  0.000000,  0.000000,  0.000000,  0.000000,  0.000000,  0.000000,  0.000000,  0.000000,  0.000000,  0.000000,  0.000000,  0.000000,  0.000000,  0.000000,  0.000000,  0.000000,  0.000000,  0.000000,  0.000000,  0.000000,  0.000000,  0.000000,  0.000000,  0.000000,  0.000000,  0.000000,  0.000000,  0.000000,  0.000000,  0.000000,  0.000000,  0.000000,  0.000000,  0.000000,  0.000000,  0.000000,  0.000000,  0.000000,  0.000000,  0.000000,  0.000000,  0.000000,  0.000000,  0.000000,  0.000000,  0.000000,  0.000000,  0.000000,  0.000000,  0.000000,  0.000000,  0.000000,  0.000000,  0.000000,  0.000000,  0.000000,  0.000000,  0.000000,  0.000000,  0.000000,  0.000000,  0.000000,  0.000000,  0.000000,  0.000000,  0.000000,  0.000000,  0.000000,  0.000000,  0.000000,  0.000000,  0.000000,  0.000000,  0.000000,  0.000000,  0.000000,  0.000000,  0.000000,  0.000000,  0.000000,  0.000000,  0.000000,  0.000000,  0.000000,  0.000000,  0.000000,  0.000000,  0.000000,  0.000000,  0.000000,  0.000000,  0.000000,  0.000000,  0.000000,  0.000000,  0.000000,  0.000000,  0.000000,  0.000000,  0.000000,  0.000000,  0.000000,  0.000000,  0.000000,  0.000000,  0.000000,  0.000000,  0.000000,  0.000000,  0.000000,  0.000000,  0.000000,  0.000000,  0.000000,  0.000000,  0.000000,  0.000000,  0.000000,  0.000000,  0.000000,  0.000000,  0.000000,  0.000000,  0.000000,  0.000000,  0.000000,  0.000000,  0.000000,  0.000000,  0.000000,  0.000000,  0.000000,  0.000000,  0.000000,  0.000000,  0.000000,  0.000000,  0.000000,  0.000000,  0.000000,  0.000000,  0.000000,  0.000000,  0.000000,  0.000000,  0.000000,  0.000000,  0.000000,  0.000000,  0.000000,  0.000000,  0.000000,  0.000000,  0.000000,  0.000000,  0.000000,  0.000000,  0.000000 ]
checksum = 1.000000
Repeated 5 time
f2=0.584591 a2=0.415409
f3=0.173212 a3=0.242196
f4=0.073074 a4=0.169123
f5=0.037414 a5=0.131709
f6=0.021652 a6=0.110057
f7=0.013635 a7=0.096422
f8=0.009134 a8=0.087288
f9=0.006415 a9=0.080873
f10=0.004677 a10=0.076196
f11=0.003514 a11=0.072682
f12=0.002706 a12=0.069976
f13=0.002129 a13=0.067847
f14=0.001704 a14=0.066143
f15=0.001386 a15=0.064757
f16=0.001142 a16=0.063616
f17=0.000952 a17=0.062664
f18=0.000802 a18=0.061862
f19=0.000682 a19=0.061180
f20=0.061180
[ 0.584591,  0.173212,  0.073074,  0.037414,  0.021652,  0.013635,  0.009134,  0.006415,  0.004677,  0.003514,  0.002706,  0.002129,  0.001704,  0.001386,  0.001142,  0.000952,  0.000802,  0.000682, 0.061180]
0.061180 == 0.061180

total 92437 nodes
[ 0.004241,  0.577788,  0.171273,  0.080195,  0.038286,  0.020381,  0.013534,  0.007681,  0.006567,  0.003289,  0.004944,  0.001147,  0.004003,  0.000487,  0.001882,  0.002099,  0.001114,  0.001753,  0.000811,  0.058526,  0.000000,  0.000000,  0.000000,  0.000000,  0.000000,  0.000000,  0.000000,  0.000000,  0.000000,  0.000000,  0.000000,  0.000000,  0.000000,  0.000000,  0.000000,  0.000000,  0.000000,  0.000000,  0.000000,  0.000000,  0.000000,  0.000000,  0.000000,  0.000000,  0.000000,  0.000000,  0.000000,  0.000000,  0.000000,  0.000000,  0.000000,  0.000000,  0.000000,  0.000000,  0.000000,  0.000000,  0.000000,  0.000000,  0.000000,  0.000000,  0.000000,  0.000000,  0.000000,  0.000000,  0.000000,  0.000000,  0.000000,  0.000000,  0.000000,  0.000000,  0.000000,  0.000000,  0.000000,  0.000000,  0.000000,  0.000000,  0.000000,  0.000000,  0.000000,  0.000000,  0.000000,  0.000000,  0.000000,  0.000000,  0.000000,  0.000000,  0.000000,  0.000000,  0.000000,  0.000000,  0.000000,  0.000000,  0.000000,  0.000000,  0.000000,  0.000000,  0.000000,  0.000000,  0.000000,  0.000000,  0.000000,  0.000000,  0.000000,  0.000000,  0.000000,  0.000000,  0.000000,  0.000000,  0.000000,  0.000000,  0.000000,  0.000000,  0.000000,  0.000000,  0.000000,  0.000000,  0.000000,  0.000000,  0.000000,  0.000000,  0.000000,  0.000000,  0.000000,  0.000000,  0.000000,  0.000000,  0.000000,  0.000000,  0.000000,  0.000000,  0.000000,  0.000000,  0.000000,  0.000000,  0.000000,  0.000000,  0.000000,  0.000000,  0.000000,  0.000000,  0.000000,  0.000000,  0.000000,  0.000000,  0.000000,  0.000000,  0.000000,  0.000000,  0.000000,  0.000000,  0.000000,  0.000000,  0.000000,  0.000000,  0.000000,  0.000000,  0.000000,  0.000000,  0.000000,  0.000000,  0.000000,  0.000000,  0.000000,  0.000000,  0.000000,  0.000000,  0.000000,  0.000000,  0.000000,  0.000000,  0.000000,  0.000000,  0.000000,  0.000000,  0.000000,  0.000000,  0.000000,  0.000000,  0.000000,  0.000000,  0.000000,  0.000000,  0.000000,  0.000000,  0.000000,  0.000000,  0.000000,  0.000000,  0.000000,  0.000000,  0.000000,  0.000000,  0.000000,  0.000000,  0.000000,  0.000000,  0.000000,  0.000000,  0.000000,  0.000000 ]
checksum = 1.000000
Repeated 6 time
f2=0.584591 a2=0.415409
f3=0.173212 a3=0.242196
f4=0.073074 a4=0.169123
f5=0.037414 a5=0.131709
f6=0.021652 a6=0.110057
f7=0.013635 a7=0.096422
f8=0.009134 a8=0.087288
f9=0.006415 a9=0.080873
f10=0.004677 a10=0.076196
f11=0.003514 a11=0.072682
f12=0.002706 a12=0.069976
f13=0.002129 a13=0.067847
f14=0.001704 a14=0.066143
f15=0.001386 a15=0.064757
f16=0.001142 a16=0.063616
f17=0.000952 a17=0.062664
f18=0.000802 a18=0.061862
f19=0.000682 a19=0.061180
f20=0.061180
[ 0.584591,  0.173212,  0.073074,  0.037414,  0.021652,  0.013635,  0.009134,  0.006415,  0.004677,  0.003514,  0.002706,  0.002129,  0.001704,  0.001386,  0.001142,  0.000952,  0.000802,  0.000682, 0.061180]
0.061180 == 0.061180

total 91812 nodes
[ 0.003856,  0.579129,  0.177994,  0.068009,  0.041541,  0.024158,  0.009487,  0.007374,  0.008398,  0.001710,  0.006056,  0.004106,  0.000871,  0.001710,  0.000839,  0.002135,  0.001329,  0.001361,  0.003082,  0.056855,  0.000000,  0.000000,  0.000000,  0.000000,  0.000000,  0.000000,  0.000000,  0.000000,  0.000000,  0.000000,  0.000000,  0.000000,  0.000000,  0.000000,  0.000000,  0.000000,  0.000000,  0.000000,  0.000000,  0.000000,  0.000000,  0.000000,  0.000000,  0.000000,  0.000000,  0.000000,  0.000000,  0.000000,  0.000000,  0.000000,  0.000000,  0.000000,  0.000000,  0.000000,  0.000000,  0.000000,  0.000000,  0.000000,  0.000000,  0.000000,  0.000000,  0.000000,  0.000000,  0.000000,  0.000000,  0.000000,  0.000000,  0.000000,  0.000000,  0.000000,  0.000000,  0.000000,  0.000000,  0.000000,  0.000000,  0.000000,  0.000000,  0.000000,  0.000000,  0.000000,  0.000000,  0.000000,  0.000000,  0.000000,  0.000000,  0.000000,  0.000000,  0.000000,  0.000000,  0.000000,  0.000000,  0.000000,  0.000000,  0.000000,  0.000000,  0.000000,  0.000000,  0.000000,  0.000000,  0.000000,  0.000000,  0.000000,  0.000000,  0.000000,  0.000000,  0.000000,  0.000000,  0.000000,  0.000000,  0.000000,  0.000000,  0.000000,  0.000000,  0.000000,  0.000000,  0.000000,  0.000000,  0.000000,  0.000000,  0.000000,  0.000000,  0.000000,  0.000000,  0.000000,  0.000000,  0.000000,  0.000000,  0.000000,  0.000000,  0.000000,  0.000000,  0.000000,  0.000000,  0.000000,  0.000000,  0.000000,  0.000000,  0.000000,  0.000000,  0.000000,  0.000000,  0.000000,  0.000000,  0.000000,  0.000000,  0.000000,  0.000000,  0.000000,  0.000000,  0.000000,  0.000000,  0.000000,  0.000000,  0.000000,  0.000000,  0.000000,  0.000000,  0.000000,  0.000000,  0.000000,  0.000000,  0.000000,  0.000000,  0.000000,  0.000000,  0.000000,  0.000000,  0.000000,  0.000000,  0.000000,  0.000000,  0.000000,  0.000000,  0.000000,  0.000000,  0.000000,  0.000000,  0.000000,  0.000000,  0.000000,  0.000000,  0.000000,  0.000000,  0.000000,  0.000000,  0.000000,  0.000000,  0.000000,  0.000000,  0.000000,  0.000000,  0.000000,  0.000000,  0.000000,  0.000000,  0.000000,  0.000000,  0.000000,  0.000000,  0.000000 ]
checksum = 1.000000
Repeated 7 time
f2=0.584591 a2=0.415409
f3=0.173212 a3=0.242196
f4=0.073074 a4=0.169123
f5=0.037414 a5=0.131709
f6=0.021652 a6=0.110057
f7=0.013635 a7=0.096422
f8=0.009134 a8=0.087288
f9=0.006415 a9=0.080873
f10=0.004677 a10=0.076196
f11=0.003514 a11=0.072682
f12=0.002706 a12=0.069976
f13=0.002129 a13=0.067847
f14=0.001704 a14=0.066143
f15=0.001386 a15=0.064757
f16=0.001142 a16=0.063616
f17=0.000952 a17=0.062664
f18=0.000802 a18=0.061862
f19=0.000682 a19=0.061180
f20=0.061180
[ 0.584591,  0.173212,  0.073074,  0.037414,  0.021652,  0.013635,  0.009134,  0.006415,  0.004677,  0.003514,  0.002706,  0.002129,  0.001704,  0.001386,  0.001142,  0.000952,  0.000802,  0.000682, 0.061180]
0.061180 == 0.061180

total 91899 nodes
[ 0.005103,  0.580050,  0.173462,  0.071285,  0.037596,  0.022840,  0.013841,  0.008520,  0.007944,  0.000348,  0.006594,  0.002405,  0.001306,  0.006192,  0.000250,  0.000457,  0.000849,  0.001077,  0.001219,  0.058662,  0.000000,  0.000000,  0.000000,  0.000000,  0.000000,  0.000000,  0.000000,  0.000000,  0.000000,  0.000000,  0.000000,  0.000000,  0.000000,  0.000000,  0.000000,  0.000000,  0.000000,  0.000000,  0.000000,  0.000000,  0.000000,  0.000000,  0.000000,  0.000000,  0.000000,  0.000000,  0.000000,  0.000000,  0.000000,  0.000000,  0.000000,  0.000000,  0.000000,  0.000000,  0.000000,  0.000000,  0.000000,  0.000000,  0.000000,  0.000000,  0.000000,  0.000000,  0.000000,  0.000000,  0.000000,  0.000000,  0.000000,  0.000000,  0.000000,  0.000000,  0.000000,  0.000000,  0.000000,  0.000000,  0.000000,  0.000000,  0.000000,  0.000000,  0.000000,  0.000000,  0.000000,  0.000000,  0.000000,  0.000000,  0.000000,  0.000000,  0.000000,  0.000000,  0.000000,  0.000000,  0.000000,  0.000000,  0.000000,  0.000000,  0.000000,  0.000000,  0.000000,  0.000000,  0.000000,  0.000000,  0.000000,  0.000000,  0.000000,  0.000000,  0.000000,  0.000000,  0.000000,  0.000000,  0.000000,  0.000000,  0.000000,  0.000000,  0.000000,  0.000000,  0.000000,  0.000000,  0.000000,  0.000000,  0.000000,  0.000000,  0.000000,  0.000000,  0.000000,  0.000000,  0.000000,  0.000000,  0.000000,  0.000000,  0.000000,  0.000000,  0.000000,  0.000000,  0.000000,  0.000000,  0.000000,  0.000000,  0.000000,  0.000000,  0.000000,  0.000000,  0.000000,  0.000000,  0.000000,  0.000000,  0.000000,  0.000000,  0.000000,  0.000000,  0.000000,  0.000000,  0.000000,  0.000000,  0.000000,  0.000000,  0.000000,  0.000000,  0.000000,  0.000000,  0.000000,  0.000000,  0.000000,  0.000000,  0.000000,  0.000000,  0.000000,  0.000000,  0.000000,  0.000000,  0.000000,  0.000000,  0.000000,  0.000000,  0.000000,  0.000000,  0.000000,  0.000000,  0.000000,  0.000000,  0.000000,  0.000000,  0.000000,  0.000000,  0.000000,  0.000000,  0.000000,  0.000000,  0.000000,  0.000000,  0.000000,  0.000000,  0.000000,  0.000000,  0.000000,  0.000000,  0.000000,  0.000000,  0.000000,  0.000000,  0.000000,  0.000000 ]
checksum = 1.000000
Repeated 8 time
f2=0.584591 a2=0.415409
f3=0.173212 a3=0.242196
f4=0.073074 a4=0.169123
f5=0.037414 a5=0.131709
f6=0.021652 a6=0.110057
f7=0.013635 a7=0.096422
f8=0.009134 a8=0.087288
f9=0.006415 a9=0.080873
f10=0.004677 a10=0.076196
f11=0.003514 a11=0.072682
f12=0.002706 a12=0.069976
f13=0.002129 a13=0.067847
f14=0.001704 a14=0.066143
f15=0.001386 a15=0.064757
f16=0.001142 a16=0.063616
f17=0.000952 a17=0.062664
f18=0.000802 a18=0.061862
f19=0.000682 a19=0.061180
f20=0.061180
[ 0.584591,  0.173212,  0.073074,  0.037414,  0.021652,  0.013635,  0.009134,  0.006415,  0.004677,  0.003514,  0.002706,  0.002129,  0.001704,  0.001386,  0.001142,  0.000952,  0.000802,  0.000682, 0.061180]
0.061180 == 0.061180

total 91830 nodes
[ 0.005608,  0.577393,  0.177241,  0.068518,  0.043167,  0.016128,  0.015986,  0.010084,  0.003757,  0.004955,  0.003648,  0.003877,  0.001590,  0.002570,  0.002831,  0.000163,  0.002929,  0.001906,  0.001350,  0.056300,  0.000000,  0.000000,  0.000000,  0.000000,  0.000000,  0.000000,  0.000000,  0.000000,  0.000000,  0.000000,  0.000000,  0.000000,  0.000000,  0.000000,  0.000000,  0.000000,  0.000000,  0.000000,  0.000000,  0.000000,  0.000000,  0.000000,  0.000000,  0.000000,  0.000000,  0.000000,  0.000000,  0.000000,  0.000000,  0.000000,  0.000000,  0.000000,  0.000000,  0.000000,  0.000000,  0.000000,  0.000000,  0.000000,  0.000000,  0.000000,  0.000000,  0.000000,  0.000000,  0.000000,  0.000000,  0.000000,  0.000000,  0.000000,  0.000000,  0.000000,  0.000000,  0.000000,  0.000000,  0.000000,  0.000000,  0.000000,  0.000000,  0.000000,  0.000000,  0.000000,  0.000000,  0.000000,  0.000000,  0.000000,  0.000000,  0.000000,  0.000000,  0.000000,  0.000000,  0.000000,  0.000000,  0.000000,  0.000000,  0.000000,  0.000000,  0.000000,  0.000000,  0.000000,  0.000000,  0.000000,  0.000000,  0.000000,  0.000000,  0.000000,  0.000000,  0.000000,  0.000000,  0.000000,  0.000000,  0.000000,  0.000000,  0.000000,  0.000000,  0.000000,  0.000000,  0.000000,  0.000000,  0.000000,  0.000000,  0.000000,  0.000000,  0.000000,  0.000000,  0.000000,  0.000000,  0.000000,  0.000000,  0.000000,  0.000000,  0.000000,  0.000000,  0.000000,  0.000000,  0.000000,  0.000000,  0.000000,  0.000000,  0.000000,  0.000000,  0.000000,  0.000000,  0.000000,  0.000000,  0.000000,  0.000000,  0.000000,  0.000000,  0.000000,  0.000000,  0.000000,  0.000000,  0.000000,  0.000000,  0.000000,  0.000000,  0.000000,  0.000000,  0.000000,  0.000000,  0.000000,  0.000000,  0.000000,  0.000000,  0.000000,  0.000000,  0.000000,  0.000000,  0.000000,  0.000000,  0.000000,  0.000000,  0.000000,  0.000000,  0.000000,  0.000000,  0.000000,  0.000000,  0.000000,  0.000000,  0.000000,  0.000000,  0.000000,  0.000000,  0.000000,  0.000000,  0.000000,  0.000000,  0.000000,  0.000000,  0.000000,  0.000000,  0.000000,  0.000000,  0.000000,  0.000000,  0.000000,  0.000000,  0.000000,  0.000000,  0.000000 ]
checksum = 1.000000
Repeated 9 time
f2=0.584591 a2=0.415409
f3=0.173212 a3=0.242196
f4=0.073074 a4=0.169123
f5=0.037414 a5=0.131709
f6=0.021652 a6=0.110057
f7=0.013635 a7=0.096422
f8=0.009134 a8=0.087288
f9=0.006415 a9=0.080873
f10=0.004677 a10=0.076196
f11=0.003514 a11=0.072682
f12=0.002706 a12=0.069976
f13=0.002129 a13=0.067847
f14=0.001704 a14=0.066143
f15=0.001386 a15=0.064757
f16=0.001142 a16=0.063616
f17=0.000952 a17=0.062664
f18=0.000802 a18=0.061862
f19=0.000682 a19=0.061180
f20=0.061180
[ 0.584591,  0.173212,  0.073074,  0.037414,  0.021652,  0.013635,  0.009134,  0.006415,  0.004677,  0.003514,  0.002706,  0.002129,  0.001704,  0.001386,  0.001142,  0.000952,  0.000802,  0.000682, 0.061180]
0.061180 == 0.061180

total 92052 nodes
[ 0.005464,  0.576044,  0.175738,  0.069482,  0.041444,  0.021227,  0.013471,  0.010755,  0.006627,  0.003639,  0.006388,  0.002509,  0.002216,  0.000641,  0.001304,  0.002010,  0.000684,  0.000217,  0.002803,  0.057337,  0.000000,  0.000000,  0.000000,  0.000000,  0.000000,  0.000000,  0.000000,  0.000000,  0.000000,  0.000000,  0.000000,  0.000000,  0.000000,  0.000000,  0.000000,  0.000000,  0.000000,  0.000000,  0.000000,  0.000000,  0.000000,  0.000000,  0.000000,  0.000000,  0.000000,  0.000000,  0.000000,  0.000000,  0.000000,  0.000000,  0.000000,  0.000000,  0.000000,  0.000000,  0.000000,  0.000000,  0.000000,  0.000000,  0.000000,  0.000000,  0.000000,  0.000000,  0.000000,  0.000000,  0.000000,  0.000000,  0.000000,  0.000000,  0.000000,  0.000000,  0.000000,  0.000000,  0.000000,  0.000000,  0.000000,  0.000000,  0.000000,  0.000000,  0.000000,  0.000000,  0.000000,  0.000000,  0.000000,  0.000000,  0.000000,  0.000000,  0.000000,  0.000000,  0.000000,  0.000000,  0.000000,  0.000000,  0.000000,  0.000000,  0.000000,  0.000000,  0.000000,  0.000000,  0.000000,  0.000000,  0.000000,  0.000000,  0.000000,  0.000000,  0.000000,  0.000000,  0.000000,  0.000000,  0.000000,  0.000000,  0.000000,  0.000000,  0.000000,  0.000000,  0.000000,  0.000000,  0.000000,  0.000000,  0.000000,  0.000000,  0.000000,  0.000000,  0.000000,  0.000000,  0.000000,  0.000000,  0.000000,  0.000000,  0.000000,  0.000000,  0.000000,  0.000000,  0.000000,  0.000000,  0.000000,  0.000000,  0.000000,  0.000000,  0.000000,  0.000000,  0.000000,  0.000000,  0.000000,  0.000000,  0.000000,  0.000000,  0.000000,  0.000000,  0.000000,  0.000000,  0.000000,  0.000000,  0.000000,  0.000000,  0.000000,  0.000000,  0.000000,  0.000000,  0.000000,  0.000000,  0.000000,  0.000000,  0.000000,  0.000000,  0.000000,  0.000000,  0.000000,  0.000000,  0.000000,  0.000000,  0.000000,  0.000000,  0.000000,  0.000000,  0.000000,  0.000000,  0.000000,  0.000000,  0.000000,  0.000000,  0.000000,  0.000000,  0.000000,  0.000000,  0.000000,  0.000000,  0.000000,  0.000000,  0.000000,  0.000000,  0.000000,  0.000000,  0.000000,  0.000000,  0.000000,  0.000000,  0.000000,  0.000000,  0.000000,  0.000000 ]
checksum = 1.000000
====================
[ 0.000000,  0.005021,  0.580066,  0.173079,  0.071649,  0.039141,  0.022074,  0.012547,  0.008939,  0.007106,  0.003567,  0.004994,  0.002457,  0.002487,  0.002077,  0.001528,  0.001041,  0.001357,  0.001478,  0.001710,  0.057683,  0.000000,  0.000000,  0.000000,  0.000000,  0.000000,  0.000000,  0.000000,  0.000000,  0.000000,  0.000000,  0.000000,  0.000000,  0.000000,  0.000000,  0.000000,  0.000000,  0.000000,  0.000000,  0.000000,  0.000000,  0.000000,  0.000000,  0.000000,  0.000000,  0.000000,  0.000000,  0.000000,  0.000000,  0.000000,  0.000000,  0.000000,  0.000000,  0.000000,  0.000000,  0.000000,  0.000000,  0.000000,  0.000000,  0.000000,  0.000000,  0.000000,  0.000000,  0.000000,  0.000000,  0.000000,  0.000000,  0.000000,  0.000000,  0.000000,  0.000000,  0.000000,  0.000000,  0.000000,  0.000000,  0.000000,  0.000000,  0.000000,  0.000000,  0.000000,  0.000000,  0.000000,  0.000000,  0.000000,  0.000000,  0.000000,  0.000000,  0.000000,  0.000000,  0.000000,  0.000000,  0.000000,  0.000000,  0.000000,  0.000000,  0.000000,  0.000000,  0.000000,  0.000000,  0.000000,  0.000000 ]
f2=0.584591 a2=0.415409
f3=0.173212 a3=0.242196
f4=0.073074 a4=0.169123
f5=0.037414 a5=0.131709
f6=0.021652 a6=0.110057
f7=0.013635 a7=0.096422
f8=0.009134 a8=0.087288
f9=0.006415 a9=0.080873
f10=0.004677 a10=0.076196
f11=0.003514 a11=0.072682
f12=0.002706 a12=0.069976
f13=0.002129 a13=0.067847
f14=0.001704 a14=0.066143
f15=0.001386 a15=0.064757
f16=0.001142 a16=0.063616
f17=0.000952 a17=0.062664
f18=0.000802 a18=0.061862
f19=0.000682 a19=0.061180
f20=0.061180
[ 0.584591,  0.173212,  0.073074,  0.037414,  0.021652,  0.013635,  0.009134,  0.006415,  0.004677,  0.003514,  0.002706,  0.002129,  0.001704,  0.001386,  0.001142,  0.000952,  0.000802,  0.000682, 0.061180]
0.061180 == 0.061180
