Repeated 0 time
f3=0.425392 a3=0.574608
f4=0.195639 a4=0.378969
f5=0.107102 a5=0.271867
f6=0.065465 a6=0.206402
f7=0.043177 a7=0.163225
f8=0.030107 a8=0.133117
f9=0.021906 a9=0.111211
f10=0.016482 a10=0.094729
f11=0.012743 a11=0.081986
f12=0.010075 a12=0.071912
f13=0.008117 a13=0.063795
f14=0.006645 a14=0.057151
f15=0.005515 a15=0.051635
f16=0.004633 a16=0.047002
f17=0.003934 a17=0.043068
f18=0.003371 a18=0.039697
f19=0.002913 a19=0.036784
f20=0.002537 a20=0.034247
f21=0.002223 a21=0.032024
f22=0.001961 a22=0.030063
f23=0.001739 a23=0.028324
f24=0.001550 a24=0.026773
f25=0.001389 a25=0.025385
f26=0.001249 a26=0.024136
f27=0.001128 a27=0.023007
f28=0.001023 a28=0.021985
f29=0.000930 a29=0.021055
f30=0.000849 a30=0.020206
f31=0.000777 a31=0.019429
f32=0.000713 a32=0.018716
f33=0.000656 a33=0.018060
f34=0.000605 a34=0.017455
f35=0.000560 a35=0.016895
f36=0.000519 a36=0.016376
f37=0.000482 a37=0.015894
f38=0.000448 a38=0.015446
f39=0.000418 a39=0.015028
f40=0.000390 a40=0.014637
f41=0.000365 a41=0.014272
f42=0.000342 a42=0.013930
f43=0.000321 a43=0.013609
f44=0.000302 a44=0.013307
f45=0.000284 a45=0.013023
f46=0.000268 a46=0.012756
f47=0.000253 a47=0.012503
f48=0.000239 a48=0.012264
f49=0.000226 a49=0.012039
f50=0.012039
[ 0.425392,  0.195639,  0.107102,  0.065465,  0.043177,  0.030107,  0.021906,  0.016482,  0.012743,  0.010075,  0.008117,  0.006645,  0.005515,  0.004633,  0.003934,  0.003371,  0.002913,  0.002537,  0.002223,  0.001961,  0.001739,  0.001550,  0.001389,  0.001249,  0.001128,  0.001023,  0.000930,  0.000849,  0.000777,  0.000713,  0.000656,  0.000605,  0.000560,  0.000519,  0.000482,  0.000448,  0.000418,  0.000390,  0.000365,  0.000342,  0.000321,  0.000302,  0.000284,  0.000268,  0.000253,  0.000239,  0.000226, 0.012039]
0.012039 == 0.012039

total 91367 nodes
[ 0.000449,  0.008745,  0.421542,  0.195913,  0.104392,  0.061543,  0.047446,  0.025425,  0.024320,  0.015323,  0.010212,  0.013812,  0.009785,  0.003535,  0.005275,  0.008198,  0.001795,  0.002846,  0.003601,  0.001937,  0.002386,  0.002408,  0.000832,  0.003382,  0.000252,  0.001904,  0.000493,  0.002090,  0.000657,  0.000219,  0.000733,  0.001324,  0.000274,  0.000493,  0.000109,  0.000974,  0.000011,  0.000668,  0.000317,  0.000952,  0.000865,  0.000306,  0.000000,  0.000865,  0.000011,  0.000175,  0.000854,  0.000044,  0.001105,  0.009205,  0.000000,  0.000000,  0.000000,  0.000000,  0.000000,  0.000000,  0.000000,  0.000000,  0.000000,  0.000000,  0.000000,  0.000000,  0.000000,  0.000000,  0.000000,  0.000000,  0.000000,  0.000000,  0.000000,  0.000000,  0.000000,  0.000000,  0.000000,  0.000000,  0.000000,  0.000000,  0.000000,  0.000000,  0.000000,  0.000000,  0.000000,  0.000000,  0.000000,  0.000000,  0.000000,  0.000000,  0.000000,  0.000000,  0.000000,  0.000000,  0.000000,  0.000000,  0.000000,  0.000000,  0.000000,  0.000000,  0.000000,  0.000000,  0.000000,  0.000000,  0.000000,  0.000000,  0.000000,  0.000000,  0.000000,  0.000000,  0.000000,  0.000000,  0.000000,  0.000000,  0.000000,  0.000000,  0.000000,  0.000000,  0.000000,  0.000000,  0.000000,  0.000000,  0.000000,  0.000000,  0.000000,  0.000000,  0.000000,  0.000000,  0.000000,  0.000000,  0.000000,  0.000000,  0.000000,  0.000000,  0.000000,  0.000000,  0.000000,  0.000000,  0.000000,  0.000000,  0.000000,  0.000000,  0.000000,  0.000000,  0.000000,  0.000000,  0.000000,  0.000000,  0.000000,  0.000000,  0.000000,  0.000000,  0.000000,  0.000000,  0.000000,  0.000000,  0.000000,  0.000000,  0.000000,  0.000000,  0.000000,  0.000000,  0.000000,  0.000000,  0.000000,  0.000000,  0.000000,  0.000000,  0.000000,  0.000000,  0.000000,  0.000000,  0.000000,  0.000000,  0.000000,  0.000000,  0.000000,  0.000000,  0.000000,  0.000000,  0.000000,  0.000000,  0.000000,  0.000000,  0.000000,  0.000000,  0.000000,  0.000000,  0.000000,  0.000000,  0.000000,  0.000000,  0.000000,  0.000000,  0.000000,  0.000000,  0.000000,  0.000000,  0.000000,  0.000000,  0.000000,  0.000000,  0.000000,  0.000000,  0.000000,  0.000000,  0.000000,  0.000000,  0.000000,  0.000000,  0.000000,  0.000000,  0.000000,  0.000000,  0.000000,  0.000000,  0.000000,  0.000000,  0.000000,  0.000000,  0.000000,  0.000000,  0.000000,  0.000000,  0.000000,  0.000000,  0.000000,  0.000000,  0.000000,  0.000000,  0.000000,  0.000000,  0.000000,  0.000000,  0.000000,  0.000000,  0.000000,  0.000000,  0.000000,  0.000000,  0.000000,  0.000000,  0.000000,  0.000000,  0.000000,  0.000000,  0.000000,  0.000000,  0.000000,  0.000000,  0.000000,  0.000000,  0.000000,  0.000000,  0.000000,  0.000000,  0.000000,  0.000000,  0.000000,  0.000000,  0.000000,  0.000000,  0.000000,  0.000000,  0.000000,  0.000000,  0.000000,  0.000000,  0.000000,  0.000000,  0.000000,  0.000000,  0.000000,  0.000000,  0.000000,  0.000000,  0.000000,  0.000000,  0.000000,  0.000000,  0.000000,  0.000000,  0.000000,  0.000000,  0.000000,  0.000000,  0.000000,  0.000000,  0.000000,  0.000000,  0.000000,  0.000000,  0.000000,  0.000000,  0.000000,  0.000000,  0.000000,  0.000000,  0.000000,  0.000000,  0.000000,  0.000000,  0.000000,  0.000000,  0.000000,  0.000000,  0.000000,  0.000000,  0.000000,  0.000000,  0.000000,  0.000000,  0.000000,  0.000000,  0.000000,  0.000000,  0.000000,  0.000000,  0.000000,  0.000000,  0.000000,  0.000000,  0.000000,  0.000000,  0.000000,  0.000000,  0.000000,  0.000000,  0.000000,  0.000000,  0.000000,  0.000000,  0.000000,  0.000000,  0.000000,  0.000000,  0.000000,  0.000000,  0.000000,  0.000000,  0.000000,  0.000000,  0.000000,  0.000000,  0.000000,  0.000000,  0.000000,  0.000000,  0.000000,  0.000000,  0.000000,  0.000000,  0.000000,  0.000000,  0.000000,  0.000000,  0.000000,  0.000000,  0.000000,  0.000000,  0.000000,  0.000000,  0.000000,  0.000000,  0.000000,  0.000000,  0.000000,  0.000000,  0.000000,  0.000000,  0.000000,  0.000000,  0.000000,  0.000000,  0.000000,  0.000000,  0.000000,  0.000000,  0.000000,  0.000000,  0.000000,  0.000000,  0.000000,  0.000000,  0.000000,  0.000000,  0.000000,  0.000000,  0.000000,  0.000000,  0.000000,  0.000000,  0.000000,  0.000000,  0.000000,  0.000000,  0.000000,  0.000000,  0.000000,  0.000000,  0.000000,  0.000000,  0.000000,  0.000000,  0.000000,  0.000000,  0.000000,  0.000000,  0.000000,  0.000000,  0.000000,  0.000000,  0.000000,  0.000000,  0.000000,  0.000000,  0.000000,  0.000000,  0.000000,  0.000000,  0.000000,  0.000000,  0.000000,  0.000000,  0.000000,  0.000000,  0.000000,  0.000000,  0.000000,  0.000000,  0.000000,  0.000000,  0.000000,  0.000000,  0.000000,  0.000000,  0.000000,  0.000000,  0.000000,  0.000000,  0.000000,  0.000000,  0.000000,  0.000000,  0.000000,  0.000000,  0.000000,  0.000000,  0.000000,  0.000000,  0.000000,  0.000000,  0.000000,  0.000000,  0.000000,  0.000000,  0.000000,  0.000000,  0.000000,  0.000000,  0.000000,  0.000000,  0.000000,  0.000000,  0.000000,  0.000000,  0.000000,  0.000000,  0.000000,  0.000000,  0.000000,  0.000000,  0.000000,  0.000000,  0.000000,  0.000000,  0.000000,  0.000000,  0.000000,  0.000000,  0.000000,  0.000000,  0.000000,  0.000000,  0.000000,  0.000000,  0.000000,  0.000000,  0.000000,  0.000000,  0.000000,  0.000000,  0.000000,  0.000000,  0.000000,  0.000000,  0.000000,  0.000000,  0.000000,  0.000000,  0.000000,  0.000000,  0.000000,  0.000000 ]
checksum = 1.000000
Repeated 1 time
f3=0.425392 a3=0.574608
f4=0.195639 a4=0.378969
f5=0.107102 a5=0.271867
f6=0.065465 a6=0.206402
f7=0.043177 a7=0.163225
f8=0.030107 a8=0.133117
f9=0.021906 a9=0.111211
f10=0.016482 a10=0.094729
f11=0.012743 a11=0.081986
f12=0.010075 a12=0.071912
f13=0.008117 a13=0.063795
f14=0.006645 a14=0.057151
f15=0.005515 a15=0.051635
f16=0.004633 a16=0.047002
f17=0.003934 a17=0.043068
f18=0.003371 a18=0.039697
f19=0.002913 a19=0.036784
f20=0.002537 a20=0.034247
f21=0.002223 a21=0.032024
f22=0.001961 a22=0.030063
f23=0.001739 a23=0.028324
f24=0.001550 a24=0.026773
f25=0.001389 a25=0.025385
f26=0.001249 a26=0.024136
f27=0.001128 a27=0.023007
f28=0.001023 a28=0.021985
f29=0.000930 a29=0.021055
f30=0.000849 a30=0.020206
f31=0.000777 a31=0.019429
f32=0.000713 a32=0.018716
f33=0.000656 a33=0.018060
f34=0.000605 a34=0.017455
f35=0.000560 a35=0.016895
f36=0.000519 a36=0.016376
f37=0.000482 a37=0.015894
f38=0.000448 a38=0.015446
f39=0.000418 a39=0.015028
f40=0.000390 a40=0.014637
f41=0.000365 a41=0.014272
f42=0.000342 a42=0.013930
f43=0.000321 a43=0.013609
f44=0.000302 a44=0.013307
f45=0.000284 a45=0.013023
f46=0.000268 a46=0.012756
f47=0.000253 a47=0.012503
f48=0.000239 a48=0.012264
f49=0.000226 a49=0.012039
f50=0.012039
[ 0.425392,  0.195639,  0.107102,  0.065465,  0.043177,  0.030107,  0.021906,  0.016482,  0.012743,  0.010075,  0.008117,  0.006645,  0.005515,  0.004633,  0.003934,  0.003371,  0.002913,  0.002537,  0.002223,  0.001961,  0.001739,  0.001550,  0.001389,  0.001249,  0.001128,  0.001023,  0.000930,  0.000849,  0.000777,  0.000713,  0.000656,  0.000605,  0.000560,  0.000519,  0.000482,  0.000448,  0.000418,  0.000390,  0.000365,  0.000342,  0.000321,  0.000302,  0.000284,  0.000268,  0.000253,  0.000239,  0.000226, 0.012039]
0.012039 == 0.012039

total 92002 nodes
[ 0.000293,  0.008511,  0.425154,  0.190148,  0.107519,  0.064814,  0.040510,  0.034597,  0.019347,  0.014837,  0.010141,  0.008348,  0.013684,  0.005717,  0.005359,  0.003739,  0.003772,  0.003511,  0.004196,  0.001402,  0.002717,  0.001989,  0.002011,  0.001902,  0.001815,  0.001609,  0.000196,  0.001293,  0.000696,  0.000217,  0.001848,  0.000641,  0.000685,  0.000391,  0.000533,  0.000565,  0.000674,  0.000500,  0.000098,  0.000087,  0.000413,  0.000989,  0.000011,  0.001185,  0.000011,  0.000196,  0.000576,  0.000141,  0.000750,  0.009663,  0.000000,  0.000000,  0.000000,  0.000000,  0.000000,  0.000000,  0.000000,  0.000000,  0.000000,  0.000000,  0.000000,  0.000000,  0.000000,  0.000000,  0.000000,  0.000000,  0.000000,  0.000000,  0.000000,  0.000000,  0.000000,  0.000000,  0.000000,  0.000000,  0.000000,  0.000000,  0.000000,  0.000000,  0.000000,  0.000000,  0.000000,  0.000000,  0.000000,  0.000000,  0.000000,  0.000000,  0.000000,  0.000000,  0.000000,  0.000000,  0.000000,  0.000000,  0.000000,  0.000000,  0.000000,  0.000000,  0.000000,  0.000000,  0.000000,  0.000000,  0.000000,  0.000000,  0.000000,  0.000000,  0.000000,  0.000000,  0.000000,  0.000000,  0.000000,  0.000000,  0.000000,  0.000000,  0.000000,  0.000000,  0.000000,  0.000000,  0.000000,  0.000000,  0.000000,  0.000000,  0.000000,  0.000000,  0.000000,  0.000000,  0.000000,  0.000000,  0.000000,  0.000000,  0.000000,  0.000000,  0.000000,  0.000000,  0.000000,  0.000000,  0.000000,  0.000000,  0.000000,  0.000000,  0.000000,  0.000000,  0.000000,  0.000000,  0.000000,  0.000000,  0.000000,  0.000000,  0.000000,  0.000000,  0.000000,  0.000000,  0.000000,  0.000000,  0.000000,  0.000000,  0.000000,  0.000000,  0.000000,  0.000000,  0.000000,  0.000000,  0.000000,  0.000000,  0.000000,  0.000000,  0.000000,  0.000000,  0.000000,  0.000000,  0.000000,  0.000000,  0.000000,  0.000000,  0.000000,  0.000000,  0.000000,  0.000000,  0.000000,  0.000000,  0.000000,  0.000000,  0.000000,  0.000000,  0.000000,  0.000000,  0.000000,  0.000000,  0.000000,  0.000000,  0.000000,  0.000000,  0.000000,  0.000000,  0.000000,  0.000000,  0.000000,  0.000000,  0.000000,  0.000000,  0.000000,  0.000000,  0.000000,  0.000000,  0.000000,  0.000000,  0.000000,  0.000000,  0.000000,  0.000000,  0.000000,  0.000000,  0.000000,  0.000000,  0.000000,  0.000000,  0.000000,  0.000000,  0.000000,  0.000000,  0.000000,  0.000000,  0.000000,  0.000000,  0.000000,  0.000000,  0.000000,  0.000000,  0.000000,  0.000000,  0.000000,  0.000000,  0.000000,  0.000000,  0.000000,  0.000000,  0.000000,  0.000000,  0.000000,  0.000000,  0.000000,  0.000000,  0.000000,  0.000000,  0.000000,  0.000000,  0.000000,  0.000000,  0.000000,  0.000000,  0.000000,  0.000000,  0.000000,  0.000000,  0.000000,  0.000000,  0.000000,  0.000000,  0.000000,  0.000000,  0.000000,  0.000000,  0.000000,  0.000000,  0.000000,  0.000000,  0.000000,  0.000000,  0.000000,  0.000000,  0.000000,  0.000000,  0.000000,  0.000000,  0.000000,  0.000000,  0.000000,  0.000000,  0.000000,  0.000000,  0.000000,  0.000000,  0.000000,  0.000000,  0.000000,  0.000000,  0.000000,  0.000000,  0.000000,  0.000000,  0.000000,  0.000000,  0.000000,  0.000000,  0.000000,  0.000000,  0.000000,  0.000000,  0.000000,  0.000000,  0.000000,  0.000000,  0.000000,  0.000000,  0.000000,  0.000000,  0.000000,  0.000000,  0.000000,  0.000000,  0.000000,  0.000000,  0.000000,  0.000000,  0.000000,  0.000000,  0.000000,  0.000000,  0.000000,  0.000000,  0.000000,  0.000000,  0.000000,  0.000000,  0.000000,  0.000000,  0.000000,  0.000000,  0.000000,  0.000000,  0.000000,  0.000000,  0.000000,  0.000000,  0.000000,  0.000000,  0.000000,  0.000000,  0.000000,  0.000000,  0.000000,  0.000000,  0.000000,  0.000000,  0.000000,  0.000000,  0.000000,  0.000000,  0.000000,  0.000000,  0.000000,  0.000000,  0.000000,  0.000000,  0.000000,  0.000000,  0.000000,  0.000000,  0.000000,  0.000000,  0.000000,  0.000000,  0.000000,  0.000000,  0.000000,  0.000000,  0.000000,  0.000000,  0.000000,  0.000000,  0.000000,  0.000000,  0.000000,  0.000000,  0.000000,  0.000000,  0.000000,  0.000000,  0.000000,  0.000000,  0.000000,  0.000000,  0.000000,  0.000000,  0.000000,  0.000000,  0.000000,  0.000000,  0.000000,  0.000000,  0.000000,  0.000000,  0.000000,  0.000000,  0.000000,  0.000000,  0.000000,  0.000000,  0.000000,  0.000000,  0.000000,  0.000000,  0.000000,  0.000000,  0.000000,  0.000000,  0.000000,  0.000000,  0.000000,  0.000000,  0.000000,  0.000000,  0.000000,  0.000000,  0.000000,  0.000000,  0.000000,  0.000000,  0.000000,  0.000000,  0.000000,  0.000000,  0.000000,  0.000000,  0.000000,  0.000000,  0.000000,  0.000000,  0.000000,  0.000000,  0.000000,  0.000000,  0.000000,  0.000000,  0.000000,  0.000000,  0.000000,  0.000000,  0.000000,  0.000000,  0.000000,  0.000000,  0.000000,  0.000000,  0.000000,  0.000000,  0.000000,  0.000000,  0.000000,  0.000000,  0.000000,  0.000000,  0.000000,  0.000000,  0.000000,  0.000000,  0.000000,  0.000000,  0.000000,  0.000000,  0.000000,  0.000000,  0.000000,  0.000000,  0.000000,  0.000000,  0.000000,  0.000000,  0.000000,  0.000000,  0.000000,  0.000000,  0.000000,  0.000000,  0.000000,  0.000000,  0.000000,  0.000000,  0.000000,  0.000000,  0.000000,  0.000000,  0.000000,  0.000000,  0.000000,  0.000000,  0.000000,  0.000000,  0.000000,  0.000000,  0.000000,  0.000000,  0.000000,  0.000000,  0.000000,  0.000000,  0.000000,  0.000000,  0.000000,  0.000000,  0.000000,  0.000000 ]
checksum = 1.000000
Repeated 2 time
f3=0.425392 a3=0.574608
f4=0.195639 a4=0.378969
f5=0.107102 a5=0.271867
f6=0.065465 a6=0.206402
f7=0.043177 a7=0.163225
f8=0.030107 a8=0.133117
f9=0.021906 a9=0.111211
f10=0.016482 a10=0.094729
f11=0.012743 a11=0.081986
f12=0.010075 a12=0.071912
f13=0.008117 a13=0.063795
f14=0.006645 a14=0.057151
f15=0.005515 a15=0.051635
f16=0.004633 a16=0.047002
f17=0.003934 a17=0.043068
f18=0.003371 a18=0.039697
f19=0.002913 a19=0.036784
f20=0.002537 a20=0.034247
f21=0.002223 a21=0.032024
f22=0.001961 a22=0.030063
f23=0.001739 a23=0.028324
f24=0.001550 a24=0.026773
f25=0.001389 a25=0.025385
f26=0.001249 a26=0.024136
f27=0.001128 a27=0.023007
f28=0.001023 a28=0.021985
f29=0.000930 a29=0.021055
f30=0.000849 a30=0.020206
f31=0.000777 a31=0.019429
f32=0.000713 a32=0.018716
f33=0.000656 a33=0.018060
f34=0.000605 a34=0.017455
f35=0.000560 a35=0.016895
f36=0.000519 a36=0.016376
f37=0.000482 a37=0.015894
f38=0.000448 a38=0.015446
f39=0.000418 a39=0.015028
f40=0.000390 a40=0.014637
f41=0.000365 a41=0.014272
f42=0.000342 a42=0.013930
f43=0.000321 a43=0.013609
f44=0.000302 a44=0.013307
f45=0.000284 a45=0.013023
f46=0.000268 a46=0.012756
f47=0.000253 a47=0.012503
f48=0.000239 a48=0.012264
f49=0.000226 a49=0.012039
f50=0.012039
[ 0.425392,  0.195639,  0.107102,  0.065465,  0.043177,  0.030107,  0.021906,  0.016482,  0.012743,  0.010075,  0.008117,  0.006645,  0.005515,  0.004633,  0.003934,  0.003371,  0.002913,  0.002537,  0.002223,  0.001961,  0.001739,  0.001550,  0.001389,  0.001249,  0.001128,  0.001023,  0.000930,  0.000849,  0.000777,  0.000713,  0.000656,  0.000605,  0.000560,  0.000519,  0.000482,  0.000448,  0.000418,  0.000390,  0.000365,  0.000342,  0.000321,  0.000302,  0.000284,  0.000268,  0.000253,  0.000239,  0.000226, 0.012039]
0.012039 == 0.012039

total 91940 nodes
[ 0.000326,  0.009115,  0.425941,  0.186937,  0.110170,  0.059920,  0.045029,  0.033402,  0.018338,  0.017142,  0.011399,  0.010888,  0.010670,  0.003774,  0.003698,  0.005612,  0.004253,  0.004035,  0.003274,  0.001588,  0.001044,  0.005623,  0.000359,  0.001729,  0.000609,  0.001447,  0.000979,  0.000663,  0.001142,  0.001642,  0.000500,  0.000935,  0.000718,  0.000261,  0.001403,  0.000305,  0.000163,  0.000805,  0.000218,  0.000838,  0.000065,  0.000457,  0.000076,  0.000228,  0.000620,  0.000174,  0.000533,  0.000446,  0.001066,  0.009441,  0.000000,  0.000000,  0.000000,  0.000000,  0.000000,  0.000000,  0.000000,  0.000000,  0.000000,  0.000000,  0.000000,  0.000000,  0.000000,  0.000000,  0.000000,  0.000000,  0.000000,  0.000000,  0.000000,  0.000000,  0.000000,  0.000000,  0.000000,  0.000000,  0.000000,  0.000000,  0.000000,  0.000000,  0.000000,  0.000000,  0.000000,  0.000000,  0.000000,  0.000000,  0.000000,  0.000000,  0.000000,  0.000000,  0.000000,  0.000000,  0.000000,  0.000000,  0.000000,  0.000000,  0.000000,  0.000000,  0.000000,  0.000000,  0.000000,  0.000000,  0.000000,  0.000000,  0.000000,  0.000000,  0.000000,  0.000000,  0.000000,  0.000000,  0.000000,  0.000000,  0.000000,  0.000000,  0.000000,  0.000000,  0.000000,  0.000000,  0.000000,  0.000000,  0.000000,  0.000000,  0.000000,  0.000000,  0.000000,  0.000000,  0.000000,  0.000000,  0.000000,  0.000000,  0.000000,  0.000000,  0.000000,  0.000000,  0.000000,  0.000000,  0.000000,  0.000000,  0.000000,  0.000000,  0.000000,  0.000000,  0.000000,  0.000000,  0.000000,  0.000000,  0.000000,  0.000000,  0.000000,  0.000000,  0.000000,  0.000000,  0.000000,  0.000000,  0.000000,  0.000000,  0.000000,  0.000000,  0.000000,  0.000000,  0.000000,  0.000000,  0.000000,  0.000000,  0.000000,  0.000000,  0.000000,  0.000000,  0.000000,  0.000000,  0.000000,  0.000000,  0.000000,  0.000000,  0.000000,  0.000000,  0.000000,  0.000000,  0.000000,  0.000000,  0.000000,  0.000000,  0.000000,  0.000000,  0.000000,  0.000000,  0.000000,  0.000000,  0.000000,  0.000000,  0.000000,  0.000000,  0.000000,  0.000000,  0.000000,  0.000000,  0.000000,  0.000000,  0.000000,  0.000000,  0.000000,  0.000000,  0.000000,  0.000000,  0.000000,  0.000000,  0.000000,  0.000000,  0.000000,  0.000000,  0.000000,  0.000000,  0.000000,  0.000000,  0.000000,  0.000000,  0.000000,  0.000000,  0.000000,  0.000000,  0.000000,  0.000000,  0.000000,  0.000000,  0.000000,  0.000000,  0.000000,  0.000000,  0.000000,  0.000000,  0.000000,  0.000000,  0.000000,  0.000000,  0.000000,  0.000000,  0.000000,  0.000000,  0.000000,  0.000000,  0.000000,  0.000000,  0.000000,  0.000000,  0.000000,  0.000000,  0.000000,  0.000000,  0.000000,  0.000000,  0.000000,  0.000000,  0.000000,  0.000000,  0.000000,  0.000000,  0.000000,  0.000000,  0.000000,  0.000000,  0.000000,  0.000000,  0.000000,  0.000000,  0.000000,  0.000000,  0.000000,  0.000000,  0.000000,  0.000000,  0.000000,  0.000000,  0.000000,  0.000000,  0.000000,  0.000000,  0.000000,  0.000000,  0.000000,  0.000000,  0.000000,  0.000000,  0.000000,  0.000000,  0.000000,  0.000000,  0.000000,  0.000000,  0.000000,  0.000000,  0.000000,  0.000000,  0.000000,  0.000000,  0.000000,  0.000000,  0.000000,  0.000000,  0.000000,  0.000000,  0.000000,  0.000000,  0.000000,  0.000000,  0.000000,  0.000000,  0.000000,  0.000000,  0.000000,  0.000000,  0.000000,  0.000000,  0.000000,  0.000000,  0.000000,  0.000000,  0.000000,  0.000000,  0.000000,  0.000000,  0.000000,  0.000000,  0.000000,  0.000000,  0.000000,  0.000000,  0.000000,  0.000000,  0.000000,  0.000000,  0.000000,  0.000000,  0.000000,  0.000000,  0.000000,  0.000000,  0.000000,  0.000000,  0.000000,  0.000000,  0.000000,  0.000000,  0.000000,  0.000000,  0.000000,  0.000000,  0.000000,  0.000000,  0.000000,  0.000000,  0.000000,  0.000000,  0.000000,  0.000000,  0.000000,  0.000000,  0.000000,  0.000000,  0.000000,  0.000000,  0.000000,  0.000000,  0.000000,  0.000000,  0.000000,  0.000000,  0.000000,  0.000000,  0.000000,  0.000000,  0.000000,  0.000000,  0.000000,  0.000000,  0.000000,  0.000000,  0.000000,  0.000000,  0.000000,  0.000000,  0.000000,  0.000000,  0.000000,  0.000000,  0.000000,  0.000000,  0.000000,  0.000000,  0.000000,  0.000000,  0.000000,  0.000000,  0.000000,  0.000000,  0.000000,  0.000000,  0.000000,  0.000000,  0.000000,  0.000000,  0.000000,  0.000000,  0.000000,  0.000000,  0.000000,  0.000000,  0.000000,  0.000000,  0.000000,  0.000000,  0.000000,  0.000000,  0.000000,  0.000000,  0.000000,  0.000000,  0.000000,  0.000000,  0.000000,  0.000000,  0.000000,  0.000000,  0.000000,  0.000000,  0.000000,  0.000000,  0.000000,  0.000000,  0.000000,  0.000000,  0.000000,  0.000000,  0.000000,  0.000000,  0.000000,  0.000000,  0.000000,  0.000000,  0.000000,  0.000000,  0.000000,  0.000000,  0.000000,  0.000000,  0.000000,  0.000000,  0.000000,  0.000000,  0.000000,  0.000000,  0.000000,  0.000000,  0.000000,  0.000000,  0.000000,  0.000000,  0.000000,  0.000000,  0.000000,  0.000000,  0.000000,  0.000000,  0.000000,  0.000000,  0.000000,  0.000000,  0.000000,  0.000000,  0.000000,  0.000000,  0.000000,  0.000000,  0.000000,  0.000000,  0.000000,  0.000000,  0.000000,  0.000000,  0.000000,  0.000000,  0.000000,  0.000000,  0.000000,  0.000000,  0.000000,  0.000000,  0.000000,  0.000000,  0.000000,  0.000000,  0.000000,  0.000000,  0.000000,  0.000000,  0.000000,  0.000000,  0.000000,  0.000000,  0.000000,  0.000000,  0.000000,  0.000000 ]
checksum = 1.000000
Repeated 3 time
f3=0.425392 a3=0.574608
f4=0.195639 a4=0.378969
f5=0.107102 a5=0.271867
f6=0.065465 a6=0.206402
f7=0.043177 a7=0.163225
f8=0.030107 a8=0.133117
f9=0.021906 a9=0.111211
f10=0.016482 a10=0.094729
f11=0.012743 a11=0.081986
f12=0.010075 a12=0.071912
f13=0.008117 a13=0.063795
f14=0.006645 a14=0.057151
f15=0.005515 a15=0.051635
f16=0.004633 a16=0.047002
f17=0.003934 a17=0.043068
f18=0.003371 a18=0.039697
f19=0.002913 a19=0.036784
f20=0.002537 a20=0.034247
f21=0.002223 a21=0.032024
f22=0.001961 a22=0.030063
f23=0.001739 a23=0.028324
f24=0.001550 a24=0.026773
f25=0.001389 a25=0.025385
f26=0.001249 a26=0.024136
f27=0.001128 a27=0.023007
f28=0.001023 a28=0.021985
f29=0.000930 a29=0.021055
f30=0.000849 a30=0.020206
f31=0.000777 a31=0.019429
f32=0.000713 a32=0.018716
f33=0.000656 a33=0.018060
f34=0.000605 a34=0.017455
f35=0.000560 a35=0.016895
f36=0.000519 a36=0.016376
f37=0.000482 a37=0.015894
f38=0.000448 a38=0.015446
f39=0.000418 a39=0.015028
f40=0.000390 a40=0.014637
f41=0.000365 a41=0.014272
f42=0.000342 a42=0.013930
f43=0.000321 a43=0.013609
f44=0.000302 a44=0.013307
f45=0.000284 a45=0.013023
f46=0.000268 a46=0.012756
f47=0.000253 a47=0.012503
f48=0.000239 a48=0.012264
f49=0.000226 a49=0.012039
f50=0.012039
[ 0.425392,  0.195639,  0.107102,  0.065465,  0.043177,  0.030107,  0.021906,  0.016482,  0.012743,  0.010075,  0.008117,  0.006645,  0.005515,  0.004633,  0.003934,  0.003371,  0.002913,  0.002537,  0.002223,  0.001961,  0.001739,  0.001550,  0.001389,  0.001249,  0.001128,  0.001023,  0.000930,  0.000849,  0.000777,  0.000713,  0.000656,  0.000605,  0.000560,  0.000519,  0.000482,  0.000448,  0.000418,  0.000390,  0.000365,  0.000342,  0.000321,  0.000302,  0.000284,  0.000268,  0.000253,  0.000239,  0.000226, 0.012039]
0.012039 == 0.012039

total 91619 nodes
[ 0.000306,  0.009638,  0.422936,  0.191947,  0.105546,  0.066111,  0.046377,  0.026828,  0.022157,  0.015805,  0.009005,  0.013207,  0.006320,  0.007095,  0.006320,  0.006800,  0.002991,  0.002139,  0.002620,  0.003362,  0.002052,  0.000218,  0.001091,  0.001583,  0.003438,  0.001375,  0.000448,  0.002729,  0.000055,  0.000491,  0.000458,  0.000502,  0.000677,  0.000655,  0.000917,  0.000524,  0.000895,  0.000327,  0.000393,  0.000033,  0.000295,  0.000775,  0.000109,  0.000557,  0.000109,  0.000055,  0.000022,  0.001102,  0.001517,  0.009092,  0.000000,  0.000000,  0.000000,  0.000000,  0.000000,  0.000000,  0.000000,  0.000000,  0.000000,  0.000000,  0.000000,  0.000000,  0.000000,  0.000000,  0.000000,  0.000000,  0.000000,  0.000000,  0.000000,  0.000000,  0.000000,  0.000000,  0.000000,  0.000000,  0.000000,  0.000000,  0.000000,  0.000000,  0.000000,  0.000000,  0.000000,  0.000000,  0.000000,  0.000000,  0.000000,  0.000000,  0.000000,  0.000000,  0.000000,  0.000000,  0.000000,  0.000000,  0.000000,  0.000000,  0.000000,  0.000000,  0.000000,  0.000000,  0.000000,  0.000000,  0.000000,  0.000000,  0.000000,  0.000000,  0.000000,  0.000000,  0.000000,  0.000000,  0.000000,  0.000000,  0.000000,  0.000000,  0.000000,  0.000000,  0.000000,  0.000000,  0.000000,  0.000000,  0.000000,  0.000000,  0.000000,  0.000000,  0.000000,  0.000000,  0.000000,  0.000000,  0.000000,  0.000000,  0.000000,  0.000000,  0.000000,  0.000000,  0.000000,  0.000000,  0.000000,  0.000000,  0.000000,  0.000000,  0.000000,  0.000000,  0.000000,  0.000000,  0.000000,  0.000000,  0.000000,  0.000000,  0.000000,  0.000000,  0.000000,  0.000000,  0.000000,  0.000000,  0.000000,  0.000000,  0.000000,  0.000000,  0.000000,  0.000000,  0.000000,  0.000000,  0.000000,  0.000000,  0.000000,  0.000000,  0.000000,  0.000000,  0.000000,  0.000000,  0.000000,  0.000000,  0.000000,  0.000000,  0.000000,  0.000000,  0.000000,  0.000000,  0.000000,  0.000000,  0.000000,  0.000000,  0.000000,  0.000000,  0.000000,  0.000000,  0.000000,  0.000000,  0.000000,  0.000000,  0.000000,  0.000000,  0.000000,  0.000000,  0.000000,  0.000000,  0.000000,  0.000000,  0.000000,  0.000000,  0.000000,  0.000000,  0.000000,  0.000000,  0.000000,  0.000000,  0.000000,  0.000000,  0.000000,  0.000000,  0.000000,  0.000000,  0.000000,  0.000000,  0.000000,  0.000000,  0.000000,  0.000000,  0.000000,  0.000000,  0.000000,  0.000000,  0.000000,  0.000000,  0.000000,  0.000000,  0.000000,  0.000000,  0.000000,  0.000000,  0.000000,  0.000000,  0.000000,  0.000000,  0.000000,  0.000000,  0.000000,  0.000000,  0.000000,  0.000000,  0.000000,  0.000000,  0.000000,  0.000000,  0.000000,  0.000000,  0.000000,  0.000000,  0.000000,  0.000000,  0.000000,  0.000000,  0.000000,  0.000000,  0.000000,  0.000000,  0.000000,  0.000000,  0.000000,  0.000000,  0.000000,  0.000000,  0.000000,  0.000000,  0.000000,  0.000000,  0.000000,  0.000000,  0.000000,  0.000000,  0.000000,  0.000000,  0.000000,  0.000000,  0.000000,  0.000000,  0.000000,  0.000000,  0.000000,  0.000000,  0.000000,  0.000000,  0.000000,  0.000000,  0.000000,  0.000000,  0.000000,  0.000000,  0.000000,  0.000000,  0.000000,  0.000000,  0.000000,  0.000000,  0.000000,  0.000000,  0.000000,  0.000000,  0.000000,  0.000000,  0.000000,  0.000000,  0.000000,  0.000000,  0.000000,  0.000000,  0.000000,  0.000000,  0.000000,  0.000000,  0.000000,  0.000000,  0.000000,  0.000000,  0.000000,  0.000000,  0.000000,  0.000000,  0.000000,  0.000000,  0.000000,  0.000000,  0.000000,  0.000000,  0.000000,  0.000000,  0.000000,  0.000000,  0.000000,  0.000000,  0.000000,  0.000000,  0.000000,  0.000000,  0.000000,  0.000000,  0.000000,  0.000000,  0.000000,  0.000000,  0.000000,  0.000000,  0.000000,  0.000000,  0.000000,  0.000000,  0.000000,  0.000000,  0.000000,  0.000000,  0.000000,  0.000000,  0.000000,  0.000000,  0.000000,  0.000000,  0.000000,  0.000000,  0.000000,  0.000000,  0.000000,  0.000000,  0.000000,  0.000000,  0.000000,  0.000000,  0.000000,  0.000000,  0.000000,  0.000000,  0.000000,  0.000000,  0.000000,  0.000000,  0.000000,  0.000000,  0.000000,  0.000000,  0.000000,  0.000000,  0.000000,  0.000000,  0.000000,  0.000000,  0.000000,  0.000000,  0.000000,  0.000000,  0.000000,  0.000000,  0.000000,  0.000000,  0.000000,  0.000000,  0.000000,  0.000000,  0.000000,  0.000000,  0.000000,  0.000000,  0.000000,  0.000000,  0.000000,  0.000000,  0.000000,  0.000000,  0.000000,  0.000000,  0.000000,  0.000000,  0.000000,  0.000000,  0.000000,  0.000000,  0.000000,  0.000000,  0.000000,  0.000000,  0.000000,  0.000000,  0.000000,  0.000000,  0.000000,  0.000000,  0.000000,  0.000000,  0.000000,  0.000000,  0.000000,  0.000000,  0.000000,  0.000000,  0.000000,  0.000000,  0.000000,  0.000000,  0.000000,  0.000000,  0.000000,  0.000000,  0.000000,  0.000000,  0.000000,  0.000000,  0.000000,  0.000000,  0.000000,  0.000000,  0.000000,  0.000000,  0.000000,  0.000000,  0.000000,  0.000000,  0.000000,  0.000000,  0.000000,  0.000000,  0.000000,  0.000000,  0.000000,  0.000000,  0.000000,  0.000000,  0.000000,  0.000000,  0.000000,  0.000000,  0.000000,  0.000000,  0.000000,  0.000000,  0.000000,  0.000000,  0.000000,  0.000000,  0.000000,  0.000000,  0.000000,  0.000000,  0.000000,  0.000000,  0.000000,  0.000000,  0.000000,  0.000000,  0.000000,  0.000000,  0.000000,  0.000000,  0.000000,  0.000000,  0.000000,  0.000000,  0.000000,  0.000000,  0.000000,  0.000000,  0.000000,  0.000000,  0.000000,  0.000000 ]
checksum = 1.000000
Repeated 4 time
f3=0.425392 a3=0.574608
f4=0.195639 a4=0.378969
f5=0.107102 a5=0.271867
f6=0.065465 a6=0.206402
f7=0.043177 a7=0.163225
f8=0.030107 a8=0.133117
f9=0.021906 a9=0.111211
f10=0.016482 a10=0.094729
f11=0.012743 a11=0.081986
f12=0.010075 a12=0.071912
f13=0.008117 a13=0.063795
f14=0.006645 a14=0.057151
f15=0.005515 a15=0.051635
f16=0.004633 a16=0.047002
f17=0.003934 a17=0.043068
f18=0.003371 a18=0.039697
f19=0.002913 a19=0.036784
f20=0.002537 a20=0.034247
f21=0.002223 a21=0.032024
f22=0.001961 a22=0.030063
f23=0.001739 a23=0.028324
f24=0.001550 a24=0.026773
f25=0.001389 a25=0.025385
f26=0.001249 a26=0.024136
f27=0.001128 a27=0.023007
f28=0.001023 a28=0.021985
f29=0.000930 a29=0.021055
f30=0.000849 a30=0.020206
f31=0.000777 a31=0.019429
f32=0.000713 a32=0.018716
f33=0.000656 a33=0.018060
f34=0.000605 a34=0.017455
f35=0.000560 a35=0.016895
f36=0.000519 a36=0.016376
f37=0.000482 a37=0.015894
f38=0.000448 a38=0.015446
f39=0.000418 a39=0.015028
f40=0.000390 a40=0.014637
f41=0.000365 a41=0.014272
f42=0.000342 a42=0.013930
f43=0.000321 a43=0.013609
f44=0.000302 a44=0.013307
f45=0.000284 a45=0.013023
f46=0.000268 a46=0.012756
f47=0.000253 a47=0.012503
f48=0.000239 a48=0.012264
f49=0.000226 a49=0.012039
f50=0.012039
[ 0.425392,  0.195639,  0.107102,  0.065465,  0.043177,  0.030107,  0.021906,  0.016482,  0.012743,  0.010075,  0.008117,  0.006645,  0.005515,  0.004633,  0.003934,  0.003371,  0.002913,  0.002537,  0.002223,  0.001961,  0.001739,  0.001550,  0.001389,  0.001249,  0.001128,  0.001023,  0.000930,  0.000849,  0.000777,  0.000713,  0.000656,  0.000605,  0.000560,  0.000519,  0.000482,  0.000448,  0.000418,  0.000390,  0.000365,  0.000342,  0.000321,  0.000302,  0.000284,  0.000268,  0.000253,  0.000239,  0.000226, 0.012039]
0.012039 == 0.012039

total 91644 nodes
[ 0.000327,  0.009308,  0.419351,  0.198049,  0.104459,  0.070217,  0.034721,  0.029527,  0.025315,  0.012679,  0.015211,  0.008860,  0.007256,  0.008140,  0.005216,  0.006918,  0.003088,  0.004103,  0.002117,  0.000513,  0.002259,  0.002455,  0.002390,  0.001189,  0.002073,  0.000873,  0.001539,  0.001331,  0.001069,  0.000447,  0.001506,  0.000196,  0.000284,  0.001113,  0.000731,  0.000469,  0.000120,  0.000120,  0.000022,  0.000087,  0.000131,  0.000393,  0.001648,  0.000131,  0.000164,  0.000273,  0.000393,  0.000186,  0.000971,  0.010061,  0.000000,  0.000000,  0.000000,  0.000000,  0.000000,  0.000000,  0.000000,  0.000000,  0.000000,  0.000000,  0.000000,  0.000000,  0.000000,  0.000000,  0.000000,  0.000000,  0.000000,  0.000000,  0.000000,  0.000000,  0.000000,  0.000000,  0.000000,  0.000000,  0.000000,  0.000000,  0.000000,  0.000000,  0.000000,  0.000000,  0.000000,  0.000000,  0.000000,  0.000000,  0.000000,  0.000000,  0.000000,  0.000000,  0.000000,  0.000000,  0.000000,  0.000000,  0.000000,  0.000000,  0.000000,  0.000000,  0.000000,  0.000000,  0.000000,  0.000000,  0.000000,  0.000000,  0.000000,  0.000000,  0.000000,  0.000000,  0.000000,  0.000000,  0.000000,  0.000000,  0.000000,  0.000000,  0.000000,  0.000000,  0.000000,  0.000000,  0.000000,  0.000000,  0.000000,  0.000000,  0.000000,  0.000000,  0.000000,  0.000000,  0.000000,  0.000000,  0.000000,  0.000000,  0.000000,  0.000000,  0.000000,  0.000000,  0.000000,  0.000000,  0.000000,  0.000000,  0.000000,  0.000000,  0.000000,  0.000000,  0.000000,  0.000000,  0.000000,  0.000000,  0.000000,  0.000000,  0.000000,  0.000000,  0.000000,  0.000000,  0.000000,  0.000000,  0.000000,  0.000000,  0.000000,  0.000000,  0.000000,  0.000000,  0.000000,  0.000000,  0.000000,  0.000000,  0.000000,  0.000000,  0.000000,  0.000000,  0.000000,  0.000000,  0.000000,  0.000000,  0.000000,  0.000000,  0.000000,  0.000000,  0.000000,  0.000000,  0.000000,  0.000000,  0.000000,  0.000000,  0.000000,  0.000000,  0.000000,  0.000000,  0.000000,  0.000000,  0.000000,  0.000000,  0.000000,  0.000000,  0.000000,  0.000000,  0.000000,  0.000000,  0.000000,  0.000000,  0.000000,  0.000000,  0.000000,  0.000000,  0.000000,  0.000000,  0.000000,  0.000000,  0.000000,  0.000000,  0.000000,  0.000000,  0.000000,  0.000000,  0.000000,  0.000000,  0.000000,  0.000000,  0.000000,  0.000000,  0.000000,  0.000000,  0.000000,  0.000000,  0.000000,  0.000000,  0.000000,  0.000000,  0.000000,  0.000000,  0.000000,  0.000000,  0.000000,  0.000000,  0.000000,  0.000000,  0.000000,  0.000000,  0.000000,  0.000000,  0.000000,  0.000000,  0.000000,  0.000000,  0.000000,  0.000000,  0.000000,  0.000000,  0.000000,  0.000000,  0.000000,  0.000000,  0.000000,  0.000000,  0.000000,  0.000000,  0.000000,  0.000000,  0.000000,  0.000000,  0.000000,  0.000000,  0.000000,  0.000000,  0.000000,  0.000000,  0.000000,  0.000000,  0.000000,  0.000000,  0.000000,  0.000000,  0.000000,  0.000000,  0.000000,  0.000000,  0.000000,  0.000000,  0.000000,  0.000000,  0.000000,  0.000000,  0.000000,  0.000000,  0.000000,  0.000000,  0.000000,  0.000000,  0.000000,  0.000000,  0.000000,  0.000000,  0.000000,  0.000000,  0.000000,  0.000000,  0.000000,  0.000000,  0.000000,  0.000000,  0.000000,  0.000000,  0.000000,  0.000000,  0.000000,  0.000000,  0.000000,  0.000000,  0.000000,  0.000000,  0.000000,  0.000000,  0.000000,  0.000000,  0.000000,  0.000000,  0.000000,  0.000000,  0.000000,  0.000000,  0.000000,  0.000000,  0.000000,  0.000000,  0.000000,  0.000000,  0.000000,  0.000000,  0.000000,  0.000000,  0.000000,  0.000000,  0.000000,  0.000000,  0.000000,  0.000000,  0.000000,  0.000000,  0.000000,  0.000000,  0.000000,  0.000000,  0.000000,  0.000000,  0.000000,  0.000000,  0.000000,  0.000000,  0.000000,  0.000000,  0.000000,  0.000000,  0.000000,  0.000000,  0.000000,  0.000000,  0.000000,  0.000000,  0.000000,  0.000000,  0.000000,  0.000000,  0.000000,  0.000000,  0.000000,  0.000000,  0.000000,  0.000000,  0.000000,  0.000000,  0.000000,  0.000000,  0.000000,  0.000000,  0.000000,  0.000000,  0.000000,  0.000000,  0.000000,  0.000000,  0.000000,  0.000000,  0.000000,  0.000000,  0.000000,  0.000000,  0.000000,  0.000000,  0.000000,  0.000000,  0.000000,  0.000000,  0.000000,  0.000000,  0.000000,  0.000000,  0.000000,  0.000000,  0.000000,  0.000000,  0.000000,  0.000000,  0.000000,  0.000000,  0.000000,  0.000000,  0.000000,  0.000000,  0.000000,  0.000000,  0.000000,  0.000000,  0.000000,  0.000000,  0.000000,  0.000000,  0.000000,  0.000000,  0.000000,  0.000000,  0.000000,  0.000000,  0.000000,  0.000000,  0.000000,  0.000000,  0.000000,  0.000000,  0.000000,  0.000000,  0.000000,  0.000000,  0.000000,  0.000000,  0.000000,  0.000000,  0.000000,  0.000000,  0.000000,  0.000000,  0.000000,  0.000000,  0.000000,  0.000000,  0.000000,  0.000000,  0.000000,  0.000000,  0.000000,  0.000000,  0.000000,  0.000000,  0.000000,  0.000000,  0.000000,  0.000000,  0.000000,  0.000000,  0.000000,  0.000000,  0.000000,  0.000000,  0.000000,  0.000000,  0.000000,  0.000000,  0.000000,  0.000000,  0.000000,  0.000000,  0.000000,  0.000000,  0.000000,  0.000000,  0.000000,  0.000000,  0.000000,  0.000000,  0.000000,  0.000000,  0.000000,  0.000000,  0.000000,  0.000000,  0.000000,  0.000000,  0.000000,  0.000000,  0.000000,  0.000000,  0.000000,  0.000000,  0.000000,  0.000000,  0.000000,  0.000000,  0.000000,  0.000000,  0.000000,  0.000000,  0.000000,  0.000000,  0.000000,  0.000000 ]
checksum = 1.000000
Repeated 5 time
f3=0.425392 a3=0.574608
f4=0.195639 a4=0.378969
f5=0.107102 a5=0.271867
f6=0.065465 a6=0.206402
f7=0.043177 a7=0.163225
f8=0.030107 a8=0.133117
f9=0.021906 a9=0.111211
f10=0.016482 a10=0.094729
f11=0.012743 a11=0.081986
f12=0.010075 a12=0.071912
f13=0.008117 a13=0.063795
f14=0.006645 a14=0.057151
f15=0.005515 a15=0.051635
f16=0.004633 a16=0.047002
f17=0.003934 a17=0.043068
f18=0.003371 a18=0.039697
f19=0.002913 a19=0.036784
f20=0.002537 a20=0.034247
f21=0.002223 a21=0.032024
f22=0.001961 a22=0.030063
f23=0.001739 a23=0.028324
f24=0.001550 a24=0.026773
f25=0.001389 a25=0.025385
f26=0.001249 a26=0.024136
f27=0.001128 a27=0.023007
f28=0.001023 a28=0.021985
f29=0.000930 a29=0.021055
f30=0.000849 a30=0.020206
f31=0.000777 a31=0.019429
f32=0.000713 a32=0.018716
f33=0.000656 a33=0.018060
f34=0.000605 a34=0.017455
f35=0.000560 a35=0.016895
f36=0.000519 a36=0.016376
f37=0.000482 a37=0.015894
f38=0.000448 a38=0.015446
f39=0.000418 a39=0.015028
f40=0.000390 a40=0.014637
f41=0.000365 a41=0.014272
f42=0.000342 a42=0.013930
f43=0.000321 a43=0.013609
f44=0.000302 a44=0.013307
f45=0.000284 a45=0.013023
f46=0.000268 a46=0.012756
f47=0.000253 a47=0.012503
f48=0.000239 a48=0.012264
f49=0.000226 a49=0.012039
f50=0.012039
[ 0.425392,  0.195639,  0.107102,  0.065465,  0.043177,  0.030107,  0.021906,  0.016482,  0.012743,  0.010075,  0.008117,  0.006645,  0.005515,  0.004633,  0.003934,  0.003371,  0.002913,  0.002537,  0.002223,  0.001961,  0.001739,  0.001550,  0.001389,  0.001249,  0.001128,  0.001023,  0.000930,  0.000849,  0.000777,  0.000713,  0.000656,  0.000605,  0.000560,  0.000519,  0.000482,  0.000448,  0.000418,  0.000390,  0.000365,  0.000342,  0.000321,  0.000302,  0.000284,  0.000268,  0.000253,  0.000239,  0.000226, 0.012039]
0.012039 == 0.012039

total 92062 nodes
[ 0.000467,  0.008559,  0.418175,  0.195749,  0.102388,  0.069562,  0.045361,  0.025461,  0.025483,  0.015826,  0.014773,  0.007191,  0.008364,  0.004432,  0.008277,  0.002998,  0.003726,  0.005312,  0.000793,  0.003117,  0.002878,  0.001999,  0.002683,  0.000717,  0.000434,  0.000771,  0.001401,  0.001336,  0.001195,  0.002270,  0.000228,  0.000250,  0.000880,  0.001282,  0.000130,  0.000206,  0.000663,  0.000272,  0.000261,  0.001086,  0.000282,  0.000076,  0.000196,  0.000728,  0.000348,  0.000326,  0.000434,  0.000315,  0.000771,  0.009570,  0.000000,  0.000000,  0.000000,  0.000000,  0.000000,  0.000000,  0.000000,  0.000000,  0.000000,  0.000000,  0.000000,  0.000000,  0.000000,  0.000000,  0.000000,  0.000000,  0.000000,  0.000000,  0.000000,  0.000000,  0.000000,  0.000000,  0.000000,  0.000000,  0.000000,  0.000000,  0.000000,  0.000000,  0.000000,  0.000000,  0.000000,  0.000000,  0.000000,  0.000000,  0.000000,  0.000000,  0.000000,  0.000000,  0.000000,  0.000000,  0.000000,  0.000000,  0.000000,  0.000000,  0.000000,  0.000000,  0.000000,  0.000000,  0.000000,  0.000000,  0.000000,  0.000000,  0.000000,  0.000000,  0.000000,  0.000000,  0.000000,  0.000000,  0.000000,  0.000000,  0.000000,  0.000000,  0.000000,  0.000000,  0.000000,  0.000000,  0.000000,  0.000000,  0.000000,  0.000000,  0.000000,  0.000000,  0.000000,  0.000000,  0.000000,  0.000000,  0.000000,  0.000000,  0.000000,  0.000000,  0.000000,  0.000000,  0.000000,  0.000000,  0.000000,  0.000000,  0.000000,  0.000000,  0.000000,  0.000000,  0.000000,  0.000000,  0.000000,  0.000000,  0.000000,  0.000000,  0.000000,  0.000000,  0.000000,  0.000000,  0.000000,  0.000000,  0.000000,  0.000000,  0.000000,  0.000000,  0.000000,  0.000000,  0.000000,  0.000000,  0.000000,  0.000000,  0.000000,  0.000000,  0.000000,  0.000000,  0.000000,  0.000000,  0.000000,  0.000000,  0.000000,  0.000000,  0.000000,  0.000000,  0.000000,  0.000000,  0.000000,  0.000000,  0.000000,  0.000000,  0.000000,  0.000000,  0.000000,  0.000000,  0.000000,  0.000000,  0.000000,  0.000000,  0.000000,  0.000000,  0.000000,  0.000000,  0.000000,  0.000000,  0.000000,  0.000000,  0.000000,  0.000000,  0.000000,  0.000000,  0.000000,  0.000000,  0.000000,  0.000000,  0.000000,  0.000000,  0.000000,  0.000000,  0.000000,  0.000000,  0.000000,  0.000000,  0.000000,  0.000000,  0.000000,  0.000000,  0.000000,  0.000000,  0.000000,  0.000000,  0.000000,  0.000000,  0.000000,  0.000000,  0.000000,  0.000000,  0.000000,  0.000000,  0.000000,  0.000000,  0.000000,  0.000000,  0.000000,  0.000000,  0.000000,  0.000000,  0.000000,  0.000000,  0.000000,  0.000000,  0.000000,  0.000000,  0.000000,  0.000000,  0.000000,  0.000000,  0.000000,  0.000000,  0.000000,  0.000000,  0.000000,  0.000000,  0.000000,  0.000000,  0.000000,  0.000000,  0.000000,  0.000000,  0.000000,  0.000000,  0.000000,  0.000000,  0.000000,  0.000000,  0.000000,  0.000000,  0.000000,  0.000000,  0.000000,  0.000000,  0.000000,  0.000000,  0.000000,  0.000000,  0.000000,  0.000000,  0.000000,  0.000000,  0.000000,  0.000000,  0.000000,  0.000000,  0.000000,  0.000000,  0.000000,  0.000000,  0.000000,  0.000000,  0.000000,  0.000000,  0.000000,  0.000000,  0.000000,  0.000000,  0.000000,  0.000000,  0.000000,  0.000000,  0.000000,  0.000000,  0.000000,  0.000000,  0.000000,  0.000000,  0.000000,  0.000000,  0.000000,  0.000000,  0.000000,  0.000000,  0.000000,  0.000000,  0.000000,  0.000000,  0.000000,  0.000000,  0.000000,  0.000000,  0.000000,  0.000000,  0.000000,  0.000000,  0.000000,  0.000000,  0.000000,  0.000000,  0.000000,  0.000000,  0.000000,  0.000000,  0.000000,  0.000000,  0.000000,  0.000000,  0.000000,  0.000000,  0.000000,  0.000000,  0.000000,  0.000000,  0.000000,  0.000000,  0.000000,  0.000000,  0.000000,  0.000000,  0.000000,  0.000000,  0.000000,  0.000000,  0.000000,  0.000000,  0.000000,  0.000000,  0.000000,  0.000000,  0.000000,  0.000000,  0.000000,  0.000000,  0.000000,  0.000000,  0.000000,  0.000000,  0.000000,  0.000000,  0.000000,  0.000000,  0.000000,  0.000000,  0.000000,  0.000000,  0.000000,  0.000000,  0.000000,  0.000000,  0.000000,  0.000000,  0.000000,  0.000000,  0.000000,  0.000000,  0.000000,  0.000000,  0.000000,  0.000000,  0.000000,  0.000000,  0.000000,  0.000000,  0.000000,  0.000000,  0.000000,  0.000000,  0.000000,  0.000000,  0.000000,  0.000000,  0.000000,  0.000000,  0.000000,  0.000000,  0.000000,  0.000000,  0.000000,  0.000000,  0.000000,  0.000000,  0.000000,  0.000000,  0.000000,  0.000000,  0.000000,  0.000000,  0.000000,  0.000000,  0.000000,  0.000000,  0.000000,  0.000000,  0.000000,  0.000000,  0.000000,  0.000000,  0.000000,  0.000000,  0.000000,  0.000000,  0.000000,  0.000000,  0.000000,  0.000000,  0.000000,  0.000000,  0.000000,  0.000000,  0.000000,  0.000000,  0.000000,  0.000000,  0.000000,  0.000000,  0.000000,  0.000000,  0.000000,  0.000000,  0.000000,  0.000000,  0.000000,  0.000000,  0.000000,  0.000000,  0.000000,  0.000000,  0.000000,  0.000000,  0.000000,  0.000000,  0.000000,  0.000000,  0.000000,  0.000000,  0.000000,  0.000000,  0.000000,  0.000000,  0.000000,  0.000000,  0.000000,  0.000000,  0.000000,  0.000000,  0.000000,  0.000000,  0.000000,  0.000000,  0.000000,  0.000000,  0.000000,  0.000000,  0.000000,  0.000000,  0.000000,  0.000000,  0.000000,  0.000000,  0.000000,  0.000000,  0.000000,  0.000000,  0.000000,  0.000000,  0.000000,  0.000000,  0.000000,  0.000000,  0.000000,  0.000000,  0.000000,  0.000000 ]
checksum = 1.000000
Repeated 6 time
f3=0.425392 a3=0.574608
f4=0.195639 a4=0.378969
f5=0.107102 a5=0.271867
f6=0.065465 a6=0.206402
f7=0.043177 a7=0.163225
f8=0.030107 a8=0.133117
f9=0.021906 a9=0.111211
f10=0.016482 a10=0.094729
f11=0.012743 a11=0.081986
f12=0.010075 a12=0.071912
f13=0.008117 a13=0.063795
f14=0.006645 a14=0.057151
f15=0.005515 a15=0.051635
f16=0.004633 a16=0.047002
f17=0.003934 a17=0.043068
f18=0.003371 a18=0.039697
f19=0.002913 a19=0.036784
f20=0.002537 a20=0.034247
f21=0.002223 a21=0.032024
f22=0.001961 a22=0.030063
f23=0.001739 a23=0.028324
f24=0.001550 a24=0.026773
f25=0.001389 a25=0.025385
f26=0.001249 a26=0.024136
f27=0.001128 a27=0.023007
f28=0.001023 a28=0.021985
f29=0.000930 a29=0.021055
f30=0.000849 a30=0.020206
f31=0.000777 a31=0.019429
f32=0.000713 a32=0.018716
f33=0.000656 a33=0.018060
f34=0.000605 a34=0.017455
f35=0.000560 a35=0.016895
f36=0.000519 a36=0.016376
f37=0.000482 a37=0.015894
f38=0.000448 a38=0.015446
f39=0.000418 a39=0.015028
f40=0.000390 a40=0.014637
f41=0.000365 a41=0.014272
f42=0.000342 a42=0.013930
f43=0.000321 a43=0.013609
f44=0.000302 a44=0.013307
f45=0.000284 a45=0.013023
f46=0.000268 a46=0.012756
f47=0.000253 a47=0.012503
f48=0.000239 a48=0.012264
f49=0.000226 a49=0.012039
f50=0.012039
[ 0.425392,  0.195639,  0.107102,  0.065465,  0.043177,  0.030107,  0.021906,  0.016482,  0.012743,  0.010075,  0.008117,  0.006645,  0.005515,  0.004633,  0.003934,  0.003371,  0.002913,  0.002537,  0.002223,  0.001961,  0.001739,  0.001550,  0.001389,  0.001249,  0.001128,  0.001023,  0.000930,  0.000849,  0.000777,  0.000713,  0.000656,  0.000605,  0.000560,  0.000519,  0.000482,  0.000448,  0.000418,  0.000390,  0.000365,  0.000342,  0.000321,  0.000302,  0.000284,  0.000268,  0.000253,  0.000239,  0.000226, 0.012039]
0.012039 == 0.012039

total 92303 nodes
[ 0.000293,  0.008537,  0.423421,  0.189766,  0.109032,  0.060746,  0.046217,  0.036044,  0.015189,  0.017323,  0.009025,  0.014420,  0.008689,  0.007313,  0.000358,  0.008212,  0.003499,  0.002654,  0.003944,  0.001354,  0.002741,  0.002882,  0.000423,  0.001603,  0.001203,  0.001192,  0.001603,  0.000650,  0.001300,  0.001311,  0.001062,  0.000488,  0.000477,  0.000433,  0.000758,  0.000802,  0.000347,  0.000953,  0.000087,  0.000358,  0.000455,  0.000271,  0.000033,  0.000563,  0.000477,  0.000368,  0.000260,  0.000022,  0.001484,  0.009360,  0.000000,  0.000000,  0.000000,  0.000000,  0.000000,  0.000000,  0.000000,  0.000000,  0.000000,  0.000000,  0.000000,  0.000000,  0.000000,  0.000000,  0.000000,  0.000000,  0.000000,  0.000000,  0.000000,  0.000000,  0.000000,  0.000000,  0.000000,  0.000000,  0.000000,  0.000000,  0.000000,  0.000000,  0.000000,  0.000000,  0.000000,  0.000000,  0.000000,  0.000000,  0.000000,  0.000000,  0.000000,  0.000000,  0.000000,  0.000000,  0.000000,  0.000000,  0.000000,  0.000000,  0.000000,  0.000000,  0.000000,  0.000000,  0.000000,  0.000000,  0.000000,  0.000000,  0.000000,  0.000000,  0.000000,  0.000000,  0.000000,  0.000000,  0.000000,  0.000000,  0.000000,  0.000000,  0.000000,  0.000000,  0.000000,  0.000000,  0.000000,  0.000000,  0.000000,  0.000000,  0.000000,  0.000000,  0.000000,  0.000000,  0.000000,  0.000000,  0.000000,  0.000000,  0.000000,  0.000000,  0.000000,  0.000000,  0.000000,  0.000000,  0.000000,  0.000000,  0.000000,  0.000000,  0.000000,  0.000000,  0.000000,  0.000000,  0.000000,  0.000000,  0.000000,  0.000000,  0.000000,  0.000000,  0.000000,  0.000000,  0.000000,  0.000000,  0.000000,  0.000000,  0.000000,  0.000000,  0.000000,  0.000000,  0.000000,  0.000000,  0.000000,  0.000000,  0.000000,  0.000000,  0.000000,  0.000000,  0.000000,  0.000000,  0.000000,  0.000000,  0.000000,  0.000000,  0.000000,  0.000000,  0.000000,  0.000000,  0.000000,  0.000000,  0.000000,  0.000000,  0.000000,  0.000000,  0.000000,  0.000000,  0.000000,  0.000000,  0.000000,  0.000000,  0.000000,  0.000000,  0.000000,  0.000000,  0.000000,  0.000000,  0.000000,  0.000000,  0.000000,  0.000000,  0.000000,  0.000000,  0.000000,  0.000000,  0.000000,  0.000000,  0.000000,  0.000000,  0.000000,  0.000000,  0.000000,  0.000000,  0.000000,  0.000000,  0.000000,  0.000000,  0.000000,  0.000000,  0.000000,  0.000000,  0.000000,  0.000000,  0.000000,  0.000000,  0.000000,  0.000000,  0.000000,  0.000000,  0.000000,  0.000000,  0.000000,  0.000000,  0.000000,  0.000000,  0.000000,  0.000000,  0.000000,  0.000000,  0.000000,  0.000000,  0.000000,  0.000000,  0.000000,  0.000000,  0.000000,  0.000000,  0.000000,  0.000000,  0.000000,  0.000000,  0.000000,  0.000000,  0.000000,  0.000000,  0.000000,  0.000000,  0.000000,  0.000000,  0.000000,  0.000000,  0.000000,  0.000000,  0.000000,  0.000000,  0.000000,  0.000000,  0.000000,  0.000000,  0.000000,  0.000000,  0.000000,  0.000000,  0.000000,  0.000000,  0.000000,  0.000000,  0.000000,  0.000000,  0.000000,  0.000000,  0.000000,  0.000000,  0.000000,  0.000000,  0.000000,  0.000000,  0.000000,  0.000000,  0.000000,  0.000000,  0.000000,  0.000000,  0.000000,  0.000000,  0.000000,  0.000000,  0.000000,  0.000000,  0.000000,  0.000000,  0.000000,  0.000000,  0.000000,  0.000000,  0.000000,  0.000000,  0.000000,  0.000000,  0.000000,  0.000000,  0.000000,  0.000000,  0.000000,  0.000000,  0.000000,  0.000000,  0.000000,  0.000000,  0.000000,  0.000000,  0.000000,  0.000000,  0.000000,  0.000000,  0.000000,  0.000000,  0.000000,  0.000000,  0.000000,  0.000000,  0.000000,  0.000000,  0.000000,  0.000000,  0.000000,  0.000000,  0.000000,  0.000000,  0.000000,  0.000000,  0.000000,  0.000000,  0.000000,  0.000000,  0.000000,  0.000000,  0.000000,  0.000000,  0.000000,  0.000000,  0.000000,  0.000000,  0.000000,  0.000000,  0.000000,  0.000000,  0.000000,  0.000000,  0.000000,  0.000000,  0.000000,  0.000000,  0.000000,  0.000000,  0.000000,  0.000000,  0.000000,  0.000000,  0.000000,  0.000000,  0.000000,  0.000000,  0.000000,  0.000000,  0.000000,  0.000000,  0.000000,  0.000000,  0.000000,  0.000000,  0.000000,  0.000000,  0.000000,  0.000000,  0.000000,  0.000000,  0.000000,  0.000000,  0.000000,  0.000000,  0.000000,  0.000000,  0.000000,  0.000000,  0.000000,  0.000000,  0.000000,  0.000000,  0.000000,  0.000000,  0.000000,  0.000000,  0.000000,  0.000000,  0.000000,  0.000000,  0.000000,  0.000000,  0.000000,  0.000000,  0.000000,  0.000000,  0.000000,  0.000000,  0.000000,  0.000000,  0.000000,  0.000000,  0.000000,  0.000000,  0.000000,  0.000000,  0.000000,  0.000000,  0.000000,  0.000000,  0.000000,  0.000000,  0.000000,  0.000000,  0.000000,  0.000000,  0.000000,  0.000000,  0.000000,  0.000000,  0.000000,  0.000000,  0.000000,  0.000000,  0.000000,  0.000000,  0.000000,  0.000000,  0.000000,  0.000000,  0.000000,  0.000000,  0.000000,  0.000000,  0.000000,  0.000000,  0.000000,  0.000000,  0.000000,  0.000000,  0.000000,  0.000000,  0.000000,  0.000000,  0.000000,  0.000000,  0.000000,  0.000000,  0.000000,  0.000000,  0.000000,  0.000000,  0.000000,  0.000000,  0.000000,  0.000000,  0.000000,  0.000000,  0.000000,  0.000000,  0.000000,  0.000000,  0.000000,  0.000000,  0.000000,  0.000000,  0.000000,  0.000000,  0.000000,  0.000000,  0.000000,  0.000000,  0.000000,  0.000000,  0.000000,  0.000000,  0.000000,  0.000000,  0.000000,  0.000000,  0.000000,  0.000000,  0.000000,  0.000000,  0.000000,  0.000000 ]
checksum = 1.000000
Repeated 7 time
f3=0.425392 a3=0.574608
f4=0.195639 a4=0.378969
f5=0.107102 a5=0.271867
f6=0.065465 a6=0.206402
f7=0.043177 a7=0.163225
f8=0.030107 a8=0.133117
f9=0.021906 a9=0.111211
f10=0.016482 a10=0.094729
f11=0.012743 a11=0.081986
f12=0.010075 a12=0.071912
f13=0.008117 a13=0.063795
f14=0.006645 a14=0.057151
f15=0.005515 a15=0.051635
f16=0.004633 a16=0.047002
f17=0.003934 a17=0.043068
f18=0.003371 a18=0.039697
f19=0.002913 a19=0.036784
f20=0.002537 a20=0.034247
f21=0.002223 a21=0.032024
f22=0.001961 a22=0.030063
f23=0.001739 a23=0.028324
f24=0.001550 a24=0.026773
f25=0.001389 a25=0.025385
f26=0.001249 a26=0.024136
f27=0.001128 a27=0.023007
f28=0.001023 a28=0.021985
f29=0.000930 a29=0.021055
f30=0.000849 a30=0.020206
f31=0.000777 a31=0.019429
f32=0.000713 a32=0.018716
f33=0.000656 a33=0.018060
f34=0.000605 a34=0.017455
f35=0.000560 a35=0.016895
f36=0.000519 a36=0.016376
f37=0.000482 a37=0.015894
f38=0.000448 a38=0.015446
f39=0.000418 a39=0.015028
f40=0.000390 a40=0.014637
f41=0.000365 a41=0.014272
f42=0.000342 a42=0.013930
f43=0.000321 a43=0.013609
f44=0.000302 a44=0.013307
f45=0.000284 a45=0.013023
f46=0.000268 a46=0.012756
f47=0.000253 a47=0.012503
f48=0.000239 a48=0.012264
f49=0.000226 a49=0.012039
f50=0.012039
[ 0.425392,  0.195639,  0.107102,  0.065465,  0.043177,  0.030107,  0.021906,  0.016482,  0.012743,  0.010075,  0.008117,  0.006645,  0.005515,  0.004633,  0.003934,  0.003371,  0.002913,  0.002537,  0.002223,  0.001961,  0.001739,  0.001550,  0.001389,  0.001249,  0.001128,  0.001023,  0.000930,  0.000849,  0.000777,  0.000713,  0.000656,  0.000605,  0.000560,  0.000519,  0.000482,  0.000448,  0.000418,  0.000390,  0.000365,  0.000342,  0.000321,  0.000302,  0.000284,  0.000268,  0.000253,  0.000239,  0.000226, 0.012039]
0.012039 == 0.012039

total 91900 nodes
[ 0.000370,  0.008596,  0.428607,  0.189238,  0.101012,  0.067617,  0.041458,  0.031752,  0.025767,  0.011970,  0.011219,  0.010446,  0.008444,  0.005887,  0.003743,  0.007693,  0.002699,  0.003145,  0.002209,  0.004157,  0.003079,  0.000979,  0.000566,  0.001991,  0.002361,  0.001752,  0.001066,  0.000686,  0.001828,  0.000261,  0.000871,  0.000544,  0.000696,  0.001099,  0.001034,  0.000305,  0.000229,  0.000609,  0.000098,  0.000511,  0.000250,  0.000065,  0.000816,  0.000065,  0.000316,  0.000250,  0.000065,  0.001153,  0.002002,  0.008422,  0.000000,  0.000000,  0.000000,  0.000000,  0.000000,  0.000000,  0.000000,  0.000000,  0.000000,  0.000000,  0.000000,  0.000000,  0.000000,  0.000000,  0.000000,  0.000000,  0.000000,  0.000000,  0.000000,  0.000000,  0.000000,  0.000000,  0.000000,  0.000000,  0.000000,  0.000000,  0.000000,  0.000000,  0.000000,  0.000000,  0.000000,  0.000000,  0.000000,  0.000000,  0.000000,  0.000000,  0.000000,  0.000000,  0.000000,  0.000000,  0.000000,  0.000000,  0.000000,  0.000000,  0.000000,  0.000000,  0.000000,  0.000000,  0.000000,  0.000000,  0.000000,  0.000000,  0.000000,  0.000000,  0.000000,  0.000000,  0.000000,  0.000000,  0.000000,  0.000000,  0.000000,  0.000000,  0.000000,  0.000000,  0.000000,  0.000000,  0.000000,  0.000000,  0.000000,  0.000000,  0.000000,  0.000000,  0.000000,  0.000000,  0.000000,  0.000000,  0.000000,  0.000000,  0.000000,  0.000000,  0.000000,  0.000000,  0.000000,  0.000000,  0.000000,  0.000000,  0.000000,  0.000000,  0.000000,  0.000000,  0.000000,  0.000000,  0.000000,  0.000000,  0.000000,  0.000000,  0.000000,  0.000000,  0.000000,  0.000000,  0.000000,  0.000000,  0.000000,  0.000000,  0.000000,  0.000000,  0.000000,  0.000000,  0.000000,  0.000000,  0.000000,  0.000000,  0.000000,  0.000000,  0.000000,  0.000000,  0.000000,  0.000000,  0.000000,  0.000000,  0.000000,  0.000000,  0.000000,  0.000000,  0.000000,  0.000000,  0.000000,  0.000000,  0.000000,  0.000000,  0.000000,  0.000000,  0.000000,  0.000000,  0.000000,  0.000000,  0.000000,  0.000000,  0.000000,  0.000000,  0.000000,  0.000000,  0.000000,  0.000000,  0.000000,  0.000000,  0.000000,  0.000000,  0.000000,  0.000000,  0.000000,  0.000000,  0.000000,  0.000000,  0.000000,  0.000000,  0.000000,  0.000000,  0.000000,  0.000000,  0.000000,  0.000000,  0.000000,  0.000000,  0.000000,  0.000000,  0.000000,  0.000000,  0.000000,  0.000000,  0.000000,  0.000000,  0.000000,  0.000000,  0.000000,  0.000000,  0.000000,  0.000000,  0.000000,  0.000000,  0.000000,  0.000000,  0.000000,  0.000000,  0.000000,  0.000000,  0.000000,  0.000000,  0.000000,  0.000000,  0.000000,  0.000000,  0.000000,  0.000000,  0.000000,  0.000000,  0.000000,  0.000000,  0.000000,  0.000000,  0.000000,  0.000000,  0.000000,  0.000000,  0.000000,  0.000000,  0.000000,  0.000000,  0.000000,  0.000000,  0.000000,  0.000000,  0.000000,  0.000000,  0.000000,  0.000000,  0.000000,  0.000000,  0.000000,  0.000000,  0.000000,  0.000000,  0.000000,  0.000000,  0.000000,  0.000000,  0.000000,  0.000000,  0.000000,  0.000000,  0.000000,  0.000000,  0.000000,  0.000000,  0.000000,  0.000000,  0.000000,  0.000000,  0.000000,  0.000000,  0.000000,  0.000000,  0.000000,  0.000000,  0.000000,  0.000000,  0.000000,  0.000000,  0.000000,  0.000000,  0.000000,  0.000000,  0.000000,  0.000000,  0.000000,  0.000000,  0.000000,  0.000000,  0.000000,  0.000000,  0.000000,  0.000000,  0.000000,  0.000000,  0.000000,  0.000000,  0.000000,  0.000000,  0.000000,  0.000000,  0.000000,  0.000000,  0.000000,  0.000000,  0.000000,  0.000000,  0.000000,  0.000000,  0.000000,  0.000000,  0.000000,  0.000000,  0.000000,  0.000000,  0.000000,  0.000000,  0.000000,  0.000000,  0.000000,  0.000000,  0.000000,  0.000000,  0.000000,  0.000000,  0.000000,  0.000000,  0.000000,  0.000000,  0.000000,  0.000000,  0.000000,  0.000000,  0.000000,  0.000000,  0.000000,  0.000000,  0.000000,  0.000000,  0.000000,  0.000000,  0.000000,  0.000000,  0.000000,  0.000000,  0.000000,  0.000000,  0.000000,  0.000000,  0.000000,  0.000000,  0.000000,  0.000000,  0.000000,  0.000000,  0.000000,  0.000000,  0.000000,  0.000000,  0.000000,  0.000000,  0.000000,  0.000000,  0.000000,  0.000000,  0.000000,  0.000000,  0.000000,  0.000000,  0.000000,  0.000000,  0.000000,  0.000000,  0.000000,  0.000000,  0.000000,  0.000000,  0.000000,  0.000000,  0.000000,  0.000000,  0.000000,  0.000000,  0.000000,  0.000000,  0.000000,  0.000000,  0.000000,  0.000000,  0.000000,  0.000000,  0.000000,  0.000000,  0.000000,  0.000000,  0.000000,  0.000000,  0.000000,  0.000000,  0.000000,  0.000000,  0.000000,  0.000000,  0.000000,  0.000000,  0.000000,  0.000000,  0.000000,  0.000000,  0.000000,  0.000000,  0.000000,  0.000000,  0.000000,  0.000000,  0.000000,  0.000000,  0.000000,  0.000000,  0.000000,  0.000000,  0.000000,  0.000000,  0.000000,  0.000000,  0.000000,  0.000000,  0.000000,  0.000000,  0.000000,  0.000000,  0.000000,  0.000000,  0.000000,  0.000000,  0.000000,  0.000000,  0.000000,  0.000000,  0.000000,  0.000000,  0.000000,  0.000000,  0.000000,  0.000000,  0.000000,  0.000000,  0.000000,  0.000000,  0.000000,  0.000000,  0.000000,  0.000000,  0.000000,  0.000000,  0.000000,  0.000000,  0.000000,  0.000000,  0.000000,  0.000000,  0.000000,  0.000000,  0.000000,  0.000000,  0.000000,  0.000000,  0.000000,  0.000000,  0.000000,  0.000000,  0.000000,  0.000000,  0.000000,  0.000000,  0.000000,  0.000000,  0.000000,  0.000000,  0.000000,  0.000000 ]
checksum = 1.000000
Repeated 8 time
f3=0.425392 a3=0.574608
f4=0.195639 a4=0.378969
f5=0.107102 a5=0.271867
f6=0.065465 a6=0.206402
f7=0.043177 a7=0.163225
f8=0.030107 a8=0.133117
f9=0.021906 a9=0.111211
f10=0.016482 a10=0.094729
f11=0.012743 a11=0.081986
f12=0.010075 a12=0.071912
f13=0.008117 a13=0.063795
f14=0.006645 a14=0.057151
f15=0.005515 a15=0.051635
f16=0.004633 a16=0.047002
f17=0.003934 a17=0.043068
f18=0.003371 a18=0.039697
f19=0.002913 a19=0.036784
f20=0.002537 a20=0.034247
f21=0.002223 a21=0.032024
f22=0.001961 a22=0.030063
f23=0.001739 a23=0.028324
f24=0.001550 a24=0.026773
f25=0.001389 a25=0.025385
f26=0.001249 a26=0.024136
f27=0.001128 a27=0.023007
f28=0.001023 a28=0.021985
f29=0.000930 a29=0.021055
f30=0.000849 a30=0.020206
f31=0.000777 a31=0.019429
f32=0.000713 a32=0.018716
f33=0.000656 a33=0.018060
f34=0.000605 a34=0.017455
f35=0.000560 a35=0.016895
f36=0.000519 a36=0.016376
f37=0.000482 a37=0.015894
f38=0.000448 a38=0.015446
f39=0.000418 a39=0.015028
f40=0.000390 a40=0.014637
f41=0.000365 a41=0.014272
f42=0.000342 a42=0.013930
f43=0.000321 a43=0.013609
f44=0.000302 a44=0.013307
f45=0.000284 a45=0.013023
f46=0.000268 a46=0.012756
f47=0.000253 a47=0.012503
f48=0.000239 a48=0.012264
f49=0.000226 a49=0.012039
f50=0.012039
[ 0.425392,  0.195639,  0.107102,  0.065465,  0.043177,  0.030107,  0.021906,  0.016482,  0.012743,  0.010075,  0.008117,  0.006645,  0.005515,  0.004633,  0.003934,  0.003371,  0.002913,  0.002537,  0.002223,  0.001961,  0.001739,  0.001550,  0.001389,  0.001249,  0.001128,  0.001023,  0.000930,  0.000849,  0.000777,  0.000713,  0.000656,  0.000605,  0.000560,  0.000519,  0.000482,  0.000448,  0.000418,  0.000390,  0.000365,  0.000342,  0.000321,  0.000302,  0.000284,  0.000268,  0.000253,  0.000239,  0.000226, 0.012039]
0.012039 == 0.012039

total 92100 nodes
[ 0.000423,  0.008893,  0.419761,  0.196754,  0.105223,  0.061422,  0.046156,  0.027340,  0.022997,  0.020532,  0.011075,  0.008784,  0.008089,  0.004321,  0.008925,  0.003670,  0.003366,  0.004332,  0.002106,  0.001205,  0.003246,  0.001249,  0.001672,  0.001173,  0.002161,  0.002486,  0.000717,  0.000803,  0.000749,  0.000619,  0.001954,  0.000076,  0.000489,  0.000749,  0.000119,  0.000662,  0.000977,  0.000890,  0.000087,  0.000413,  0.000402,  0.000467,  0.000380,  0.000033,  0.000423,  0.000033,  0.000467,  0.000901,  0.000771,  0.009457,  0.000000,  0.000000,  0.000000,  0.000000,  0.000000,  0.000000,  0.000000,  0.000000,  0.000000,  0.000000,  0.000000,  0.000000,  0.000000,  0.000000,  0.000000,  0.000000,  0.000000,  0.000000,  0.000000,  0.000000,  0.000000,  0.000000,  0.000000,  0.000000,  0.000000,  0.000000,  0.000000,  0.000000,  0.000000,  0.000000,  0.000000,  0.000000,  0.000000,  0.000000,  0.000000,  0.000000,  0.000000,  0.000000,  0.000000,  0.000000,  0.000000,  0.000000,  0.000000,  0.000000,  0.000000,  0.000000,  0.000000,  0.000000,  0.000000,  0.000000,  0.000000,  0.000000,  0.000000,  0.000000,  0.000000,  0.000000,  0.000000,  0.000000,  0.000000,  0.000000,  0.000000,  0.000000,  0.000000,  0.000000,  0.000000,  0.000000,  0.000000,  0.000000,  0.000000,  0.000000,  0.000000,  0.000000,  0.000000,  0.000000,  0.000000,  0.000000,  0.000000,  0.000000,  0.000000,  0.000000,  0.000000,  0.000000,  0.000000,  0.000000,  0.000000,  0.000000,  0.000000,  0.000000,  0.000000,  0.000000,  0.000000,  0.000000,  0.000000,  0.000000,  0.000000,  0.000000,  0.000000,  0.000000,  0.000000,  0.000000,  0.000000,  0.000000,  0.000000,  0.000000,  0.000000,  0.000000,  0.000000,  0.000000,  0.000000,  0.000000,  0.000000,  0.000000,  0.000000,  0.000000,  0.000000,  0.000000,  0.000000,  0.000000,  0.000000,  0.000000,  0.000000,  0.000000,  0.000000,  0.000000,  0.000000,  0.000000,  0.000000,  0.000000,  0.000000,  0.000000,  0.000000,  0.000000,  0.000000,  0.000000,  0.000000,  0.000000,  0.000000,  0.000000,  0.000000,  0.000000,  0.000000,  0.000000,  0.000000,  0.000000,  0.000000,  0.000000,  0.000000,  0.000000,  0.000000,  0.000000,  0.000000,  0.000000,  0.000000,  0.000000,  0.000000,  0.000000,  0.000000,  0.000000,  0.000000,  0.000000,  0.000000,  0.000000,  0.000000,  0.000000,  0.000000,  0.000000,  0.000000,  0.000000,  0.000000,  0.000000,  0.000000,  0.000000,  0.000000,  0.000000,  0.000000,  0.000000,  0.000000,  0.000000,  0.000000,  0.000000,  0.000000,  0.000000,  0.000000,  0.000000,  0.000000,  0.000000,  0.000000,  0.000000,  0.000000,  0.000000,  0.000000,  0.000000,  0.000000,  0.000000,  0.000000,  0.000000,  0.000000,  0.000000,  0.000000,  0.000000,  0.000000,  0.000000,  0.000000,  0.000000,  0.000000,  0.000000,  0.000000,  0.000000,  0.000000,  0.000000,  0.000000,  0.000000,  0.000000,  0.000000,  0.000000,  0.000000,  0.000000,  0.000000,  0.000000,  0.000000,  0.000000,  0.000000,  0.000000,  0.000000,  0.000000,  0.000000,  0.000000,  0.000000,  0.000000,  0.000000,  0.000000,  0.000000,  0.000000,  0.000000,  0.000000,  0.000000,  0.000000,  0.000000,  0.000000,  0.000000,  0.000000,  0.000000,  0.000000,  0.000000,  0.000000,  0.000000,  0.000000,  0.000000,  0.000000,  0.000000,  0.000000,  0.000000,  0.000000,  0.000000,  0.000000,  0.000000,  0.000000,  0.000000,  0.000000,  0.000000,  0.000000,  0.000000,  0.000000,  0.000000,  0.000000,  0.000000,  0.000000,  0.000000,  0.000000,  0.000000,  0.000000,  0.000000,  0.000000,  0.000000,  0.000000,  0.000000,  0.000000,  0.000000,  0.000000,  0.000000,  0.000000,  0.000000,  0.000000,  0.000000,  0.000000,  0.000000,  0.000000,  0.000000,  0.000000,  0.000000,  0.000000,  0.000000,  0.000000,  0.000000,  0.000000,  0.000000,  0.000000,  0.000000,  0.000000,  0.000000,  0.000000,  0.000000,  0.000000,  0.000000,  0.000000,  0.000000,  0.000000,  0.000000,  0.000000,  0.000000,  0.000000,  0.000000,  0.000000,  0.000000,  0.000000,  0.000000,  0.000000,  0.000000,  0.000000,  0.000000,  0.000000,  0.000000,  0.000000,  0.000000,  0.000000,  0.000000,  0.000000,  0.000000,  0.000000,  0.000000,  0.000000,  0.000000,  0.000000,  0.000000,  0.000000,  0.000000,  0.000000,  0.000000,  0.000000,  0.000000,  0.000000,  0.000000,  0.000000,  0.000000,  0.000000,  0.000000,  0.000000,  0.000000,  0.000000,  0.000000,  0.000000,  0.000000,  0.000000,  0.000000,  0.000000,  0.000000,  0.000000,  0.000000,  0.000000,  0.000000,  0.000000,  0.000000,  0.000000,  0.000000,  0.000000,  0.000000,  0.000000,  0.000000,  0.000000,  0.000000,  0.000000,  0.000000,  0.000000,  0.000000,  0.000000,  0.000000,  0.000000,  0.000000,  0.000000,  0.000000,  0.000000,  0.000000,  0.000000,  0.000000,  0.000000,  0.000000,  0.000000,  0.000000,  0.000000,  0.000000,  0.000000,  0.000000,  0.000000,  0.000000,  0.000000,  0.000000,  0.000000,  0.000000,  0.000000,  0.000000,  0.000000,  0.000000,  0.000000,  0.000000,  0.000000,  0.000000,  0.000000,  0.000000,  0.000000,  0.000000,  0.000000,  0.000000,  0.000000,  0.000000,  0.000000,  0.000000,  0.000000,  0.000000,  0.000000,  0.000000,  0.000000,  0.000000,  0.000000,  0.000000,  0.000000,  0.000000,  0.000000,  0.000000,  0.000000,  0.000000,  0.000000,  0.000000,  0.000000,  0.000000,  0.000000,  0.000000,  0.000000,  0.000000,  0.000000,  0.000000,  0.000000,  0.000000,  0.000000,  0.000000,  0.000000,  0.000000,  0.000000,  0.000000,  0.000000,  0.000000 ]
checksum = 1.000000
Repeated 9 time
f3=0.425392 a3=0.574608
f4=0.195639 a4=0.378969
f5=0.107102 a5=0.271867
f6=0.065465 a6=0.206402
f7=0.043177 a7=0.163225
f8=0.030107 a8=0.133117
f9=0.021906 a9=0.111211
f10=0.016482 a10=0.094729
f11=0.012743 a11=0.081986
f12=0.010075 a12=0.071912
f13=0.008117 a13=0.063795
f14=0.006645 a14=0.057151
f15=0.005515 a15=0.051635
f16=0.004633 a16=0.047002
f17=0.003934 a17=0.043068
f18=0.003371 a18=0.039697
f19=0.002913 a19=0.036784
f20=0.002537 a20=0.034247
f21=0.002223 a21=0.032024
f22=0.001961 a22=0.030063
f23=0.001739 a23=0.028324
f24=0.001550 a24=0.026773
f25=0.001389 a25=0.025385
f26=0.001249 a26=0.024136
f27=0.001128 a27=0.023007
f28=0.001023 a28=0.021985
f29=0.000930 a29=0.021055
f30=0.000849 a30=0.020206
f31=0.000777 a31=0.019429
f32=0.000713 a32=0.018716
f33=0.000656 a33=0.018060
f34=0.000605 a34=0.017455
f35=0.000560 a35=0.016895
f36=0.000519 a36=0.016376
f37=0.000482 a37=0.015894
f38=0.000448 a38=0.015446
f39=0.000418 a39=0.015028
f40=0.000390 a40=0.014637
f41=0.000365 a41=0.014272
f42=0.000342 a42=0.013930
f43=0.000321 a43=0.013609
f44=0.000302 a44=0.013307
f45=0.000284 a45=0.013023
f46=0.000268 a46=0.012756
f47=0.000253 a47=0.012503
f48=0.000239 a48=0.012264
f49=0.000226 a49=0.012039
f50=0.012039
[ 0.425392,  0.195639,  0.107102,  0.065465,  0.043177,  0.030107,  0.021906,  0.016482,  0.012743,  0.010075,  0.008117,  0.006645,  0.005515,  0.004633,  0.003934,  0.003371,  0.002913,  0.002537,  0.002223,  0.001961,  0.001739,  0.001550,  0.001389,  0.001249,  0.001128,  0.001023,  0.000930,  0.000849,  0.000777,  0.000713,  0.000656,  0.000605,  0.000560,  0.000519,  0.000482,  0.000448,  0.000418,  0.000390,  0.000365,  0.000342,  0.000321,  0.000302,  0.000284,  0.000268,  0.000253,  0.000239,  0.000226, 0.012039]
0.012039 == 0.012039

total 92056 nodes
[ 0.000304,  0.007756,  0.422460,  0.197293,  0.101623,  0.064711,  0.041551,  0.032393,  0.019466,  0.016892,  0.013372,  0.011211,  0.008299,  0.006377,  0.007843,  0.001162,  0.004932,  0.001868,  0.004019,  0.001966,  0.002651,  0.002792,  0.000978,  0.000858,  0.004280,  0.000630,  0.000282,  0.000500,  0.001151,  0.001304,  0.000163,  0.000565,  0.001336,  0.000554,  0.000424,  0.000424,  0.000760,  0.000315,  0.000641,  0.000576,  0.000098,  0.000043,  0.000989,  0.000543,  0.000011,  0.000141,  0.000587,  0.000391,  0.001629,  0.008886,  0.000000,  0.000000,  0.000000,  0.000000,  0.000000,  0.000000,  0.000000,  0.000000,  0.000000,  0.000000,  0.000000,  0.000000,  0.000000,  0.000000,  0.000000,  0.000000,  0.000000,  0.000000,  0.000000,  0.000000,  0.000000,  0.000000,  0.000000,  0.000000,  0.000000,  0.000000,  0.000000,  0.000000,  0.000000,  0.000000,  0.000000,  0.000000,  0.000000,  0.000000,  0.000000,  0.000000,  0.000000,  0.000000,  0.000000,  0.000000,  0.000000,  0.000000,  0.000000,  0.000000,  0.000000,  0.000000,  0.000000,  0.000000,  0.000000,  0.000000,  0.000000,  0.000000,  0.000000,  0.000000,  0.000000,  0.000000,  0.000000,  0.000000,  0.000000,  0.000000,  0.000000,  0.000000,  0.000000,  0.000000,  0.000000,  0.000000,  0.000000,  0.000000,  0.000000,  0.000000,  0.000000,  0.000000,  0.000000,  0.000000,  0.000000,  0.000000,  0.000000,  0.000000,  0.000000,  0.000000,  0.000000,  0.000000,  0.000000,  0.000000,  0.000000,  0.000000,  0.000000,  0.000000,  0.000000,  0.000000,  0.000000,  0.000000,  0.000000,  0.000000,  0.000000,  0.000000,  0.000000,  0.000000,  0.000000,  0.000000,  0.000000,  0.000000,  0.000000,  0.000000,  0.000000,  0.000000,  0.000000,  0.000000,  0.000000,  0.000000,  0.000000,  0.000000,  0.000000,  0.000000,  0.000000,  0.000000,  0.000000,  0.000000,  0.000000,  0.000000,  0.000000,  0.000000,  0.000000,  0.000000,  0.000000,  0.000000,  0.000000,  0.000000,  0.000000,  0.000000,  0.000000,  0.000000,  0.000000,  0.000000,  0.000000,  0.000000,  0.000000,  0.000000,  0.000000,  0.000000,  0.000000,  0.000000,  0.000000,  0.000000,  0.000000,  0.000000,  0.000000,  0.000000,  0.000000,  0.000000,  0.000000,  0.000000,  0.000000,  0.000000,  0.000000,  0.000000,  0.000000,  0.000000,  0.000000,  0.000000,  0.000000,  0.000000,  0.000000,  0.000000,  0.000000,  0.000000,  0.000000,  0.000000,  0.000000,  0.000000,  0.000000,  0.000000,  0.000000,  0.000000,  0.000000,  0.000000,  0.000000,  0.000000,  0.000000,  0.000000,  0.000000,  0.000000,  0.000000,  0.000000,  0.000000,  0.000000,  0.000000,  0.000000,  0.000000,  0.000000,  0.000000,  0.000000,  0.000000,  0.000000,  0.000000,  0.000000,  0.000000,  0.000000,  0.000000,  0.000000,  0.000000,  0.000000,  0.000000,  0.000000,  0.000000,  0.000000,  0.000000,  0.000000,  0.000000,  0.000000,  0.000000,  0.000000,  0.000000,  0.000000,  0.000000,  0.000000,  0.000000,  0.000000,  0.000000,  0.000000,  0.000000,  0.000000,  0.000000,  0.000000,  0.000000,  0.000000,  0.000000,  0.000000,  0.000000,  0.000000,  0.000000,  0.000000,  0.000000,  0.000000,  0.000000,  0.000000,  0.000000,  0.000000,  0.000000,  0.000000,  0.000000,  0.000000,  0.000000,  0.000000,  0.000000,  0.000000,  0.000000,  0.000000,  0.000000,  0.000000,  0.000000,  0.000000,  0.000000,  0.000000,  0.000000,  0.000000,  0.000000,  0.000000,  0.000000,  0.000000,  0.000000,  0.000000,  0.000000,  0.000000,  0.000000,  0.000000,  0.000000,  0.000000,  0.000000,  0.000000,  0.000000,  0.000000,  0.000000,  0.000000,  0.000000,  0.000000,  0.000000,  0.000000,  0.000000,  0.000000,  0.000000,  0.000000,  0.000000,  0.000000,  0.000000,  0.000000,  0.000000,  0.000000,  0.000000,  0.000000,  0.000000,  0.000000,  0.000000,  0.000000,  0.000000,  0.000000,  0.000000,  0.000000,  0.000000,  0.000000,  0.000000,  0.000000,  0.000000,  0.000000,  0.000000,  0.000000,  0.000000,  0.000000,  0.000000,  0.000000,  0.000000,  0.000000,  0.000000,  0.000000,  0.000000,  0.000000,  0.000000,  0.000000,  0.000000,  0.000000,  0.000000,  0.000000,  0.000000,  0.000000,  0.000000,  0.000000,  0.000000,  0.000000,  0.000000,  0.000000,  0.000000,  0.000000,  0.000000,  0.000000,  0.000000,  0.000000,  0.000000,  0.000000,  0.000000,  0.000000,  0.000000,  0.000000,  0.000000,  0.000000,  0.000000,  0.000000,  0.000000,  0.000000,  0.000000,  0.000000,  0.000000,  0.000000,  0.000000,  0.000000,  0.000000,  0.000000,  0.000000,  0.000000,  0.000000,  0.000000,  0.000000,  0.000000,  0.000000,  0.000000,  0.000000,  0.000000,  0.000000,  0.000000,  0.000000,  0.000000,  0.000000,  0.000000,  0.000000,  0.000000,  0.000000,  0.000000,  0.000000,  0.000000,  0.000000,  0.000000,  0.000000,  0.000000,  0.000000,  0.000000,  0.000000,  0.000000,  0.000000,  0.000000,  0.000000,  0.000000,  0.000000,  0.000000,  0.000000,  0.000000,  0.000000,  0.000000,  0.000000,  0.000000,  0.000000,  0.000000,  0.000000,  0.000000,  0.000000,  0.000000,  0.000000,  0.000000,  0.000000,  0.000000,  0.000000,  0.000000,  0.000000,  0.000000,  0.000000,  0.000000,  0.000000,  0.000000,  0.000000,  0.000000,  0.000000,  0.000000,  0.000000,  0.000000,  0.000000,  0.000000,  0.000000,  0.000000,  0.000000,  0.000000,  0.000000,  0.000000,  0.000000,  0.000000,  0.000000,  0.000000,  0.000000,  0.000000,  0.000000,  0.000000,  0.000000,  0.000000,  0.000000,  0.000000,  0.000000,  0.000000,  0.000000,  0.000000,  0.000000,  0.000000,  0.000000,  0.000000 ]
checksum = 1.000000
====================
[ 0.000000,  0.000356,  0.008766,  0.422735,  0.193179,  0.105136,  0.064666,  0.043483,  0.030277,  0.021838,  0.015833,  0.011543,  0.010717,  0.008960,  0.005659,  0.005501,  0.005500,  0.003412,  0.003395,  0.002888,  0.002060,  0.002505,  0.002259,  0.001300,  0.001613,  0.001863,  0.001404,  0.000872,  0.001208,  0.000984,  0.000878,  0.000932,  0.000552,  0.000651,  0.000703,  0.000616,  0.000524,  0.000484,  0.000546,  0.000222,  0.000494,  0.000326,  0.000384,  0.000426,  0.000490,  0.000249,  0.000199,  0.000419,  0.000470,  0.001207,  0.009316,  0.000000,  0.000000,  0.000000,  0.000000,  0.000000,  0.000000,  0.000000,  0.000000,  0.000000,  0.000000,  0.000000,  0.000000,  0.000000,  0.000000,  0.000000,  0.000000,  0.000000,  0.000000,  0.000000,  0.000000,  0.000000,  0.000000,  0.000000,  0.000000,  0.000000,  0.000000,  0.000000,  0.000000,  0.000000,  0.000000,  0.000000,  0.000000,  0.000000,  0.000000,  0.000000,  0.000000,  0.000000,  0.000000,  0.000000,  0.000000,  0.000000,  0.000000,  0.000000,  0.000000,  0.000000,  0.000000,  0.000000,  0.000000,  0.000000,  0.000000 ]
f3=0.425392 a3=0.574608
f4=0.195639 a4=0.378969
f5=0.107102 a5=0.271867
f6=0.065465 a6=0.206402
f7=0.043177 a7=0.163225
f8=0.030107 a8=0.133117
f9=0.021906 a9=0.111211
f10=0.016482 a10=0.094729
f11=0.012743 a11=0.081986
f12=0.010075 a12=0.071912
f13=0.008117 a13=0.063795
f14=0.006645 a14=0.057151
f15=0.005515 a15=0.051635
f16=0.004633 a16=0.047002
f17=0.003934 a17=0.043068
f18=0.003371 a18=0.039697
f19=0.002913 a19=0.036784
f20=0.002537 a20=0.034247
f21=0.002223 a21=0.032024
f22=0.001961 a22=0.030063
f23=0.001739 a23=0.028324
f24=0.001550 a24=0.026773
f25=0.001389 a25=0.025385
f26=0.001249 a26=0.024136
f27=0.001128 a27=0.023007
f28=0.001023 a28=0.021985
f29=0.000930 a29=0.021055
f30=0.000849 a30=0.020206
f31=0.000777 a31=0.019429
f32=0.000713 a32=0.018716
f33=0.000656 a33=0.018060
f34=0.000605 a34=0.017455
f35=0.000560 a35=0.016895
f36=0.000519 a36=0.016376
f37=0.000482 a37=0.015894
f38=0.000448 a38=0.015446
f39=0.000418 a39=0.015028
f40=0.000390 a40=0.014637
f41=0.000365 a41=0.014272
f42=0.000342 a42=0.013930
f43=0.000321 a43=0.013609
f44=0.000302 a44=0.013307
f45=0.000284 a45=0.013023
f46=0.000268 a46=0.012756
f47=0.000253 a47=0.012503
f48=0.000239 a48=0.012264
f49=0.000226 a49=0.012039
f50=0.012039
[ 0.425392,  0.195639,  0.107102,  0.065465,  0.043177,  0.030107,  0.021906,  0.016482,  0.012743,  0.010075,  0.008117,  0.006645,  0.005515,  0.004633,  0.003934,  0.003371,  0.002913,  0.002537,  0.002223,  0.001961,  0.001739,  0.001550,  0.001389,  0.001249,  0.001128,  0.001023,  0.000930,  0.000849,  0.000777,  0.000713,  0.000656,  0.000605,  0.000560,  0.000519,  0.000482,  0.000448,  0.000418,  0.000390,  0.000365,  0.000342,  0.000321,  0.000302,  0.000284,  0.000268,  0.000253,  0.000239,  0.000226, 0.012039]
0.012039 == 0.012039
