Repeated 0 time
f3=0.384875 a3=0.615125
f4=0.187488 a4=0.427637
f5=0.107324 a5=0.320313
f6=0.068037 a6=0.252276
f7=0.046278 a7=0.205997
f8=0.033143 a8=0.172854
f9=0.024690 a9=0.148164
f10=0.018972 a10=0.129192
f11=0.014950 a11=0.114242
f12=0.012027 a12=0.102214
f13=0.009846 a13=0.092368
f14=0.008181 a14=0.084187
f15=0.006885 a15=0.077303
f16=0.005859 a16=0.071444
f17=0.005035 a17=0.066409
f18=0.004365 a18=0.062044
f19=0.003813 a19=0.058231
f20=0.058231
[ 0.384875,  0.187488,  0.107324,  0.068037,  0.046278,  0.033143,  0.024690,  0.018972,  0.014950,  0.012027,  0.009846,  0.008181,  0.006885,  0.005859,  0.005035,  0.004365,  0.003813, 0.058231]
0.058231 == 0.058231

total 92218 nodes
[ 0.000000,  0.000553,  0.378473,  0.192804,  0.106378,  0.066701,  0.050446,  0.030395,  0.024724,  0.019270,  0.014390,  0.015040,  0.008588,  0.008686,  0.008209,  0.003925,  0.006029,  0.003839,  0.004424,  0.057126,  0.000000,  0.000000,  0.000000,  0.000000,  0.000000,  0.000000,  0.000000,  0.000000,  0.000000,  0.000000,  0.000000,  0.000000,  0.000000,  0.000000,  0.000000,  0.000000,  0.000000,  0.000000,  0.000000,  0.000000,  0.000000,  0.000000,  0.000000,  0.000000,  0.000000,  0.000000,  0.000000,  0.000000,  0.000000,  0.000000,  0.000000,  0.000000,  0.000000,  0.000000,  0.000000,  0.000000,  0.000000,  0.000000,  0.000000,  0.000000,  0.000000,  0.000000,  0.000000,  0.000000,  0.000000,  0.000000,  0.000000,  0.000000,  0.000000,  0.000000,  0.000000,  0.000000,  0.000000,  0.000000,  0.000000,  0.000000,  0.000000,  0.000000,  0.000000,  0.000000,  0.000000,  0.000000,  0.000000,  0.000000,  0.000000,  0.000000,  0.000000,  0.000000,  0.000000,  0.000000,  0.000000,  0.000000,  0.000000,  0.000000,  0.000000,  0.000000,  0.000000,  0.000000,  0.000000,  0.000000,  0.000000,  0.000000,  0.000000,  0.000000,  0.000000,  0.000000,  0.000000,  0.000000,  0.000000,  0.000000,  0.000000,  0.000000,  0.000000,  0.000000,  0.000000,  0.000000,  0.000000,  0.000000,  0.000000,  0.000000,  0.000000,  0.000000,  0.000000,  0.000000,  0.000000,  0.000000,  0.000000,  0.000000,  0.000000,  0.000000,  0.000000,  0.000000,  0.000000,  0.000000,  0.000000,  0.000000,  0.000000,  0.000000,  0.000000,  0.000000,  0.000000,  0.000000,  0.000000,  0.000000,  0.000000,  0.000000,  0.000000,  0.000000,  0.000000,  0.000000,  0.000000,  0.000000,  0.000000,  0.000000,  0.000000,  0.000000,  0.000000,  0.000000,  0.000000,  0.000000,  0.000000,  0.000000,  0.000000,  0.000000,  0.000000,  0.000000,  0.000000,  0.000000,  0.000000,  0.000000,  0.000000,  0.000000,  0.000000,  0.000000,  0.000000,  0.000000,  0.000000,  0.000000,  0.000000,  0.000000,  0.000000,  0.000000,  0.000000,  0.000000,  0.000000,  0.000000,  0.000000,  0.000000,  0.000000,  0.000000,  0.000000,  0.000000,  0.000000,  0.000000,  0.000000,  0.000000,  0.000000,  0.000000,  0.000000,  0.000000 ]
checksum = 1.000000
Repeated 1 time
f3=0.384875 a3=0.615125
f4=0.187488 a4=0.427637
f5=0.107324 a5=0.320313
f6=0.068037 a6=0.252276
f7=0.046278 a7=0.205997
f8=0.033143 a8=0.172854
f9=0.024690 a9=0.148164
f10=0.018972 a10=0.129192
f11=0.014950 a11=0.114242
f12=0.012027 a12=0.102214
f13=0.009846 a13=0.092368
f14=0.008181 a14=0.084187
f15=0.006885 a15=0.077303
f16=0.005859 a16=0.071444
f17=0.005035 a17=0.066409
f18=0.004365 a18=0.062044
f19=0.003813 a19=0.058231
f20=0.058231
[ 0.384875,  0.187488,  0.107324,  0.068037,  0.046278,  0.033143,  0.024690,  0.018972,  0.014950,  0.012027,  0.009846,  0.008181,  0.006885,  0.005859,  0.005035,  0.004365,  0.003813, 0.058231]
0.058231 == 0.058231

total 91886 nodes
[ 0.000011,  0.000163,  0.383192,  0.186710,  0.110735,  0.065723,  0.043663,  0.034902,  0.026729,  0.018697,  0.013974,  0.012570,  0.009403,  0.011003,  0.006040,  0.004168,  0.007640,  0.004353,  0.003450,  0.056875,  0.000000,  0.000000,  0.000000,  0.000000,  0.000000,  0.000000,  0.000000,  0.000000,  0.000000,  0.000000,  0.000000,  0.000000,  0.000000,  0.000000,  0.000000,  0.000000,  0.000000,  0.000000,  0.000000,  0.000000,  0.000000,  0.000000,  0.000000,  0.000000,  0.000000,  0.000000,  0.000000,  0.000000,  0.000000,  0.000000,  0.000000,  0.000000,  0.000000,  0.000000,  0.000000,  0.000000,  0.000000,  0.000000,  0.000000,  0.000000,  0.000000,  0.000000,  0.000000,  0.000000,  0.000000,  0.000000,  0.000000,  0.000000,  0.000000,  0.000000,  0.000000,  0.000000,  0.000000,  0.000000,  0.000000,  0.000000,  0.000000,  0.000000,  0.000000,  0.000000,  0.000000,  0.000000,  0.000000,  0.000000,  0.000000,  0.000000,  0.000000,  0.000000,  0.000000,  0.000000,  0.000000,  0.000000,  0.000000,  0.000000,  0.000000,  0.000000,  0.000000,  0.000000,  0.000000,  0.000000,  0.000000,  0.000000,  0.000000,  0.000000,  0.000000,  0.000000,  0.000000,  0.000000,  0.000000,  0.000000,  0.000000,  0.000000,  0.000000,  0.000000,  0.000000,  0.000000,  0.000000,  0.000000,  0.000000,  0.000000,  0.000000,  0.000000,  0.000000,  0.000000,  0.000000,  0.000000,  0.000000,  0.000000,  0.000000,  0.000000,  0.000000,  0.000000,  0.000000,  0.000000,  0.000000,  0.000000,  0.000000,  0.000000,  0.000000,  0.000000,  0.000000,  0.000000,  0.000000,  0.000000,  0.000000,  0.000000,  0.000000,  0.000000,  0.000000,  0.000000,  0.000000,  0.000000,  0.000000,  0.000000,  0.000000,  0.000000,  0.000000,  0.000000,  0.000000,  0.000000,  0.000000,  0.000000,  0.000000,  0.000000,  0.000000,  0.000000,  0.000000,  0.000000,  0.000000,  0.000000,  0.000000,  0.000000,  0.000000,  0.000000,  0.000000,  0.000000,  0.000000,  0.000000,  0.000000,  0.000000,  0.000000,  0.000000,  0.000000,  0.000000,  0.000000,  0.000000,  0.000000,  0.000000,  0.000000,  0.000000,  0.000000,  0.000000,  0.000000,  0.000000,  0.000000,  0.000000,  0.000000,  0.000000,  0.000000,  0.000000 ]
checksum = 1.000000
Repeated 2 time
f3=0.384875 a3=0.615125
f4=0.187488 a4=0.427637
f5=0.107324 a5=0.320313
f6=0.068037 a6=0.252276
f7=0.046278 a7=0.205997
f8=0.033143 a8=0.172854
f9=0.024690 a9=0.148164
f10=0.018972 a10=0.129192
f11=0.014950 a11=0.114242
f12=0.012027 a12=0.102214
f13=0.009846 a13=0.092368
f14=0.008181 a14=0.084187
f15=0.006885 a15=0.077303
f16=0.005859 a16=0.071444
f17=0.005035 a17=0.066409
f18=0.004365 a18=0.062044
f19=0.003813 a19=0.058231
f20=0.058231
[ 0.384875,  0.187488,  0.107324,  0.068037,  0.046278,  0.033143,  0.024690,  0.018972,  0.014950,  0.012027,  0.009846,  0.008181,  0.006885,  0.005859,  0.005035,  0.004365,  0.003813, 0.058231]
0.058231 == 0.058231

total 91936 nodes
[ 0.000011,  0.000479,  0.386356,  0.179984,  0.114819,  0.068200,  0.043704,  0.033425,  0.023016,  0.021504,  0.016533,  0.014586,  0.003187,  0.009822,  0.009920,  0.002230,  0.006515,  0.002175,  0.007255,  0.056278,  0.000000,  0.000000,  0.000000,  0.000000,  0.000000,  0.000000,  0.000000,  0.000000,  0.000000,  0.000000,  0.000000,  0.000000,  0.000000,  0.000000,  0.000000,  0.000000,  0.000000,  0.000000,  0.000000,  0.000000,  0.000000,  0.000000,  0.000000,  0.000000,  0.000000,  0.000000,  0.000000,  0.000000,  0.000000,  0.000000,  0.000000,  0.000000,  0.000000,  0.000000,  0.000000,  0.000000,  0.000000,  0.000000,  0.000000,  0.000000,  0.000000,  0.000000,  0.000000,  0.000000,  0.000000,  0.000000,  0.000000,  0.000000,  0.000000,  0.000000,  0.000000,  0.000000,  0.000000,  0.000000,  0.000000,  0.000000,  0.000000,  0.000000,  0.000000,  0.000000,  0.000000,  0.000000,  0.000000,  0.000000,  0.000000,  0.000000,  0.000000,  0.000000,  0.000000,  0.000000,  0.000000,  0.000000,  0.000000,  0.000000,  0.000000,  0.000000,  0.000000,  0.000000,  0.000000,  0.000000,  0.000000,  0.000000,  0.000000,  0.000000,  0.000000,  0.000000,  0.000000,  0.000000,  0.000000,  0.000000,  0.000000,  0.000000,  0.000000,  0.000000,  0.000000,  0.000000,  0.000000,  0.000000,  0.000000,  0.000000,  0.000000,  0.000000,  0.000000,  0.000000,  0.000000,  0.000000,  0.000000,  0.000000,  0.000000,  0.000000,  0.000000,  0.000000,  0.000000,  0.000000,  0.000000,  0.000000,  0.000000,  0.000000,  0.000000,  0.000000,  0.000000,  0.000000,  0.000000,  0.000000,  0.000000,  0.000000,  0.000000,  0.000000,  0.000000,  0.000000,  0.000000,  0.000000,  0.000000,  0.000000,  0.000000,  0.000000,  0.000000,  0.000000,  0.000000,  0.000000,  0.000000,  0.000000,  0.000000,  0.000000,  0.000000,  0.000000,  0.000000,  0.000000,  0.000000,  0.000000,  0.000000,  0.000000,  0.000000,  0.000000,  0.000000,  0.000000,  0.000000,  0.000000,  0.000000,  0.000000,  0.000000,  0.000000,  0.000000,  0.000000,  0.000000,  0.000000,  0.000000,  0.000000,  0.000000,  0.000000,  0.000000,  0.000000,  0.000000,  0.000000,  0.000000,  0.000000,  0.000000,  0.000000,  0.000000,  0.000000 ]
checksum = 1.000000
Repeated 3 time
f3=0.384875 a3=0.615125
f4=0.187488 a4=0.427637
f5=0.107324 a5=0.320313
f6=0.068037 a6=0.252276
f7=0.046278 a7=0.205997
f8=0.033143 a8=0.172854
f9=0.024690 a9=0.148164
f10=0.018972 a10=0.129192
f11=0.014950 a11=0.114242
f12=0.012027 a12=0.102214
f13=0.009846 a13=0.092368
f14=0.008181 a14=0.084187
f15=0.006885 a15=0.077303
f16=0.005859 a16=0.071444
f17=0.005035 a17=0.066409
f18=0.004365 a18=0.062044
f19=0.003813 a19=0.058231
f20=0.058231
[ 0.384875,  0.187488,  0.107324,  0.068037,  0.046278,  0.033143,  0.024690,  0.018972,  0.014950,  0.012027,  0.009846,  0.008181,  0.006885,  0.005859,  0.005035,  0.004365,  0.003813, 0.058231]
0.058231 == 0.058231

total 92448 nodes
[ 0.000000,  0.000195,  0.379749,  0.202416,  0.099602,  0.065010,  0.051272,  0.033024,  0.020682,  0.016874,  0.015944,  0.013272,  0.010882,  0.006198,  0.005127,  0.006977,  0.005473,  0.003905,  0.007410,  0.055988,  0.000000,  0.000000,  0.000000,  0.000000,  0.000000,  0.000000,  0.000000,  0.000000,  0.000000,  0.000000,  0.000000,  0.000000,  0.000000,  0.000000,  0.000000,  0.000000,  0.000000,  0.000000,  0.000000,  0.000000,  0.000000,  0.000000,  0.000000,  0.000000,  0.000000,  0.000000,  0.000000,  0.000000,  0.000000,  0.000000,  0.000000,  0.000000,  0.000000,  0.000000,  0.000000,  0.000000,  0.000000,  0.000000,  0.000000,  0.000000,  0.000000,  0.000000,  0.000000,  0.000000,  0.000000,  0.000000,  0.000000,  0.000000,  0.000000,  0.000000,  0.000000,  0.000000,  0.000000,  0.000000,  0.000000,  0.000000,  0.000000,  0.000000,  0.000000,  0.000000,  0.000000,  0.000000,  0.000000,  0.000000,  0.000000,  0.000000,  0.000000,  0.000000,  0.000000,  0.000000,  0.000000,  0.000000,  0.000000,  0.000000,  0.000000,  0.000000,  0.000000,  0.000000,  0.000000,  0.000000,  0.000000,  0.000000,  0.000000,  0.000000,  0.000000,  0.000000,  0.000000,  0.000000,  0.000000,  0.000000,  0.000000,  0.000000,  0.000000,  0.000000,  0.000000,  0.000000,  0.000000,  0.000000,  0.000000,  0.000000,  0.000000,  0.000000,  0.000000,  0.000000,  0.000000,  0.000000,  0.000000,  0.000000,  0.000000,  0.000000,  0.000000,  0.000000,  0.000000,  0.000000,  0.000000,  0.000000,  0.000000,  0.000000,  0.000000,  0.000000,  0.000000,  0.000000,  0.000000,  0.000000,  0.000000,  0.000000,  0.000000,  0.000000,  0.000000,  0.000000,  0.000000,  0.000000,  0.000000,  0.000000,  0.000000,  0.000000,  0.000000,  0.000000,  0.000000,  0.000000,  0.000000,  0.000000,  0.000000,  0.000000,  0.000000,  0.000000,  0.000000,  0.000000,  0.000000,  0.000000,  0.000000,  0.000000,  0.000000,  0.000000,  0.000000,  0.000000,  0.000000,  0.000000,  0.000000,  0.000000,  0.000000,  0.000000,  0.000000,  0.000000,  0.000000,  0.000000,  0.000000,  0.000000,  0.000000,  0.000000,  0.000000,  0.000000,  0.000000,  0.000000,  0.000000,  0.000000,  0.000000,  0.000000,  0.000000,  0.000000 ]
checksum = 1.000000
Repeated 4 time
f3=0.384875 a3=0.615125
f4=0.187488 a4=0.427637
f5=0.107324 a5=0.320313
f6=0.068037 a6=0.252276
f7=0.046278 a7=0.205997
f8=0.033143 a8=0.172854
f9=0.024690 a9=0.148164
f10=0.018972 a10=0.129192
f11=0.014950 a11=0.114242
f12=0.012027 a12=0.102214
f13=0.009846 a13=0.092368
f14=0.008181 a14=0.084187
f15=0.006885 a15=0.077303
f16=0.005859 a16=0.071444
f17=0.005035 a17=0.066409
f18=0.004365 a18=0.062044
f19=0.003813 a19=0.058231
f20=0.058231
[ 0.384875,  0.187488,  0.107324,  0.068037,  0.046278,  0.033143,  0.024690,  0.018972,  0.014950,  0.012027,  0.009846,  0.008181,  0.006885,  0.005859,  0.005035,  0.004365,  0.003813, 0.058231]
0.058231 == 0.058231

total 91980 nodes
[ 0.000000,  0.000402,  0.380104,  0.189715,  0.116286,  0.064492,  0.042227,  0.036682,  0.021853,  0.020602,  0.010078,  0.016406,  0.007589,  0.013536,  0.004914,  0.003729,  0.006501,  0.003566,  0.002359,  0.058958,  0.000000,  0.000000,  0.000000,  0.000000,  0.000000,  0.000000,  0.000000,  0.000000,  0.000000,  0.000000,  0.000000,  0.000000,  0.000000,  0.000000,  0.000000,  0.000000,  0.000000,  0.000000,  0.000000,  0.000000,  0.000000,  0.000000,  0.000000,  0.000000,  0.000000,  0.000000,  0.000000,  0.000000,  0.000000,  0.000000,  0.000000,  0.000000,  0.000000,  0.000000,  0.000000,  0.000000,  0.000000,  0.000000,  0.000000,  0.000000,  0.000000,  0.000000,  0.000000,  0.000000,  0.000000,  0.000000,  0.000000,  0.000000,  0.000000,  0.000000,  0.000000,  0.000000,  0.000000,  0.000000,  0.000000,  0.000000,  0.000000,  0.000000,  0.000000,  0.000000,  0.000000,  0.000000,  0.000000,  0.000000,  0.000000,  0.000000,  0.000000,  0.000000,  0.000000,  0.000000,  0.000000,  0.000000,  0.000000,  0.000000,  0.000000,  0.000000,  0.000000,  0.000000,  0.000000,  0.000000,  0.000000,  0.000000,  0.000000,  0.000000,  0.000000,  0.000000,  0.000000,  0.000000,  0.000000,  0.000000,  0.000000,  0.000000,  0.000000,  0.000000,  0.000000,  0.000000,  0.000000,  0.000000,  0.000000,  0.000000,  0.000000,  0.000000,  0.000000,  0.000000,  0.000000,  0.000000,  0.000000,  0.000000,  0.000000,  0.000000,  0.000000,  0.000000,  0.000000,  0.000000,  0.000000,  0.000000,  0.000000,  0.000000,  0.000000,  0.000000,  0.000000,  0.000000,  0.000000,  0.000000,  0.000000,  0.000000,  0.000000,  0.000000,  0.000000,  0.000000,  0.000000,  0.000000,  0.000000,  0.000000,  0.000000,  0.000000,  0.000000,  0.000000,  0.000000,  0.000000,  0.000000,  0.000000,  0.000000,  0.000000,  0.000000,  0.000000,  0.000000,  0.000000,  0.000000,  0.000000,  0.000000,  0.000000,  0.000000,  0.000000,  0.000000,  0.000000,  0.000000,  0.000000,  0.000000,  0.000000,  0.000000,  0.000000,  0.000000,  0.000000,  0.000000,  0.000000,  0.000000,  0.000000,  0.000000,  0.000000,  0.000000,  0.000000,  0.000000,  0.000000,  0.000000,  0.000000,  0.000000,  0.000000,  0.000000,  0.000000 ]
checksum = 1.000000
Repeated 5 time
f3=0.384875 a3=0.615125
f4=0.187488 a4=0.427637
f5=0.107324 a5=0.320313
f6=0.068037 a6=0.252276
f7=0.046278 a7=0.205997
f8=0.033143 a8=0.172854
f9=0.024690 a9=0.148164
f10=0.018972 a10=0.129192
f11=0.014950 a11=0.114242
f12=0.012027 a12=0.102214
f13=0.009846 a13=0.092368
f14=0.008181 a14=0.084187
f15=0.006885 a15=0.077303
f16=0.005859 a16=0.071444
f17=0.005035 a17=0.066409
f18=0.004365 a18=0.062044
f19=0.003813 a19=0.058231
f20=0.058231
[ 0.384875,  0.187488,  0.107324,  0.068037,  0.046278,  0.033143,  0.024690,  0.018972,  0.014950,  0.012027,  0.009846,  0.008181,  0.006885,  0.005859,  0.005035,  0.004365,  0.003813, 0.058231]
0.058231 == 0.058231

total 92456 nodes
[ 0.000000,  0.000206,  0.385935,  0.182660,  0.111415,  0.066583,  0.048888,  0.027721,  0.028673,  0.019696,  0.011021,  0.016018,  0.010729,  0.006198,  0.010221,  0.003028,  0.006262,  0.002834,  0.004489,  0.057422,  0.000000,  0.000000,  0.000000,  0.000000,  0.000000,  0.000000,  0.000000,  0.000000,  0.000000,  0.000000,  0.000000,  0.000000,  0.000000,  0.000000,  0.000000,  0.000000,  0.000000,  0.000000,  0.000000,  0.000000,  0.000000,  0.000000,  0.000000,  0.000000,  0.000000,  0.000000,  0.000000,  0.000000,  0.000000,  0.000000,  0.000000,  0.000000,  0.000000,  0.000000,  0.000000,  0.000000,  0.000000,  0.000000,  0.000000,  0.000000,  0.000000,  0.000000,  0.000000,  0.000000,  0.000000,  0.000000,  0.000000,  0.000000,  0.000000,  0.000000,  0.000000,  0.000000,  0.000000,  0.000000,  0.000000,  0.000000,  0.000000,  0.000000,  0.000000,  0.000000,  0.000000,  0.000000,  0.000000,  0.000000,  0.000000,  0.000000,  0.000000,  0.000000,  0.000000,  0.000000,  0.000000,  0.000000,  0.000000,  0.000000,  0.000000,  0.000000,  0.000000,  0.000000,  0.000000,  0.000000,  0.000000,  0.000000,  0.000000,  0.000000,  0.000000,  0.000000,  0.000000,  0.000000,  0.000000,  0.000000,  0.000000,  0.000000,  0.000000,  0.000000,  0.000000,  0.000000,  0.000000,  0.000000,  0.000000,  0.000000,  0.000000,  0.000000,  0.000000,  0.000000,  0.000000,  0.000000,  0.000000,  0.000000,  0.000000,  0.000000,  0.000000,  0.000000,  0.000000,  0.000000,  0.000000,  0.000000,  0.000000,  0.000000,  0.000000,  0.000000,  0.000000,  0.000000,  0.000000,  0.000000,  0.000000,  0.000000,  0.000000,  0.000000,  0.000000,  0.000000,  0.000000,  0.000000,  0.000000,  0.000000,  0.000000,  0.000000,  0.000000,  0.000000,  0.000000,  0.000000,  0.000000,  0.000000,  0.000000,  0.000000,  0.000000,  0.000000,  0.000000,  0.000000,  0.000000,  0.000000,  0.000000,  0.000000,  0.000000,  0.000000,  0.000000,  0.000000,  0.000000,  0.000000,  0.000000,  0.000000,  0.000000,  0.000000,  0.000000,  0.000000,  0.000000,  0.000000,  0.000000,  0.000000,  0.000000,  0.000000,  0.000000,  0.000000,  0.000000,  0.000000,  0.000000,  0.000000,  0.000000,  0.000000,  0.000000,  0.000000 ]
checksum = 1.000000
Repeated 6 time
f3=0.384875 a3=0.615125
f4=0.187488 a4=0.427637
f5=0.107324 a5=0.320313
f6=0.068037 a6=0.252276
f7=0.046278 a7=0.205997
f8=0.033143 a8=0.172854
f9=0.024690 a9=0.148164
f10=0.018972 a10=0.129192
f11=0.014950 a11=0.114242
f12=0.012027 a12=0.102214
f13=0.009846 a13=0.092368
f14=0.008181 a14=0.084187
f15=0.006885 a15=0.077303
f16=0.005859 a16=0.071444
f17=0.005035 a17=0.066409
f18=0.004365 a18=0.062044
f19=0.003813 a19=0.058231
f20=0.058231
[ 0.384875,  0.187488,  0.107324,  0.068037,  0.046278,  0.033143,  0.024690,  0.018972,  0.014950,  0.012027,  0.009846,  0.008181,  0.006885,  0.005859,  0.005035,  0.004365,  0.003813, 0.058231]
0.058231 == 0.058231

total 92522 nodes
[ 0.000000,  0.000313,  0.380018,  0.185459,  0.115637,  0.069778,  0.038261,  0.041136,  0.019541,  0.023043,  0.010149,  0.014775,  0.011565,  0.007069,  0.005091,  0.005782,  0.004377,  0.006604,  0.003826,  0.057575,  0.000000,  0.000000,  0.000000,  0.000000,  0.000000,  0.000000,  0.000000,  0.000000,  0.000000,  0.000000,  0.000000,  0.000000,  0.000000,  0.000000,  0.000000,  0.000000,  0.000000,  0.000000,  0.000000,  0.000000,  0.000000,  0.000000,  0.000000,  0.000000,  0.000000,  0.000000,  0.000000,  0.000000,  0.000000,  0.000000,  0.000000,  0.000000,  0.000000,  0.000000,  0.000000,  0.000000,  0.000000,  0.000000,  0.000000,  0.000000,  0.000000,  0.000000,  0.000000,  0.000000,  0.000000,  0.000000,  0.000000,  0.000000,  0.000000,  0.000000,  0.000000,  0.000000,  0.000000,  0.000000,  0.000000,  0.000000,  0.000000,  0.000000,  0.000000,  0.000000,  0.000000,  0.000000,  0.000000,  0.000000,  0.000000,  0.000000,  0.000000,  0.000000,  0.000000,  0.000000,  0.000000,  0.000000,  0.000000,  0.000000,  0.000000,  0.000000,  0.000000,  0.000000,  0.000000,  0.000000,  0.000000,  0.000000,  0.000000,  0.000000,  0.000000,  0.000000,  0.000000,  0.000000,  0.000000,  0.000000,  0.000000,  0.000000,  0.000000,  0.000000,  0.000000,  0.000000,  0.000000,  0.000000,  0.000000,  0.000000,  0.000000,  0.000000,  0.000000,  0.000000,  0.000000,  0.000000,  0.000000,  0.000000,  0.000000,  0.000000,  0.000000,  0.000000,  0.000000,  0.000000,  0.000000,  0.000000,  0.000000,  0.000000,  0.000000,  0.000000,  0.000000,  0.000000,  0.000000,  0.000000,  0.000000,  0.000000,  0.000000,  0.000000,  0.000000,  0.000000,  0.000000,  0.000000,  0.000000,  0.000000,  0.000000,  0.000000,  0.000000,  0.000000,  0.000000,  0.000000,  0.000000,  0.000000,  0.000000,  0.000000,  0.000000,  0.000000,  0.000000,  0.000000,  0.000000,  0.000000,  0.000000,  0.000000,  0.000000,  0.000000,  0.000000,  0.000000,  0.000000,  0.000000,  0.000000,  0.000000,  0.000000,  0.000000,  0.000000,  0.000000,  0.000000,  0.000000,  0.000000,  0.000000,  0.000000,  0.000000,  0.000000,  0.000000,  0.000000,  0.000000,  0.000000,  0.000000,  0.000000,  0.000000,  0.000000,  0.000000 ]
checksum = 1.000000
Repeated 7 time
f3=0.384875 a3=0.615125
f4=0.187488 a4=0.427637
f5=0.107324 a5=0.320313
f6=0.068037 a6=0.252276
f7=0.046278 a7=0.205997
f8=0.033143 a8=0.172854
f9=0.024690 a9=0.148164
f10=0.018972 a10=0.129192
f11=0.014950 a11=0.114242
f12=0.012027 a12=0.102214
f13=0.009846 a13=0.092368
f14=0.008181 a14=0.084187
f15=0.006885 a15=0.077303
f16=0.005859 a16=0.071444
f17=0.005035 a17=0.066409
f18=0.004365 a18=0.062044
f19=0.003813 a19=0.058231
f20=0.058231
[ 0.384875,  0.187488,  0.107324,  0.068037,  0.046278,  0.033143,  0.024690,  0.018972,  0.014950,  0.012027,  0.009846,  0.008181,  0.006885,  0.005859,  0.005035,  0.004365,  0.003813, 0.058231]
0.058231 == 0.058231

total 92068 nodes
[ 0.000000,  0.000282,  0.380034,  0.194422,  0.102544,  0.073782,  0.045303,  0.029641,  0.024873,  0.017987,  0.016357,  0.012534,  0.010101,  0.006017,  0.009091,  0.006115,  0.005550,  0.000174,  0.010264,  0.054927,  0.000000,  0.000000,  0.000000,  0.000000,  0.000000,  0.000000,  0.000000,  0.000000,  0.000000,  0.000000,  0.000000,  0.000000,  0.000000,  0.000000,  0.000000,  0.000000,  0.000000,  0.000000,  0.000000,  0.000000,  0.000000,  0.000000,  0.000000,  0.000000,  0.000000,  0.000000,  0.000000,  0.000000,  0.000000,  0.000000,  0.000000,  0.000000,  0.000000,  0.000000,  0.000000,  0.000000,  0.000000,  0.000000,  0.000000,  0.000000,  0.000000,  0.000000,  0.000000,  0.000000,  0.000000,  0.000000,  0.000000,  0.000000,  0.000000,  0.000000,  0.000000,  0.000000,  0.000000,  0.000000,  0.000000,  0.000000,  0.000000,  0.000000,  0.000000,  0.000000,  0.000000,  0.000000,  0.000000,  0.000000,  0.000000,  0.000000,  0.000000,  0.000000,  0.000000,  0.000000,  0.000000,  0.000000,  0.000000,  0.000000,  0.000000,  0.000000,  0.000000,  0.000000,  0.000000,  0.000000,  0.000000,  0.000000,  0.000000,  0.000000,  0.000000,  0.000000,  0.000000,  0.000000,  0.000000,  0.000000,  0.000000,  0.000000,  0.000000,  0.000000,  0.000000,  0.000000,  0.000000,  0.000000,  0.000000,  0.000000,  0.000000,  0.000000,  0.000000,  0.000000,  0.000000,  0.000000,  0.000000,  0.000000,  0.000000,  0.000000,  0.000000,  0.000000,  0.000000,  0.000000,  0.000000,  0.000000,  0.000000,  0.000000,  0.000000,  0.000000,  0.000000,  0.000000,  0.000000,  0.000000,  0.000000,  0.000000,  0.000000,  0.000000,  0.000000,  0.000000,  0.000000,  0.000000,  0.000000,  0.000000,  0.000000,  0.000000,  0.000000,  0.000000,  0.000000,  0.000000,  0.000000,  0.000000,  0.000000,  0.000000,  0.000000,  0.000000,  0.000000,  0.000000,  0.000000,  0.000000,  0.000000,  0.000000,  0.000000,  0.000000,  0.000000,  0.000000,  0.000000,  0.000000,  0.000000,  0.000000,  0.000000,  0.000000,  0.000000,  0.000000,  0.000000,  0.000000,  0.000000,  0.000000,  0.000000,  0.000000,  0.000000,  0.000000,  0.000000,  0.000000,  0.000000,  0.000000,  0.000000,  0.000000,  0.000000,  0.000000 ]
checksum = 1.000000
Repeated 8 time
f3=0.384875 a3=0.615125
f4=0.187488 a4=0.427637
f5=0.107324 a5=0.320313
f6=0.068037 a6=0.252276
f7=0.046278 a7=0.205997
f8=0.033143 a8=0.172854
f9=0.024690 a9=0.148164
f10=0.018972 a10=0.129192
f11=0.014950 a11=0.114242
f12=0.012027 a12=0.102214
f13=0.009846 a13=0.092368
f14=0.008181 a14=0.084187
f15=0.006885 a15=0.077303
f16=0.005859 a16=0.071444
f17=0.005035 a17=0.066409
f18=0.004365 a18=0.062044
f19=0.003813 a19=0.058231
f20=0.058231
[ 0.384875,  0.187488,  0.107324,  0.068037,  0.046278,  0.033143,  0.024690,  0.018972,  0.014950,  0.012027,  0.009846,  0.008181,  0.006885,  0.005859,  0.005035,  0.004365,  0.003813, 0.058231]
0.058231 == 0.058231

total 92140 nodes
[ 0.000011,  0.000195,  0.383351,  0.185707,  0.110300,  0.065780,  0.050586,  0.028489,  0.029271,  0.016193,  0.017202,  0.012014,  0.008975,  0.006685,  0.007044,  0.009388,  0.001487,  0.005850,  0.006208,  0.055264,  0.000000,  0.000000,  0.000000,  0.000000,  0.000000,  0.000000,  0.000000,  0.000000,  0.000000,  0.000000,  0.000000,  0.000000,  0.000000,  0.000000,  0.000000,  0.000000,  0.000000,  0.000000,  0.000000,  0.000000,  0.000000,  0.000000,  0.000000,  0.000000,  0.000000,  0.000000,  0.000000,  0.000000,  0.000000,  0.000000,  0.000000,  0.000000,  0.000000,  0.000000,  0.000000,  0.000000,  0.000000,  0.000000,  0.000000,  0.000000,  0.000000,  0.000000,  0.000000,  0.000000,  0.000000,  0.000000,  0.000000,  0.000000,  0.000000,  0.000000,  0.000000,  0.000000,  0.000000,  0.000000,  0.000000,  0.000000,  0.000000,  0.000000,  0.000000,  0.000000,  0.000000,  0.000000,  0.000000,  0.000000,  0.000000,  0.000000,  0.000000,  0.000000,  0.000000,  0.000000,  0.000000,  0.000000,  0.000000,  0.000000,  0.000000,  0.000000,  0.000000,  0.000000,  0.000000,  0.000000,  0.000000,  0.000000,  0.000000,  0.000000,  0.000000,  0.000000,  0.000000,  0.000000,  0.000000,  0.000000,  0.000000,  0.000000,  0.000000,  0.000000,  0.000000,  0.000000,  0.000000,  0.000000,  0.000000,  0.000000,  0.000000,  0.000000,  0.000000,  0.000000,  0.000000,  0.000000,  0.000000,  0.000000,  0.000000,  0.000000,  0.000000,  0.000000,  0.000000,  0.000000,  0.000000,  0.000000,  0.000000,  0.000000,  0.000000,  0.000000,  0.000000,  0.000000,  0.000000,  0.000000,  0.000000,  0.000000,  0.000000,  0.000000,  0.000000,  0.000000,  0.000000,  0.000000,  0.000000,  0.000000,  0.000000,  0.000000,  0.000000,  0.000000,  0.000000,  0.000000,  0.000000,  0.000000,  0.000000,  0.000000,  0.000000,  0.000000,  0.000000,  0.000000,  0.000000,  0.000000,  0.000000,  0.000000,  0.000000,  0.000000,  0.000000,  0.000000,  0.000000,  0.000000,  0.000000,  0.000000,  0.000000,  0.000000,  0.000000,  0.000000,  0.000000,  0.000000,  0.000000,  0.000000,  0.000000,  0.000000,  0.000000,  0.000000,  0.000000,  0.000000,  0.000000,  0.000000,  0.000000,  0.000000,  0.000000,  0.000000 ]
checksum = 1.000000
Repeated 9 time
f3=0.384875 a3=0.615125
f4=0.187488 a4=0.427637
f5=0.107324 a5=0.320313
f6=0.068037 a6=0.252276
f7=0.046278 a7=0.205997
f8=0.033143 a8=0.172854
f9=0.024690 a9=0.148164
f10=0.018972 a10=0.129192
f11=0.014950 a11=0.114242
f12=0.012027 a12=0.102214
f13=0.009846 a13=0.092368
f14=0.008181 a14=0.084187
f15=0.006885 a15=0.077303
f16=0.005859 a16=0.071444
f17=0.005035 a17=0.066409
f18=0.004365 a18=0.062044
f19=0.003813 a19=0.058231
f20=0.058231
[ 0.384875,  0.187488,  0.107324,  0.068037,  0.046278,  0.033143,  0.024690,  0.018972,  0.014950,  0.012027,  0.009846,  0.008181,  0.006885,  0.005859,  0.005035,  0.004365,  0.003813, 0.058231]
0.058231 == 0.058231

total 92448 nodes
[ 0.000000,  0.000346,  0.389700,  0.185434,  0.105183,  0.062803,  0.047108,  0.036042,  0.023527,  0.019773,  0.016334,  0.008405,  0.015944,  0.006295,  0.003440,  0.008837,  0.004262,  0.008772,  0.002261,  0.055534,  0.000000,  0.000000,  0.000000,  0.000000,  0.000000,  0.000000,  0.000000,  0.000000,  0.000000,  0.000000,  0.000000,  0.000000,  0.000000,  0.000000,  0.000000,  0.000000,  0.000000,  0.000000,  0.000000,  0.000000,  0.000000,  0.000000,  0.000000,  0.000000,  0.000000,  0.000000,  0.000000,  0.000000,  0.000000,  0.000000,  0.000000,  0.000000,  0.000000,  0.000000,  0.000000,  0.000000,  0.000000,  0.000000,  0.000000,  0.000000,  0.000000,  0.000000,  0.000000,  0.000000,  0.000000,  0.000000,  0.000000,  0.000000,  0.000000,  0.000000,  0.000000,  0.000000,  0.000000,  0.000000,  0.000000,  0.000000,  0.000000,  0.000000,  0.000000,  0.000000,  0.000000,  0.000000,  0.000000,  0.000000,  0.000000,  0.000000,  0.000000,  0.000000,  0.000000,  0.000000,  0.000000,  0.000000,  0.000000,  0.000000,  0.000000,  0.000000,  0.000000,  0.000000,  0.000000,  0.000000,  0.000000,  0.000000,  0.000000,  0.000000,  0.000000,  0.000000,  0.000000,  0.000000,  0.000000,  0.000000,  0.000000,  0.000000,  0.000000,  0.000000,  0.000000,  0.000000,  0.000000,  0.000000,  0.000000,  0.000000,  0.000000,  0.000000,  0.000000,  0.000000,  0.000000,  0.000000,  0.000000,  0.000000,  0.000000,  0.000000,  0.000000,  0.000000,  0.000000,  0.000000,  0.000000,  0.000000,  0.000000,  0.000000,  0.000000,  0.000000,  0.000000,  0.000000,  0.000000,  0.000000,  0.000000,  0.000000,  0.000000,  0.000000,  0.000000,  0.000000,  0.000000,  0.000000,  0.000000,  0.000000,  0.000000,  0.000000,  0.000000,  0.000000,  0.000000,  0.000000,  0.000000,  0.000000,  0.000000,  0.000000,  0.000000,  0.000000,  0.000000,  0.000000,  0.000000,  0.000000,  0.000000,  0.000000,  0.000000,  0.000000,  0.000000,  0.000000,  0.000000,  0.000000,  0.000000,  0.000000,  0.000000,  0.000000,  0.000000,  0.000000,  0.000000,  0.000000,  0.000000,  0.000000,  0.000000,  0.000000,  0.000000,  0.000000,  0.000000,  0.000000,  0.000000,  0.000000,  0.000000,  0.000000,  0.000000,  0.000000 ]
checksum = 1.000000
====================
[ 0.000000,  0.000003,  0.000313,  0.382691,  0.188531,  0.109290,  0.066885,  0.046146,  0.033146,  0.024289,  0.019364,  0.014198,  0.013562,  0.009696,  0.008151,  0.006910,  0.005418,  0.005410,  0.004207,  0.005195,  0.056595,  0.000000,  0.000000,  0.000000,  0.000000,  0.000000,  0.000000,  0.000000,  0.000000,  0.000000,  0.000000,  0.000000,  0.000000,  0.000000,  0.000000,  0.000000,  0.000000,  0.000000,  0.000000,  0.000000,  0.000000,  0.000000,  0.000000,  0.000000,  0.000000,  0.000000,  0.000000,  0.000000,  0.000000,  0.000000,  0.000000,  0.000000,  0.000000,  0.000000,  0.000000,  0.000000,  0.000000,  0.000000,  0.000000,  0.000000,  0.000000,  0.000000,  0.000000,  0.000000,  0.000000,  0.000000,  0.000000,  0.000000,  0.000000,  0.000000,  0.000000,  0.000000,  0.000000,  0.000000,  0.000000,  0.000000,  0.000000,  0.000000,  0.000000,  0.000000,  0.000000,  0.000000,  0.000000,  0.000000,  0.000000,  0.000000,  0.000000,  0.000000,  0.000000,  0.000000,  0.000000,  0.000000,  0.000000,  0.000000,  0.000000,  0.000000,  0.000000,  0.000000,  0.000000,  0.000000,  0.000000 ]
f3=0.384875 a3=0.615125
f4=0.187488 a4=0.427637
f5=0.107324 a5=0.320313
f6=0.068037 a6=0.252276
f7=0.046278 a7=0.205997
f8=0.033143 a8=0.172854
f9=0.024690 a9=0.148164
f10=0.018972 a10=0.129192
f11=0.014950 a11=0.114242
f12=0.012027 a12=0.102214
f13=0.009846 a13=0.092368
f14=0.008181 a14=0.084187
f15=0.006885 a15=0.077303
f16=0.005859 a16=0.071444
f17=0.005035 a17=0.066409
f18=0.004365 a18=0.062044
f19=0.003813 a19=0.058231
f20=0.058231
[ 0.384875,  0.187488,  0.107324,  0.068037,  0.046278,  0.033143,  0.024690,  0.018972,  0.014950,  0.012027,  0.009846,  0.008181,  0.006885,  0.005859,  0.005035,  0.004365,  0.003813, 0.058231]
0.058231 == 0.058231
