Repeated 0 time
f3=0.442727 a3=0.557273
f4=0.186775 a4=0.370498
f5=0.095629 a5=0.274869
f6=0.055341 a6=0.219528
f7=0.034850 a7=0.184678
f8=0.023347 a8=0.161331
f9=0.016397 a9=0.144934
f10=0.011954 a10=0.132980
f11=0.008981 a11=0.123999
f12=0.006918 a12=0.117082
f13=0.005441 a13=0.111641
f14=0.004356 a14=0.107285
f15=0.003542 a15=0.103743
f16=0.002918 a16=0.100825
f17=0.002433 a17=0.098391
f18=0.002050 a18=0.096342
f19=0.001743 a19=0.094599
f20=0.094599
[ 0.442727,  0.186775,  0.095629,  0.055341,  0.034850,  0.023347,  0.016397,  0.011954,  0.008981,  0.006918,  0.005441,  0.004356,  0.003542,  0.002918,  0.002433,  0.002050,  0.001743, 0.094599]
0.094599 == 0.094599

total 91402 nodes
[ 0.000022,  0.001346,  0.444968,  0.181834,  0.093707,  0.061137,  0.031258,  0.024671,  0.016728,  0.008840,  0.009059,  0.010164,  0.007232,  0.003731,  0.003096,  0.001291,  0.003753,  0.002122,  0.003512,  0.091530,  0.000000,  0.000000,  0.000000,  0.000000,  0.000000,  0.000000,  0.000000,  0.000000,  0.000000,  0.000000,  0.000000,  0.000000,  0.000000,  0.000000,  0.000000,  0.000000,  0.000000,  0.000000,  0.000000,  0.000000,  0.000000,  0.000000,  0.000000,  0.000000,  0.000000,  0.000000,  0.000000,  0.000000,  0.000000,  0.000000,  0.000000,  0.000000,  0.000000,  0.000000,  0.000000,  0.000000,  0.000000,  0.000000,  0.000000,  0.000000,  0.000000,  0.000000,  0.000000,  0.000000,  0.000000,  0.000000,  0.000000,  0.000000,  0.000000,  0.000000,  0.000000,  0.000000,  0.000000,  0.000000,  0.000000,  0.000000,  0.000000,  0.000000,  0.000000,  0.000000,  0.000000,  0.000000,  0.000000,  0.000000,  0.000000,  0.000000,  0.000000,  0.000000,  0.000000,  0.000000,  0.000000,  0.000000,  0.000000,  0.000000,  0.000000,  0.000000,  0.000000,  0.000000,  0.000000,  0.000000,  0.000000,  0.000000,  0.000000,  0.000000,  0.000000,  0.000000,  0.000000,  0.000000,  0.000000,  0.000000,  0.000000,  0.000000,  0.000000,  0.000000,  0.000000,  0.000000,  0.000000,  0.000000,  0.000000,  0.000000,  0.000000,  0.000000,  0.000000,  0.000000,  0.000000,  0.000000,  0.000000,  0.000000,  0.000000,  0.000000,  0.000000,  0.000000,  0.000000,  0.000000,  0.000000,  0.000000,  0.000000,  0.000000,  0.000000,  0.000000,  0.000000,  0.000000,  0.000000,  0.000000,  0.000000,  0.000000,  0.000000,  0.000000,  0.000000,  0.000000,  0.000000,  0.000000,  0.000000,  0.000000,  0.000000,  0.000000,  0.000000,  0.000000,  0.000000,  0.000000,  0.000000,  0.000000,  0.000000,  0.000000,  0.000000,  0.000000,  0.000000,  0.000000,  0.000000,  0.000000,  0.000000,  0.000000,  0.000000,  0.000000,  0.000000,  0.000000,  0.000000,  0.000000,  0.000000,  0.000000,  0.000000,  0.000000,  0.000000,  0.000000,  0.000000,  0.000000,  0.000000,  0.000000,  0.000000,  0.000000,  0.000000,  0.000000,  0.000000,  0.000000,  0.000000,  0.000000,  0.000000,  0.000000,  0.000000,  0.000000 ]
checksum = 1.000000
Repeated 1 time
f3=0.442727 a3=0.557273
f4=0.186775 a4=0.370498
f5=0.095629 a5=0.274869
f6=0.055341 a6=0.219528
f7=0.034850 a7=0.184678
f8=0.023347 a8=0.161331
f9=0.016397 a9=0.144934
f10=0.011954 a10=0.132980
f11=0.008981 a11=0.123999
f12=0.006918 a12=0.117082
f13=0.005441 a13=0.111641
f14=0.004356 a14=0.107285
f15=0.003542 a15=0.103743
f16=0.002918 a16=0.100825
f17=0.002433 a17=0.098391
f18=0.002050 a18=0.096342
f19=0.001743 a19=0.094599
f20=0.094599
[ 0.442727,  0.186775,  0.095629,  0.055341,  0.034850,  0.023347,  0.016397,  0.011954,  0.008981,  0.006918,  0.005441,  0.004356,  0.003542,  0.002918,  0.002433,  0.002050,  0.001743, 0.094599]
0.094599 == 0.094599

total 91624 nodes
[ 0.000033,  0.002019,  0.443978,  0.185486,  0.092203,  0.055881,  0.037185,  0.024950,  0.012093,  0.013523,  0.007760,  0.005937,  0.007323,  0.004606,  0.003078,  0.005064,  0.003056,  0.000415,  0.001844,  0.093567,  0.000000,  0.000000,  0.000000,  0.000000,  0.000000,  0.000000,  0.000000,  0.000000,  0.000000,  0.000000,  0.000000,  0.000000,  0.000000,  0.000000,  0.000000,  0.000000,  0.000000,  0.000000,  0.000000,  0.000000,  0.000000,  0.000000,  0.000000,  0.000000,  0.000000,  0.000000,  0.000000,  0.000000,  0.000000,  0.000000,  0.000000,  0.000000,  0.000000,  0.000000,  0.000000,  0.000000,  0.000000,  0.000000,  0.000000,  0.000000,  0.000000,  0.000000,  0.000000,  0.000000,  0.000000,  0.000000,  0.000000,  0.000000,  0.000000,  0.000000,  0.000000,  0.000000,  0.000000,  0.000000,  0.000000,  0.000000,  0.000000,  0.000000,  0.000000,  0.000000,  0.000000,  0.000000,  0.000000,  0.000000,  0.000000,  0.000000,  0.000000,  0.000000,  0.000000,  0.000000,  0.000000,  0.000000,  0.000000,  0.000000,  0.000000,  0.000000,  0.000000,  0.000000,  0.000000,  0.000000,  0.000000,  0.000000,  0.000000,  0.000000,  0.000000,  0.000000,  0.000000,  0.000000,  0.000000,  0.000000,  0.000000,  0.000000,  0.000000,  0.000000,  0.000000,  0.000000,  0.000000,  0.000000,  0.000000,  0.000000,  0.000000,  0.000000,  0.000000,  0.000000,  0.000000,  0.000000,  0.000000,  0.000000,  0.000000,  0.000000,  0.000000,  0.000000,  0.000000,  0.000000,  0.000000,  0.000000,  0.000000,  0.000000,  0.000000,  0.000000,  0.000000,  0.000000,  0.000000,  0.000000,  0.000000,  0.000000,  0.000000,  0.000000,  0.000000,  0.000000,  0.000000,  0.000000,  0.000000,  0.000000,  0.000000,  0.000000,  0.000000,  0.000000,  0.000000,  0.000000,  0.000000,  0.000000,  0.000000,  0.000000,  0.000000,  0.000000,  0.000000,  0.000000,  0.000000,  0.000000,  0.000000,  0.000000,  0.000000,  0.000000,  0.000000,  0.000000,  0.000000,  0.000000,  0.000000,  0.000000,  0.000000,  0.000000,  0.000000,  0.000000,  0.000000,  0.000000,  0.000000,  0.000000,  0.000000,  0.000000,  0.000000,  0.000000,  0.000000,  0.000000,  0.000000,  0.000000,  0.000000,  0.000000,  0.000000,  0.000000 ]
checksum = 1.000000
Repeated 2 time
f3=0.442727 a3=0.557273
f4=0.186775 a4=0.370498
f5=0.095629 a5=0.274869
f6=0.055341 a6=0.219528
f7=0.034850 a7=0.184678
f8=0.023347 a8=0.161331
f9=0.016397 a9=0.144934
f10=0.011954 a10=0.132980
f11=0.008981 a11=0.123999
f12=0.006918 a12=0.117082
f13=0.005441 a13=0.111641
f14=0.004356 a14=0.107285
f15=0.003542 a15=0.103743
f16=0.002918 a16=0.100825
f17=0.002433 a17=0.098391
f18=0.002050 a18=0.096342
f19=0.001743 a19=0.094599
f20=0.094599
[ 0.442727,  0.186775,  0.095629,  0.055341,  0.034850,  0.023347,  0.016397,  0.011954,  0.008981,  0.006918,  0.005441,  0.004356,  0.003542,  0.002918,  0.002433,  0.002050,  0.001743, 0.094599]
0.094599 == 0.094599

total 92090 nodes
[ 0.000022,  0.002389,  0.442817,  0.186111,  0.088490,  0.066218,  0.027136,  0.027365,  0.016668,  0.013617,  0.005191,  0.008568,  0.004691,  0.002812,  0.007916,  0.001292,  0.001053,  0.000174,  0.005886,  0.091584,  0.000000,  0.000000,  0.000000,  0.000000,  0.000000,  0.000000,  0.000000,  0.000000,  0.000000,  0.000000,  0.000000,  0.000000,  0.000000,  0.000000,  0.000000,  0.000000,  0.000000,  0.000000,  0.000000,  0.000000,  0.000000,  0.000000,  0.000000,  0.000000,  0.000000,  0.000000,  0.000000,  0.000000,  0.000000,  0.000000,  0.000000,  0.000000,  0.000000,  0.000000,  0.000000,  0.000000,  0.000000,  0.000000,  0.000000,  0.000000,  0.000000,  0.000000,  0.000000,  0.000000,  0.000000,  0.000000,  0.000000,  0.000000,  0.000000,  0.000000,  0.000000,  0.000000,  0.000000,  0.000000,  0.000000,  0.000000,  0.000000,  0.000000,  0.000000,  0.000000,  0.000000,  0.000000,  0.000000,  0.000000,  0.000000,  0.000000,  0.000000,  0.000000,  0.000000,  0.000000,  0.000000,  0.000000,  0.000000,  0.000000,  0.000000,  0.000000,  0.000000,  0.000000,  0.000000,  0.000000,  0.000000,  0.000000,  0.000000,  0.000000,  0.000000,  0.000000,  0.000000,  0.000000,  0.000000,  0.000000,  0.000000,  0.000000,  0.000000,  0.000000,  0.000000,  0.000000,  0.000000,  0.000000,  0.000000,  0.000000,  0.000000,  0.000000,  0.000000,  0.000000,  0.000000,  0.000000,  0.000000,  0.000000,  0.000000,  0.000000,  0.000000,  0.000000,  0.000000,  0.000000,  0.000000,  0.000000,  0.000000,  0.000000,  0.000000,  0.000000,  0.000000,  0.000000,  0.000000,  0.000000,  0.000000,  0.000000,  0.000000,  0.000000,  0.000000,  0.000000,  0.000000,  0.000000,  0.000000,  0.000000,  0.000000,  0.000000,  0.000000,  0.000000,  0.000000,  0.000000,  0.000000,  0.000000,  0.000000,  0.000000,  0.000000,  0.000000,  0.000000,  0.000000,  0.000000,  0.000000,  0.000000,  0.000000,  0.000000,  0.000000,  0.000000,  0.000000,  0.000000,  0.000000,  0.000000,  0.000000,  0.000000,  0.000000,  0.000000,  0.000000,  0.000000,  0.000000,  0.000000,  0.000000,  0.000000,  0.000000,  0.000000,  0.000000,  0.000000,  0.000000,  0.000000,  0.000000,  0.000000,  0.000000,  0.000000,  0.000000 ]
checksum = 1.000000
Repeated 3 time
f3=0.442727 a3=0.557273
f4=0.186775 a4=0.370498
f5=0.095629 a5=0.274869
f6=0.055341 a6=0.219528
f7=0.034850 a7=0.184678
f8=0.023347 a8=0.161331
f9=0.016397 a9=0.144934
f10=0.011954 a10=0.132980
f11=0.008981 a11=0.123999
f12=0.006918 a12=0.117082
f13=0.005441 a13=0.111641
f14=0.004356 a14=0.107285
f15=0.003542 a15=0.103743
f16=0.002918 a16=0.100825
f17=0.002433 a17=0.098391
f18=0.002050 a18=0.096342
f19=0.001743 a19=0.094599
f20=0.094599
[ 0.442727,  0.186775,  0.095629,  0.055341,  0.034850,  0.023347,  0.016397,  0.011954,  0.008981,  0.006918,  0.005441,  0.004356,  0.003542,  0.002918,  0.002433,  0.002050,  0.001743, 0.094599]
0.094599 == 0.094599

total 91612 nodes
[ 0.000011,  0.002642,  0.442551,  0.193424,  0.087456,  0.053192,  0.030411,  0.029461,  0.012782,  0.015980,  0.008525,  0.006626,  0.005065,  0.005272,  0.001725,  0.005807,  0.000371,  0.002674,  0.006244,  0.089781,  0.000000,  0.000000,  0.000000,  0.000000,  0.000000,  0.000000,  0.000000,  0.000000,  0.000000,  0.000000,  0.000000,  0.000000,  0.000000,  0.000000,  0.000000,  0.000000,  0.000000,  0.000000,  0.000000,  0.000000,  0.000000,  0.000000,  0.000000,  0.000000,  0.000000,  0.000000,  0.000000,  0.000000,  0.000000,  0.000000,  0.000000,  0.000000,  0.000000,  0.000000,  0.000000,  0.000000,  0.000000,  0.000000,  0.000000,  0.000000,  0.000000,  0.000000,  0.000000,  0.000000,  0.000000,  0.000000,  0.000000,  0.000000,  0.000000,  0.000000,  0.000000,  0.000000,  0.000000,  0.000000,  0.000000,  0.000000,  0.000000,  0.000000,  0.000000,  0.000000,  0.000000,  0.000000,  0.000000,  0.000000,  0.000000,  0.000000,  0.000000,  0.000000,  0.000000,  0.000000,  0.000000,  0.000000,  0.000000,  0.000000,  0.000000,  0.000000,  0.000000,  0.000000,  0.000000,  0.000000,  0.000000,  0.000000,  0.000000,  0.000000,  0.000000,  0.000000,  0.000000,  0.000000,  0.000000,  0.000000,  0.000000,  0.000000,  0.000000,  0.000000,  0.000000,  0.000000,  0.000000,  0.000000,  0.000000,  0.000000,  0.000000,  0.000000,  0.000000,  0.000000,  0.000000,  0.000000,  0.000000,  0.000000,  0.000000,  0.000000,  0.000000,  0.000000,  0.000000,  0.000000,  0.000000,  0.000000,  0.000000,  0.000000,  0.000000,  0.000000,  0.000000,  0.000000,  0.000000,  0.000000,  0.000000,  0.000000,  0.000000,  0.000000,  0.000000,  0.000000,  0.000000,  0.000000,  0.000000,  0.000000,  0.000000,  0.000000,  0.000000,  0.000000,  0.000000,  0.000000,  0.000000,  0.000000,  0.000000,  0.000000,  0.000000,  0.000000,  0.000000,  0.000000,  0.000000,  0.000000,  0.000000,  0.000000,  0.000000,  0.000000,  0.000000,  0.000000,  0.000000,  0.000000,  0.000000,  0.000000,  0.000000,  0.000000,  0.000000,  0.000000,  0.000000,  0.000000,  0.000000,  0.000000,  0.000000,  0.000000,  0.000000,  0.000000,  0.000000,  0.000000,  0.000000,  0.000000,  0.000000,  0.000000,  0.000000,  0.000000 ]
checksum = 1.000000
Repeated 4 time
f3=0.442727 a3=0.557273
f4=0.186775 a4=0.370498
f5=0.095629 a5=0.274869
f6=0.055341 a6=0.219528
f7=0.034850 a7=0.184678
f8=0.023347 a8=0.161331
f9=0.016397 a9=0.144934
f10=0.011954 a10=0.132980
f11=0.008981 a11=0.123999
f12=0.006918 a12=0.117082
f13=0.005441 a13=0.111641
f14=0.004356 a14=0.107285
f15=0.003542 a15=0.103743
f16=0.002918 a16=0.100825
f17=0.002433 a17=0.098391
f18=0.002050 a18=0.096342
f19=0.001743 a19=0.094599
f20=0.094599
[ 0.442727,  0.186775,  0.095629,  0.055341,  0.034850,  0.023347,  0.016397,  0.011954,  0.008981,  0.006918,  0.005441,  0.004356,  0.003542,  0.002918,  0.002433,  0.002050,  0.001743, 0.094599]
0.094599 == 0.094599

total 91816 nodes
[ 0.000033,  0.001852,  0.439422,  0.186188,  0.098251,  0.056308,  0.031008,  0.029156,  0.013266,  0.014083,  0.004389,  0.009715,  0.004248,  0.005805,  0.004062,  0.003333,  0.001035,  0.000653,  0.005271,  0.091923,  0.000000,  0.000000,  0.000000,  0.000000,  0.000000,  0.000000,  0.000000,  0.000000,  0.000000,  0.000000,  0.000000,  0.000000,  0.000000,  0.000000,  0.000000,  0.000000,  0.000000,  0.000000,  0.000000,  0.000000,  0.000000,  0.000000,  0.000000,  0.000000,  0.000000,  0.000000,  0.000000,  0.000000,  0.000000,  0.000000,  0.000000,  0.000000,  0.000000,  0.000000,  0.000000,  0.000000,  0.000000,  0.000000,  0.000000,  0.000000,  0.000000,  0.000000,  0.000000,  0.000000,  0.000000,  0.000000,  0.000000,  0.000000,  0.000000,  0.000000,  0.000000,  0.000000,  0.000000,  0.000000,  0.000000,  0.000000,  0.000000,  0.000000,  0.000000,  0.000000,  0.000000,  0.000000,  0.000000,  0.000000,  0.000000,  0.000000,  0.000000,  0.000000,  0.000000,  0.000000,  0.000000,  0.000000,  0.000000,  0.000000,  0.000000,  0.000000,  0.000000,  0.000000,  0.000000,  0.000000,  0.000000,  0.000000,  0.000000,  0.000000,  0.000000,  0.000000,  0.000000,  0.000000,  0.000000,  0.000000,  0.000000,  0.000000,  0.000000,  0.000000,  0.000000,  0.000000,  0.000000,  0.000000,  0.000000,  0.000000,  0.000000,  0.000000,  0.000000,  0.000000,  0.000000,  0.000000,  0.000000,  0.000000,  0.000000,  0.000000,  0.000000,  0.000000,  0.000000,  0.000000,  0.000000,  0.000000,  0.000000,  0.000000,  0.000000,  0.000000,  0.000000,  0.000000,  0.000000,  0.000000,  0.000000,  0.000000,  0.000000,  0.000000,  0.000000,  0.000000,  0.000000,  0.000000,  0.000000,  0.000000,  0.000000,  0.000000,  0.000000,  0.000000,  0.000000,  0.000000,  0.000000,  0.000000,  0.000000,  0.000000,  0.000000,  0.000000,  0.000000,  0.000000,  0.000000,  0.000000,  0.000000,  0.000000,  0.000000,  0.000000,  0.000000,  0.000000,  0.000000,  0.000000,  0.000000,  0.000000,  0.000000,  0.000000,  0.000000,  0.000000,  0.000000,  0.000000,  0.000000,  0.000000,  0.000000,  0.000000,  0.000000,  0.000000,  0.000000,  0.000000,  0.000000,  0.000000,  0.000000,  0.000000,  0.000000,  0.000000 ]
checksum = 1.000000
Repeated 5 time
f3=0.442727 a3=0.557273
f4=0.186775 a4=0.370498
f5=0.095629 a5=0.274869
f6=0.055341 a6=0.219528
f7=0.034850 a7=0.184678
f8=0.023347 a8=0.161331
f9=0.016397 a9=0.144934
f10=0.011954 a10=0.132980
f11=0.008981 a11=0.123999
f12=0.006918 a12=0.117082
f13=0.005441 a13=0.111641
f14=0.004356 a14=0.107285
f15=0.003542 a15=0.103743
f16=0.002918 a16=0.100825
f17=0.002433 a17=0.098391
f18=0.002050 a18=0.096342
f19=0.001743 a19=0.094599
f20=0.094599
[ 0.442727,  0.186775,  0.095629,  0.055341,  0.034850,  0.023347,  0.016397,  0.011954,  0.008981,  0.006918,  0.005441,  0.004356,  0.003542,  0.002918,  0.002433,  0.002050,  0.001743, 0.094599]
0.094599 == 0.094599

total 91408 nodes
[ 0.000011,  0.001160,  0.443703,  0.184448,  0.095637,  0.058660,  0.031857,  0.020348,  0.019418,  0.012887,  0.009288,  0.003391,  0.006870,  0.004190,  0.005743,  0.000635,  0.003840,  0.000875,  0.002943,  0.094095,  0.000000,  0.000000,  0.000000,  0.000000,  0.000000,  0.000000,  0.000000,  0.000000,  0.000000,  0.000000,  0.000000,  0.000000,  0.000000,  0.000000,  0.000000,  0.000000,  0.000000,  0.000000,  0.000000,  0.000000,  0.000000,  0.000000,  0.000000,  0.000000,  0.000000,  0.000000,  0.000000,  0.000000,  0.000000,  0.000000,  0.000000,  0.000000,  0.000000,  0.000000,  0.000000,  0.000000,  0.000000,  0.000000,  0.000000,  0.000000,  0.000000,  0.000000,  0.000000,  0.000000,  0.000000,  0.000000,  0.000000,  0.000000,  0.000000,  0.000000,  0.000000,  0.000000,  0.000000,  0.000000,  0.000000,  0.000000,  0.000000,  0.000000,  0.000000,  0.000000,  0.000000,  0.000000,  0.000000,  0.000000,  0.000000,  0.000000,  0.000000,  0.000000,  0.000000,  0.000000,  0.000000,  0.000000,  0.000000,  0.000000,  0.000000,  0.000000,  0.000000,  0.000000,  0.000000,  0.000000,  0.000000,  0.000000,  0.000000,  0.000000,  0.000000,  0.000000,  0.000000,  0.000000,  0.000000,  0.000000,  0.000000,  0.000000,  0.000000,  0.000000,  0.000000,  0.000000,  0.000000,  0.000000,  0.000000,  0.000000,  0.000000,  0.000000,  0.000000,  0.000000,  0.000000,  0.000000,  0.000000,  0.000000,  0.000000,  0.000000,  0.000000,  0.000000,  0.000000,  0.000000,  0.000000,  0.000000,  0.000000,  0.000000,  0.000000,  0.000000,  0.000000,  0.000000,  0.000000,  0.000000,  0.000000,  0.000000,  0.000000,  0.000000,  0.000000,  0.000000,  0.000000,  0.000000,  0.000000,  0.000000,  0.000000,  0.000000,  0.000000,  0.000000,  0.000000,  0.000000,  0.000000,  0.000000,  0.000000,  0.000000,  0.000000,  0.000000,  0.000000,  0.000000,  0.000000,  0.000000,  0.000000,  0.000000,  0.000000,  0.000000,  0.000000,  0.000000,  0.000000,  0.000000,  0.000000,  0.000000,  0.000000,  0.000000,  0.000000,  0.000000,  0.000000,  0.000000,  0.000000,  0.000000,  0.000000,  0.000000,  0.000000,  0.000000,  0.000000,  0.000000,  0.000000,  0.000000,  0.000000,  0.000000,  0.000000,  0.000000 ]
checksum = 1.000000
Repeated 6 time
f3=0.442727 a3=0.557273
f4=0.186775 a4=0.370498
f5=0.095629 a5=0.274869
f6=0.055341 a6=0.219528
f7=0.034850 a7=0.184678
f8=0.023347 a8=0.161331
f9=0.016397 a9=0.144934
f10=0.011954 a10=0.132980
f11=0.008981 a11=0.123999
f12=0.006918 a12=0.117082
f13=0.005441 a13=0.111641
f14=0.004356 a14=0.107285
f15=0.003542 a15=0.103743
f16=0.002918 a16=0.100825
f17=0.002433 a17=0.098391
f18=0.002050 a18=0.096342
f19=0.001743 a19=0.094599
f20=0.094599
[ 0.442727,  0.186775,  0.095629,  0.055341,  0.034850,  0.023347,  0.016397,  0.011954,  0.008981,  0.006918,  0.005441,  0.004356,  0.003542,  0.002918,  0.002433,  0.002050,  0.001743, 0.094599]
0.094599 == 0.094599

total 92148 nodes
[ 0.000033,  0.001574,  0.448322,  0.185441,  0.092362,  0.046360,  0.039133,  0.025068,  0.015030,  0.017472,  0.004449,  0.009723,  0.004352,  0.003234,  0.003342,  0.003386,  0.001823,  0.005437,  0.000412,  0.093046,  0.000000,  0.000000,  0.000000,  0.000000,  0.000000,  0.000000,  0.000000,  0.000000,  0.000000,  0.000000,  0.000000,  0.000000,  0.000000,  0.000000,  0.000000,  0.000000,  0.000000,  0.000000,  0.000000,  0.000000,  0.000000,  0.000000,  0.000000,  0.000000,  0.000000,  0.000000,  0.000000,  0.000000,  0.000000,  0.000000,  0.000000,  0.000000,  0.000000,  0.000000,  0.000000,  0.000000,  0.000000,  0.000000,  0.000000,  0.000000,  0.000000,  0.000000,  0.000000,  0.000000,  0.000000,  0.000000,  0.000000,  0.000000,  0.000000,  0.000000,  0.000000,  0.000000,  0.000000,  0.000000,  0.000000,  0.000000,  0.000000,  0.000000,  0.000000,  0.000000,  0.000000,  0.000000,  0.000000,  0.000000,  0.000000,  0.000000,  0.000000,  0.000000,  0.000000,  0.000000,  0.000000,  0.000000,  0.000000,  0.000000,  0.000000,  0.000000,  0.000000,  0.000000,  0.000000,  0.000000,  0.000000,  0.000000,  0.000000,  0.000000,  0.000000,  0.000000,  0.000000,  0.000000,  0.000000,  0.000000,  0.000000,  0.000000,  0.000000,  0.000000,  0.000000,  0.000000,  0.000000,  0.000000,  0.000000,  0.000000,  0.000000,  0.000000,  0.000000,  0.000000,  0.000000,  0.000000,  0.000000,  0.000000,  0.000000,  0.000000,  0.000000,  0.000000,  0.000000,  0.000000,  0.000000,  0.000000,  0.000000,  0.000000,  0.000000,  0.000000,  0.000000,  0.000000,  0.000000,  0.000000,  0.000000,  0.000000,  0.000000,  0.000000,  0.000000,  0.000000,  0.000000,  0.000000,  0.000000,  0.000000,  0.000000,  0.000000,  0.000000,  0.000000,  0.000000,  0.000000,  0.000000,  0.000000,  0.000000,  0.000000,  0.000000,  0.000000,  0.000000,  0.000000,  0.000000,  0.000000,  0.000000,  0.000000,  0.000000,  0.000000,  0.000000,  0.000000,  0.000000,  0.000000,  0.000000,  0.000000,  0.000000,  0.000000,  0.000000,  0.000000,  0.000000,  0.000000,  0.000000,  0.000000,  0.000000,  0.000000,  0.000000,  0.000000,  0.000000,  0.000000,  0.000000,  0.000000,  0.000000,  0.000000,  0.000000,  0.000000 ]
checksum = 1.000000
Repeated 7 time
f3=0.442727 a3=0.557273
f4=0.186775 a4=0.370498
f5=0.095629 a5=0.274869
f6=0.055341 a6=0.219528
f7=0.034850 a7=0.184678
f8=0.023347 a8=0.161331
f9=0.016397 a9=0.144934
f10=0.011954 a10=0.132980
f11=0.008981 a11=0.123999
f12=0.006918 a12=0.117082
f13=0.005441 a13=0.111641
f14=0.004356 a14=0.107285
f15=0.003542 a15=0.103743
f16=0.002918 a16=0.100825
f17=0.002433 a17=0.098391
f18=0.002050 a18=0.096342
f19=0.001743 a19=0.094599
f20=0.094599
[ 0.442727,  0.186775,  0.095629,  0.055341,  0.034850,  0.023347,  0.016397,  0.011954,  0.008981,  0.006918,  0.005441,  0.004356,  0.003542,  0.002918,  0.002433,  0.002050,  0.001743, 0.094599]
0.094599 == 0.094599

total 91642 nodes
[ 0.000011,  0.001680,  0.437387,  0.189771,  0.095731,  0.058532,  0.032081,  0.024825,  0.014873,  0.014677,  0.006471,  0.009897,  0.002412,  0.005009,  0.004430,  0.003012,  0.001768,  0.001255,  0.000698,  0.095480,  0.000000,  0.000000,  0.000000,  0.000000,  0.000000,  0.000000,  0.000000,  0.000000,  0.000000,  0.000000,  0.000000,  0.000000,  0.000000,  0.000000,  0.000000,  0.000000,  0.000000,  0.000000,  0.000000,  0.000000,  0.000000,  0.000000,  0.000000,  0.000000,  0.000000,  0.000000,  0.000000,  0.000000,  0.000000,  0.000000,  0.000000,  0.000000,  0.000000,  0.000000,  0.000000,  0.000000,  0.000000,  0.000000,  0.000000,  0.000000,  0.000000,  0.000000,  0.000000,  0.000000,  0.000000,  0.000000,  0.000000,  0.000000,  0.000000,  0.000000,  0.000000,  0.000000,  0.000000,  0.000000,  0.000000,  0.000000,  0.000000,  0.000000,  0.000000,  0.000000,  0.000000,  0.000000,  0.000000,  0.000000,  0.000000,  0.000000,  0.000000,  0.000000,  0.000000,  0.000000,  0.000000,  0.000000,  0.000000,  0.000000,  0.000000,  0.000000,  0.000000,  0.000000,  0.000000,  0.000000,  0.000000,  0.000000,  0.000000,  0.000000,  0.000000,  0.000000,  0.000000,  0.000000,  0.000000,  0.000000,  0.000000,  0.000000,  0.000000,  0.000000,  0.000000,  0.000000,  0.000000,  0.000000,  0.000000,  0.000000,  0.000000,  0.000000,  0.000000,  0.000000,  0.000000,  0.000000,  0.000000,  0.000000,  0.000000,  0.000000,  0.000000,  0.000000,  0.000000,  0.000000,  0.000000,  0.000000,  0.000000,  0.000000,  0.000000,  0.000000,  0.000000,  0.000000,  0.000000,  0.000000,  0.000000,  0.000000,  0.000000,  0.000000,  0.000000,  0.000000,  0.000000,  0.000000,  0.000000,  0.000000,  0.000000,  0.000000,  0.000000,  0.000000,  0.000000,  0.000000,  0.000000,  0.000000,  0.000000,  0.000000,  0.000000,  0.000000,  0.000000,  0.000000,  0.000000,  0.000000,  0.000000,  0.000000,  0.000000,  0.000000,  0.000000,  0.000000,  0.000000,  0.000000,  0.000000,  0.000000,  0.000000,  0.000000,  0.000000,  0.000000,  0.000000,  0.000000,  0.000000,  0.000000,  0.000000,  0.000000,  0.000000,  0.000000,  0.000000,  0.000000,  0.000000,  0.000000,  0.000000,  0.000000,  0.000000,  0.000000 ]
checksum = 1.000000
Repeated 8 time
f3=0.442727 a3=0.557273
f4=0.186775 a4=0.370498
f5=0.095629 a5=0.274869
f6=0.055341 a6=0.219528
f7=0.034850 a7=0.184678
f8=0.023347 a8=0.161331
f9=0.016397 a9=0.144934
f10=0.011954 a10=0.132980
f11=0.008981 a11=0.123999
f12=0.006918 a12=0.117082
f13=0.005441 a13=0.111641
f14=0.004356 a14=0.107285
f15=0.003542 a15=0.103743
f16=0.002918 a16=0.100825
f17=0.002433 a17=0.098391
f18=0.002050 a18=0.096342
f19=0.001743 a19=0.094599
f20=0.094599
[ 0.442727,  0.186775,  0.095629,  0.055341,  0.034850,  0.023347,  0.016397,  0.011954,  0.008981,  0.006918,  0.005441,  0.004356,  0.003542,  0.002918,  0.002433,  0.002050,  0.001743, 0.094599]
0.094599 == 0.094599

total 92086 nodes
[ 0.000011,  0.001922,  0.437102,  0.187792,  0.096888,  0.058782,  0.036466,  0.021252,  0.014248,  0.009936,  0.011739,  0.008373,  0.001357,  0.009100,  0.004409,  0.001412,  0.002194,  0.003551,  0.002845,  0.090622,  0.000000,  0.000000,  0.000000,  0.000000,  0.000000,  0.000000,  0.000000,  0.000000,  0.000000,  0.000000,  0.000000,  0.000000,  0.000000,  0.000000,  0.000000,  0.000000,  0.000000,  0.000000,  0.000000,  0.000000,  0.000000,  0.000000,  0.000000,  0.000000,  0.000000,  0.000000,  0.000000,  0.000000,  0.000000,  0.000000,  0.000000,  0.000000,  0.000000,  0.000000,  0.000000,  0.000000,  0.000000,  0.000000,  0.000000,  0.000000,  0.000000,  0.000000,  0.000000,  0.000000,  0.000000,  0.000000,  0.000000,  0.000000,  0.000000,  0.000000,  0.000000,  0.000000,  0.000000,  0.000000,  0.000000,  0.000000,  0.000000,  0.000000,  0.000000,  0.000000,  0.000000,  0.000000,  0.000000,  0.000000,  0.000000,  0.000000,  0.000000,  0.000000,  0.000000,  0.000000,  0.000000,  0.000000,  0.000000,  0.000000,  0.000000,  0.000000,  0.000000,  0.000000,  0.000000,  0.000000,  0.000000,  0.000000,  0.000000,  0.000000,  0.000000,  0.000000,  0.000000,  0.000000,  0.000000,  0.000000,  0.000000,  0.000000,  0.000000,  0.000000,  0.000000,  0.000000,  0.000000,  0.000000,  0.000000,  0.000000,  0.000000,  0.000000,  0.000000,  0.000000,  0.000000,  0.000000,  0.000000,  0.000000,  0.000000,  0.000000,  0.000000,  0.000000,  0.000000,  0.000000,  0.000000,  0.000000,  0.000000,  0.000000,  0.000000,  0.000000,  0.000000,  0.000000,  0.000000,  0.000000,  0.000000,  0.000000,  0.000000,  0.000000,  0.000000,  0.000000,  0.000000,  0.000000,  0.000000,  0.000000,  0.000000,  0.000000,  0.000000,  0.000000,  0.000000,  0.000000,  0.000000,  0.000000,  0.000000,  0.000000,  0.000000,  0.000000,  0.000000,  0.000000,  0.000000,  0.000000,  0.000000,  0.000000,  0.000000,  0.000000,  0.000000,  0.000000,  0.000000,  0.000000,  0.000000,  0.000000,  0.000000,  0.000000,  0.000000,  0.000000,  0.000000,  0.000000,  0.000000,  0.000000,  0.000000,  0.000000,  0.000000,  0.000000,  0.000000,  0.000000,  0.000000,  0.000000,  0.000000,  0.000000,  0.000000,  0.000000 ]
checksum = 1.000000
Repeated 9 time
f3=0.442727 a3=0.557273
f4=0.186775 a4=0.370498
f5=0.095629 a5=0.274869
f6=0.055341 a6=0.219528
f7=0.034850 a7=0.184678
f8=0.023347 a8=0.161331
f9=0.016397 a9=0.144934
f10=0.011954 a10=0.132980
f11=0.008981 a11=0.123999
f12=0.006918 a12=0.117082
f13=0.005441 a13=0.111641
f14=0.004356 a14=0.107285
f15=0.003542 a15=0.103743
f16=0.002918 a16=0.100825
f17=0.002433 a17=0.098391
f18=0.002050 a18=0.096342
f19=0.001743 a19=0.094599
f20=0.094599
[ 0.442727,  0.186775,  0.095629,  0.055341,  0.034850,  0.023347,  0.016397,  0.011954,  0.008981,  0.006918,  0.005441,  0.004356,  0.003542,  0.002918,  0.002433,  0.002050,  0.001743, 0.094599]
0.094599 == 0.094599

total 92046 nodes
[ 0.000011,  0.001391,  0.441627,  0.185103,  0.094225,  0.059688,  0.036264,  0.022424,  0.014797,  0.011679,  0.007594,  0.008224,  0.006497,  0.002281,  0.001956,  0.003726,  0.004976,  0.004313,  0.002423,  0.090802,  0.000000,  0.000000,  0.000000,  0.000000,  0.000000,  0.000000,  0.000000,  0.000000,  0.000000,  0.000000,  0.000000,  0.000000,  0.000000,  0.000000,  0.000000,  0.000000,  0.000000,  0.000000,  0.000000,  0.000000,  0.000000,  0.000000,  0.000000,  0.000000,  0.000000,  0.000000,  0.000000,  0.000000,  0.000000,  0.000000,  0.000000,  0.000000,  0.000000,  0.000000,  0.000000,  0.000000,  0.000000,  0.000000,  0.000000,  0.000000,  0.000000,  0.000000,  0.000000,  0.000000,  0.000000,  0.000000,  0.000000,  0.000000,  0.000000,  0.000000,  0.000000,  0.000000,  0.000000,  0.000000,  0.000000,  0.000000,  0.000000,  0.000000,  0.000000,  0.000000,  0.000000,  0.000000,  0.000000,  0.000000,  0.000000,  0.000000,  0.000000,  0.000000,  0.000000,  0.000000,  0.000000,  0.000000,  0.000000,  0.000000,  0.000000,  0.000000,  0.000000,  0.000000,  0.000000,  0.000000,  0.000000,  0.000000,  0.000000,  0.000000,  0.000000,  0.000000,  0.000000,  0.000000,  0.000000,  0.000000,  0.000000,  0.000000,  0.000000,  0.000000,  0.000000,  0.000000,  0.000000,  0.000000,  0.000000,  0.000000,  0.000000,  0.000000,  0.000000,  0.000000,  0.000000,  0.000000,  0.000000,  0.000000,  0.000000,  0.000000,  0.000000,  0.000000,  0.000000,  0.000000,  0.000000,  0.000000,  0.000000,  0.000000,  0.000000,  0.000000,  0.000000,  0.000000,  0.000000,  0.000000,  0.000000,  0.000000,  0.000000,  0.000000,  0.000000,  0.000000,  0.000000,  0.000000,  0.000000,  0.000000,  0.000000,  0.000000,  0.000000,  0.000000,  0.000000,  0.000000,  0.000000,  0.000000,  0.000000,  0.000000,  0.000000,  0.000000,  0.000000,  0.000000,  0.000000,  0.000000,  0.000000,  0.000000,  0.000000,  0.000000,  0.000000,  0.000000,  0.000000,  0.000000,  0.000000,  0.000000,  0.000000,  0.000000,  0.000000,  0.000000,  0.000000,  0.000000,  0.000000,  0.000000,  0.000000,  0.000000,  0.000000,  0.000000,  0.000000,  0.000000,  0.000000,  0.000000,  0.000000,  0.000000,  0.000000,  0.000000 ]
checksum = 1.000000
====================
[ 0.000000,  0.000020,  0.001797,  0.442188,  0.186560,  0.093495,  0.057476,  0.033280,  0.024952,  0.014990,  0.013269,  0.007447,  0.008062,  0.005005,  0.004604,  0.003976,  0.002896,  0.002387,  0.002147,  0.003208,  0.092243,  0.000000,  0.000000,  0.000000,  0.000000,  0.000000,  0.000000,  0.000000,  0.000000,  0.000000,  0.000000,  0.000000,  0.000000,  0.000000,  0.000000,  0.000000,  0.000000,  0.000000,  0.000000,  0.000000,  0.000000,  0.000000,  0.000000,  0.000000,  0.000000,  0.000000,  0.000000,  0.000000,  0.000000,  0.000000,  0.000000,  0.000000,  0.000000,  0.000000,  0.000000,  0.000000,  0.000000,  0.000000,  0.000000,  0.000000,  0.000000,  0.000000,  0.000000,  0.000000,  0.000000,  0.000000,  0.000000,  0.000000,  0.000000,  0.000000,  0.000000,  0.000000,  0.000000,  0.000000,  0.000000,  0.000000,  0.000000,  0.000000,  0.000000,  0.000000,  0.000000,  0.000000,  0.000000,  0.000000,  0.000000,  0.000000,  0.000000,  0.000000,  0.000000,  0.000000,  0.000000,  0.000000,  0.000000,  0.000000,  0.000000,  0.000000,  0.000000,  0.000000,  0.000000,  0.000000,  0.000000 ]
f3=0.442727 a3=0.557273
f4=0.186775 a4=0.370498
f5=0.095629 a5=0.274869
f6=0.055341 a6=0.219528
f7=0.034850 a7=0.184678
f8=0.023347 a8=0.161331
f9=0.016397 a9=0.144934
f10=0.011954 a10=0.132980
f11=0.008981 a11=0.123999
f12=0.006918 a12=0.117082
f13=0.005441 a13=0.111641
f14=0.004356 a14=0.107285
f15=0.003542 a15=0.103743
f16=0.002918 a16=0.100825
f17=0.002433 a17=0.098391
f18=0.002050 a18=0.096342
f19=0.001743 a19=0.094599
f20=0.094599
[ 0.442727,  0.186775,  0.095629,  0.055341,  0.034850,  0.023347,  0.016397,  0.011954,  0.008981,  0.006918,  0.005441,  0.004356,  0.003542,  0.002918,  0.002433,  0.002050,  0.001743, 0.094599]
0.094599 == 0.094599
