Repeated 0 time
f2=0.526112 a2=0.473888
f3=0.155885 a3=0.318003
f4=0.065764 a4=0.252239
f5=0.033671 a5=0.218568
f6=0.019486 a6=0.199082
f7=0.012271 a7=0.186811
f8=0.008220 a8=0.178591
f9=0.005774 a9=0.172817
f10=0.172817
[ 0.526112,  0.155885,  0.065764,  0.033671,  0.019486,  0.012271,  0.008220,  0.005774, 0.172817]
0.172817 == 0.172817

total 92320 nodes
[ 0.000162,  0.527101,  0.150303,  0.067017,  0.035269,  0.022769,  0.011742,  0.005351,  0.004560,  0.175726,  0.000000,  0.000000,  0.000000,  0.000000,  0.000000,  0.000000,  0.000000,  0.000000,  0.000000,  0.000000,  0.000000,  0.000000,  0.000000,  0.000000,  0.000000,  0.000000,  0.000000,  0.000000,  0.000000,  0.000000,  0.000000,  0.000000,  0.000000,  0.000000,  0.000000,  0.000000,  0.000000,  0.000000,  0.000000,  0.000000,  0.000000,  0.000000,  0.000000,  0.000000,  0.000000,  0.000000,  0.000000,  0.000000,  0.000000,  0.000000,  0.000000,  0.000000,  0.000000,  0.000000,  0.000000,  0.000000,  0.000000,  0.000000,  0.000000,  0.000000,  0.000000,  0.000000,  0.000000,  0.000000,  0.000000,  0.000000,  0.000000,  0.000000,  0.000000,  0.000000,  0.000000,  0.000000,  0.000000,  0.000000,  0.000000,  0.000000,  0.000000,  0.000000,  0.000000,  0.000000,  0.000000,  0.000000,  0.000000,  0.000000,  0.000000,  0.000000,  0.000000,  0.000000,  0.000000,  0.000000,  0.000000,  0.000000,  0.000000,  0.000000,  0.000000,  0.000000,  0.000000,  0.000000,  0.000000,  0.000000 ]
checksum = 1.000000
Repeated 1 time
f2=0.526112 a2=0.473888
f3=0.155885 a3=0.318003
f4=0.065764 a4=0.252239
f5=0.033671 a5=0.218568
f6=0.019486 a6=0.199082
f7=0.012271 a7=0.186811
f8=0.008220 a8=0.178591
f9=0.005774 a9=0.172817
f10=0.172817
[ 0.526112,  0.155885,  0.065764,  0.033671,  0.019486,  0.012271,  0.008220,  0.005774, 0.172817]
0.172817 == 0.172817

total 92066 nodes
[ 0.000250,  0.523831,  0.159234,  0.063074,  0.036278,  0.018313,  0.011416,  0.007234,  0.007277,  0.173093,  0.000000,  0.000000,  0.000000,  0.000000,  0.000000,  0.000000,  0.000000,  0.000000,  0.000000,  0.000000,  0.000000,  0.000000,  0.000000,  0.000000,  0.000000,  0.000000,  0.000000,  0.000000,  0.000000,  0.000000,  0.000000,  0.000000,  0.000000,  0.000000,  0.000000,  0.000000,  0.000000,  0.000000,  0.000000,  0.000000,  0.000000,  0.000000,  0.000000,  0.000000,  0.000000,  0.000000,  0.000000,  0.000000,  0.000000,  0.000000,  0.000000,  0.000000,  0.000000,  0.000000,  0.000000,  0.000000,  0.000000,  0.000000,  0.000000,  0.000000,  0.000000,  0.000000,  0.000000,  0.000000,  0.000000,  0.000000,  0.000000,  0.000000,  0.000000,  0.000000,  0.000000,  0.000000,  0.000000,  0.000000,  0.000000,  0.000000,  0.000000,  0.000000,  0.000000,  0.000000,  0.000000,  0.000000,  0.000000,  0.000000,  0.000000,  0.000000,  0.000000,  0.000000,  0.000000,  0.000000,  0.000000,  0.000000,  0.000000,  0.000000,  0.000000,  0.000000,  0.000000,  0.000000,  0.000000,  0.000000 ]
checksum = 1.000000
Repeated 2 time
f2=0.526112 a2=0.473888
f3=0.155885 a3=0.318003
f4=0.065764 a4=0.252239
f5=0.033671 a5=0.218568
f6=0.019486 a6=0.199082
f7=0.012271 a7=0.186811
f8=0.008220 a8=0.178591
f9=0.005774 a9=0.172817
f10=0.172817
[ 0.526112,  0.155885,  0.065764,  0.033671,  0.019486,  0.012271,  0.008220,  0.005774, 0.172817]
0.172817 == 0.172817

total 92106 nodes
[ 0.000152,  0.527859,  0.153823,  0.069648,  0.029607,  0.019282,  0.011660,  0.007687,  0.010390,  0.169891,  0.000000,  0.000000,  0.000000,  0.000000,  0.000000,  0.000000,  0.000000,  0.000000,  0.000000,  0.000000,  0.000000,  0.000000,  0.000000,  0.000000,  0.000000,  0.000000,  0.000000,  0.000000,  0.000000,  0.000000,  0.000000,  0.000000,  0.000000,  0.000000,  0.000000,  0.000000,  0.000000,  0.000000,  0.000000,  0.000000,  0.000000,  0.000000,  0.000000,  0.000000,  0.000000,  0.000000,  0.000000,  0.000000,  0.000000,  0.000000,  0.000000,  0.000000,  0.000000,  0.000000,  0.000000,  0.000000,  0.000000,  0.000000,  0.000000,  0.000000,  0.000000,  0.000000,  0.000000,  0.000000,  0.000000,  0.000000,  0.000000,  0.000000,  0.000000,  0.000000,  0.000000,  0.000000,  0.000000,  0.000000,  0.000000,  0.000000,  0.000000,  0.000000,  0.000000,  0.000000,  0.000000,  0.000000,  0.000000,  0.000000,  0.000000,  0.000000,  0.000000,  0.000000,  0.000000,  0.000000,  0.000000,  0.000000,  0.000000,  0.000000,  0.000000,  0.000000,  0.000000,  0.000000,  0.000000,  0.000000 ]
checksum = 1.000000
Repeated 3 time
f2=0.526112 a2=0.473888
f3=0.155885 a3=0.318003
f4=0.065764 a4=0.252239
f5=0.033671 a5=0.218568
f6=0.019486 a6=0.199082
f7=0.012271 a7=0.186811
f8=0.008220 a8=0.178591
f9=0.005774 a9=0.172817
f10=0.172817
[ 0.526112,  0.155885,  0.065764,  0.033671,  0.019486,  0.012271,  0.008220,  0.005774, 0.172817]
0.172817 == 0.172817

total 92420 nodes
[ 0.000173,  0.523577,  0.163633,  0.061826,  0.034863,  0.013536,  0.013157,  0.008624,  0.005140,  0.175471,  0.000000,  0.000000,  0.000000,  0.000000,  0.000000,  0.000000,  0.000000,  0.000000,  0.000000,  0.000000,  0.000000,  0.000000,  0.000000,  0.000000,  0.000000,  0.000000,  0.000000,  0.000000,  0.000000,  0.000000,  0.000000,  0.000000,  0.000000,  0.000000,  0.000000,  0.000000,  0.000000,  0.000000,  0.000000,  0.000000,  0.000000,  0.000000,  0.000000,  0.000000,  0.000000,  0.000000,  0.000000,  0.000000,  0.000000,  0.000000,  0.000000,  0.000000,  0.000000,  0.000000,  0.000000,  0.000000,  0.000000,  0.000000,  0.000000,  0.000000,  0.000000,  0.000000,  0.000000,  0.000000,  0.000000,  0.000000,  0.000000,  0.000000,  0.000000,  0.000000,  0.000000,  0.000000,  0.000000,  0.000000,  0.000000,  0.000000,  0.000000,  0.000000,  0.000000,  0.000000,  0.000000,  0.000000,  0.000000,  0.000000,  0.000000,  0.000000,  0.000000,  0.000000,  0.000000,  0.000000,  0.000000,  0.000000,  0.000000,  0.000000,  0.000000,  0.000000,  0.000000,  0.000000,  0.000000,  0.000000 ]
checksum = 1.000000
Repeated 4 time
f2=0.526112 a2=0.473888
f3=0.155885 a3=0.318003
f4=0.065764 a4=0.252239
f5=0.033671 a5=0.218568
f6=0.019486 a6=0.199082
f7=0.012271 a7=0.186811
f8=0.008220 a8=0.178591
f9=0.005774 a9=0.172817
f10=0.172817
[ 0.526112,  0.155885,  0.065764,  0.033671,  0.019486,  0.012271,  0.008220,  0.005774, 0.172817]
0.172817 == 0.172817

total 92468 nodes
[ 0.000292,  0.523749,  0.155621,  0.068164,  0.037278,  0.017476,  0.008933,  0.010825,  0.003461,  0.174201,  0.000000,  0.000000,  0.000000,  0.000000,  0.000000,  0.000000,  0.000000,  0.000000,  0.000000,  0.000000,  0.000000,  0.000000,  0.000000,  0.000000,  0.000000,  0.000000,  0.000000,  0.000000,  0.000000,  0.000000,  0.000000,  0.000000,  0.000000,  0.000000,  0.000000,  0.000000,  0.000000,  0.000000,  0.000000,  0.000000,  0.000000,  0.000000,  0.000000,  0.000000,  0.000000,  0.000000,  0.000000,  0.000000,  0.000000,  0.000000,  0.000000,  0.000000,  0.000000,  0.000000,  0.000000,  0.000000,  0.000000,  0.000000,  0.000000,  0.000000,  0.000000,  0.000000,  0.000000,  0.000000,  0.000000,  0.000000,  0.000000,  0.000000,  0.000000,  0.000000,  0.000000,  0.000000,  0.000000,  0.000000,  0.000000,  0.000000,  0.000000,  0.000000,  0.000000,  0.000000,  0.000000,  0.000000,  0.000000,  0.000000,  0.000000,  0.000000,  0.000000,  0.000000,  0.000000,  0.000000,  0.000000,  0.000000,  0.000000,  0.000000,  0.000000,  0.000000,  0.000000,  0.000000,  0.000000,  0.000000 ]
checksum = 1.000000
Repeated 5 time
f2=0.526112 a2=0.473888
f3=0.155885 a3=0.318003
f4=0.065764 a4=0.252239
f5=0.033671 a5=0.218568
f6=0.019486 a6=0.199082
f7=0.012271 a7=0.186811
f8=0.008220 a8=0.178591
f9=0.005774 a9=0.172817
f10=0.172817
[ 0.526112,  0.155885,  0.065764,  0.033671,  0.019486,  0.012271,  0.008220,  0.005774, 0.172817]
0.172817 == 0.172817

total 92446 nodes
[ 0.000303,  0.520985,  0.156794,  0.068645,  0.036432,  0.019449,  0.012018,  0.007507,  0.009865,  0.168001,  0.000000,  0.000000,  0.000000,  0.000000,  0.000000,  0.000000,  0.000000,  0.000000,  0.000000,  0.000000,  0.000000,  0.000000,  0.000000,  0.000000,  0.000000,  0.000000,  0.000000,  0.000000,  0.000000,  0.000000,  0.000000,  0.000000,  0.000000,  0.000000,  0.000000,  0.000000,  0.000000,  0.000000,  0.000000,  0.000000,  0.000000,  0.000000,  0.000000,  0.000000,  0.000000,  0.000000,  0.000000,  0.000000,  0.000000,  0.000000,  0.000000,  0.000000,  0.000000,  0.000000,  0.000000,  0.000000,  0.000000,  0.000000,  0.000000,  0.000000,  0.000000,  0.000000,  0.000000,  0.000000,  0.000000,  0.000000,  0.000000,  0.000000,  0.000000,  0.000000,  0.000000,  0.000000,  0.000000,  0.000000,  0.000000,  0.000000,  0.000000,  0.000000,  0.000000,  0.000000,  0.000000,  0.000000,  0.000000,  0.000000,  0.000000,  0.000000,  0.000000,  0.000000,  0.000000,  0.000000,  0.000000,  0.000000,  0.000000,  0.000000,  0.000000,  0.000000,  0.000000,  0.000000,  0.000000,  0.000000 ]
checksum = 1.000000
Repeated 6 time
f2=0.526112 a2=0.473888
f3=0.155885 a3=0.318003
f4=0.065764 a4=0.252239
f5=0.033671 a5=0.218568
f6=0.019486 a6=0.199082
f7=0.012271 a7=0.186811
f8=0.008220 a8=0.178591
f9=0.005774 a9=0.172817
f10=0.172817
[ 0.526112,  0.155885,  0.065764,  0.033671,  0.019486,  0.012271,  0.008220,  0.005774, 0.172817]
0.172817 == 0.172817

total 92304 nodes
[ 0.000152,  0.524354,  0.161694,  0.065631,  0.028818,  0.018840,  0.011690,  0.010942,  0.008234,  0.169646,  0.000000,  0.000000,  0.000000,  0.000000,  0.000000,  0.000000,  0.000000,  0.000000,  0.000000,  0.000000,  0.000000,  0.000000,  0.000000,  0.000000,  0.000000,  0.000000,  0.000000,  0.000000,  0.000000,  0.000000,  0.000000,  0.000000,  0.000000,  0.000000,  0.000000,  0.000000,  0.000000,  0.000000,  0.000000,  0.000000,  0.000000,  0.000000,  0.000000,  0.000000,  0.000000,  0.000000,  0.000000,  0.000000,  0.000000,  0.000000,  0.000000,  0.000000,  0.000000,  0.000000,  0.000000,  0.000000,  0.000000,  0.000000,  0.000000,  0.000000,  0.000000,  0.000000,  0.000000,  0.000000,  0.000000,  0.000000,  0.000000,  0.000000,  0.000000,  0.000000,  0.000000,  0.000000,  0.000000,  0.000000,  0.000000,  0.000000,  0.000000,  0.000000,  0.000000,  0.000000,  0.000000,  0.000000,  0.000000,  0.000000,  0.000000,  0.000000,  0.000000,  0.000000,  0.000000,  0.000000,  0.000000,  0.000000,  0.000000,  0.000000,  0.000000,  0.000000,  0.000000,  0.000000,  0.000000,  0.000000 ]
checksum = 1.000000
Repeated 7 time
f2=0.526112 a2=0.473888
f3=0.155885 a3=0.318003
f4=0.065764 a4=0.252239
f5=0.033671 a5=0.218568
f6=0.019486 a6=0.199082
f7=0.012271 a7=0.186811
f8=0.008220 a8=0.178591
f9=0.005774 a9=0.172817
f10=0.172817
[ 0.526112,  0.155885,  0.065764,  0.033671,  0.019486,  0.012271,  0.008220,  0.005774, 0.172817]
0.172817 == 0.172817

total 92210 nodes
[ 0.000369,  0.525832,  0.159950,  0.058855,  0.035625,  0.020735,  0.012753,  0.007722,  0.007483,  0.170676,  0.000000,  0.000000,  0.000000,  0.000000,  0.000000,  0.000000,  0.000000,  0.000000,  0.000000,  0.000000,  0.000000,  0.000000,  0.000000,  0.000000,  0.000000,  0.000000,  0.000000,  0.000000,  0.000000,  0.000000,  0.000000,  0.000000,  0.000000,  0.000000,  0.000000,  0.000000,  0.000000,  0.000000,  0.000000,  0.000000,  0.000000,  0.000000,  0.000000,  0.000000,  0.000000,  0.000000,  0.000000,  0.000000,  0.000000,  0.000000,  0.000000,  0.000000,  0.000000,  0.000000,  0.000000,  0.000000,  0.000000,  0.000000,  0.000000,  0.000000,  0.000000,  0.000000,  0.000000,  0.000000,  0.000000,  0.000000,  0.000000,  0.000000,  0.000000,  0.000000,  0.000000,  0.000000,  0.000000,  0.000000,  0.000000,  0.000000,  0.000000,  0.000000,  0.000000,  0.000000,  0.000000,  0.000000,  0.000000,  0.000000,  0.000000,  0.000000,  0.000000,  0.000000,  0.000000,  0.000000,  0.000000,  0.000000,  0.000000,  0.000000,  0.000000,  0.000000,  0.000000,  0.000000,  0.000000,  0.000000 ]
checksum = 1.000000
Repeated 8 time
f2=0.526112 a2=0.473888
f3=0.155885 a3=0.318003
f4=0.065764 a4=0.252239
f5=0.033671 a5=0.218568
f6=0.019486 a6=0.199082
f7=0.012271 a7=0.186811
f8=0.008220 a8=0.178591
f9=0.005774 a9=0.172817
f10=0.172817
[ 0.526112,  0.155885,  0.065764,  0.033671,  0.019486,  0.012271,  0.008220,  0.005774, 0.172817]
0.172817 == 0.172817

total 92350 nodes
[ 0.000260,  0.527569,  0.156134,  0.064570,  0.032160,  0.017823,  0.014326,  0.010579,  0.003833,  0.172745,  0.000000,  0.000000,  0.000000,  0.000000,  0.000000,  0.000000,  0.000000,  0.000000,  0.000000,  0.000000,  0.000000,  0.000000,  0.000000,  0.000000,  0.000000,  0.000000,  0.000000,  0.000000,  0.000000,  0.000000,  0.000000,  0.000000,  0.000000,  0.000000,  0.000000,  0.000000,  0.000000,  0.000000,  0.000000,  0.000000,  0.000000,  0.000000,  0.000000,  0.000000,  0.000000,  0.000000,  0.000000,  0.000000,  0.000000,  0.000000,  0.000000,  0.000000,  0.000000,  0.000000,  0.000000,  0.000000,  0.000000,  0.000000,  0.000000,  0.000000,  0.000000,  0.000000,  0.000000,  0.000000,  0.000000,  0.000000,  0.000000,  0.000000,  0.000000,  0.000000,  0.000000,  0.000000,  0.000000,  0.000000,  0.000000,  0.000000,  0.000000,  0.000000,  0.000000,  0.000000,  0.000000,  0.000000,  0.000000,  0.000000,  0.000000,  0.000000,  0.000000,  0.000000,  0.000000,  0.000000,  0.000000,  0.000000,  0.000000,  0.000000,  0.000000,  0.000000,  0.000000,  0.000000,  0.000000,  0.000000 ]
checksum = 1.000000
Repeated 9 time
f2=0.526112 a2=0.473888
f3=0.155885 a3=0.318003
f4=0.065764 a4=0.252239
f5=0.033671 a5=0.218568
f6=0.019486 a6=0.199082
f7=0.012271 a7=0.186811
f8=0.008220 a8=0.178591
f9=0.005774 a9=0.172817
f10=0.172817
[ 0.526112,  0.155885,  0.065764,  0.033671,  0.019486,  0.012271,  0.008220,  0.005774, 0.172817]
0.172817 == 0.172817

total 92026 nodes
[ 0.000283,  0.532306,  0.144600,  0.074272,  0.028003,  0.022885,  0.012442,  0.004760,  0.005901,  0.174548,  0.000000,  0.000000,  0.000000,  0.000000,  0.000000,  0.000000,  0.000000,  0.000000,  0.000000,  0.000000,  0.000000,  0.000000,  0.000000,  0.000000,  0.000000,  0.000000,  0.000000,  0.000000,  0.000000,  0.000000,  0.000000,  0.000000,  0.000000,  0.000000,  0.000000,  0.000000,  0.000000,  0.000000,  0.000000,  0.000000,  0.000000,  0.000000,  0.000000,  0.000000,  0.000000,  0.000000,  0.000000,  0.000000,  0.000000,  0.000000,  0.000000,  0.000000,  0.000000,  0.000000,  0.000000,  0.000000,  0.000000,  0.000000,  0.000000,  0.000000,  0.000000,  0.000000,  0.000000,  0.000000,  0.000000,  0.000000,  0.000000,  0.000000,  0.000000,  0.000000,  0.000000,  0.000000,  0.000000,  0.000000,  0.000000,  0.000000,  0.000000,  0.000000,  0.000000,  0.000000,  0.000000,  0.000000,  0.000000,  0.000000,  0.000000,  0.000000,  0.000000,  0.000000,  0.000000,  0.000000,  0.000000,  0.000000,  0.000000,  0.000000,  0.000000,  0.000000,  0.000000,  0.000000,  0.000000,  0.000000 ]
checksum = 1.000000
====================
[ 0.000000,  0.000240,  0.525716,  0.156179,  0.066170,  0.033433,  0.019111,  0.012014,  0.008123,  0.006614,  0.172400,  0.000000,  0.000000,  0.000000,  0.000000,  0.000000,  0.000000,  0.000000,  0.000000,  0.000000,  0.000000,  0.000000,  0.000000,  0.000000,  0.000000,  0.000000,  0.000000,  0.000000,  0.000000,  0.000000,  0.000000,  0.000000,  0.000000,  0.000000,  0.000000,  0.000000,  0.000000,  0.000000,  0.000000,  0.000000,  0.000000,  0.000000,  0.000000,  0.000000,  0.000000,  0.000000,  0.000000,  0.000000,  0.000000,  0.000000,  0.000000,  0.000000,  0.000000,  0.000000,  0.000000,  0.000000,  0.000000,  0.000000,  0.000000,  0.000000,  0.000000,  0.000000,  0.000000,  0.000000,  0.000000,  0.000000,  0.000000,  0.000000,  0.000000,  0.000000,  0.000000,  0.000000,  0.000000,  0.000000,  0.000000,  0.000000,  0.000000,  0.000000,  0.000000,  0.000000,  0.000000,  0.000000,  0.000000,  0.000000,  0.000000,  0.000000,  0.000000,  0.000000,  0.000000,  0.000000,  0.000000,  0.000000,  0.000000,  0.000000,  0.000000,  0.000000,  0.000000,  0.000000,  0.000000,  0.000000,  0.000000 ]
f2=0.526112 a2=0.473888
f3=0.155885 a3=0.318003
f4=0.065764 a4=0.252239
f5=0.033671 a5=0.218568
f6=0.019486 a6=0.199082
f7=0.012271 a7=0.186811
f8=0.008220 a8=0.178591
f9=0.005774 a9=0.172817
f10=0.172817
[ 0.526112,  0.155885,  0.065764,  0.033671,  0.019486,  0.012271,  0.008220,  0.005774, 0.172817]
0.172817 == 0.172817
