Repeated 0 time
f2=0.476943 a2=0.523057
f3=0.173077 a3=0.349980
f4=0.084312 a4=0.265668
f5=0.048263 a5=0.217405
f6=0.030596 a6=0.186809
f7=0.020811 a7=0.165998
f8=0.014904 a8=0.151093
f9=0.011103 a9=0.139990
f10=0.139990
[ 0.476943,  0.173077,  0.084312,  0.048263,  0.030596,  0.020811,  0.014904,  0.011103, 0.139990]
0.139990 == 0.139990

total 91698 nodes
[ 0.000044,  0.475158,  0.171858,  0.086872,  0.052444,  0.025649,  0.018136,  0.017612,  0.012181,  0.140047,  0.000000,  0.000000,  0.000000,  0.000000,  0.000000,  0.000000,  0.000000,  0.000000,  0.000000,  0.000000,  0.000000,  0.000000,  0.000000,  0.000000,  0.000000,  0.000000,  0.000000,  0.000000,  0.000000,  0.000000,  0.000000,  0.000000,  0.000000,  0.000000,  0.000000,  0.000000,  0.000000,  0.000000,  0.000000,  0.000000,  0.000000,  0.000000,  0.000000,  0.000000,  0.000000,  0.000000,  0.000000,  0.000000,  0.000000,  0.000000,  0.000000,  0.000000,  0.000000,  0.000000,  0.000000,  0.000000,  0.000000,  0.000000,  0.000000,  0.000000,  0.000000,  0.000000,  0.000000,  0.000000,  0.000000,  0.000000,  0.000000,  0.000000,  0.000000,  0.000000,  0.000000,  0.000000,  0.000000,  0.000000,  0.000000,  0.000000,  0.000000,  0.000000,  0.000000,  0.000000,  0.000000,  0.000000,  0.000000,  0.000000,  0.000000,  0.000000,  0.000000,  0.000000,  0.000000,  0.000000,  0.000000,  0.000000,  0.000000,  0.000000,  0.000000,  0.000000,  0.000000,  0.000000,  0.000000,  0.000000 ]
checksum = 1.000000
Repeated 1 time
f2=0.476943 a2=0.523057
f3=0.173077 a3=0.349980
f4=0.084312 a4=0.265668
f5=0.048263 a5=0.217405
f6=0.030596 a6=0.186809
f7=0.020811 a7=0.165998
f8=0.014904 a8=0.151093
f9=0.011103 a9=0.139990
f10=0.139990
[ 0.476943,  0.173077,  0.084312,  0.048263,  0.030596,  0.020811,  0.014904,  0.011103, 0.139990]
0.139990 == 0.139990

total 92952 nodes
[ 0.000097,  0.474202,  0.175596,  0.089541,  0.038256,  0.036621,  0.019128,  0.014943,  0.011931,  0.139685,  0.000000,  0.000000,  0.000000,  0.000000,  0.000000,  0.000000,  0.000000,  0.000000,  0.000000,  0.000000,  0.000000,  0.000000,  0.000000,  0.000000,  0.000000,  0.000000,  0.000000,  0.000000,  0.000000,  0.000000,  0.000000,  0.000000,  0.000000,  0.000000,  0.000000,  0.000000,  0.000000,  0.000000,  0.000000,  0.000000,  0.000000,  0.000000,  0.000000,  0.000000,  0.000000,  0.000000,  0.000000,  0.000000,  0.000000,  0.000000,  0.000000,  0.000000,  0.000000,  0.000000,  0.000000,  0.000000,  0.000000,  0.000000,  0.000000,  0.000000,  0.000000,  0.000000,  0.000000,  0.000000,  0.000000,  0.000000,  0.000000,  0.000000,  0.000000,  0.000000,  0.000000,  0.000000,  0.000000,  0.000000,  0.000000,  0.000000,  0.000000,  0.000000,  0.000000,  0.000000,  0.000000,  0.000000,  0.000000,  0.000000,  0.000000,  0.000000,  0.000000,  0.000000,  0.000000,  0.000000,  0.000000,  0.000000,  0.000000,  0.000000,  0.000000,  0.000000,  0.000000,  0.000000,  0.000000,  0.000000 ]
checksum = 1.000000
Repeated 2 time
f2=0.476943 a2=0.523057
f3=0.173077 a3=0.349980
f4=0.084312 a4=0.265668
f5=0.048263 a5=0.217405
f6=0.030596 a6=0.186809
f7=0.020811 a7=0.165998
f8=0.014904 a8=0.151093
f9=0.011103 a9=0.139990
f10=0.139990
[ 0.476943,  0.173077,  0.084312,  0.048263,  0.030596,  0.020811,  0.014904,  0.011103, 0.139990]
0.139990 == 0.139990

total 92182 nodes
[ 0.000065,  0.475386,  0.179905,  0.080612,  0.050194,  0.028064,  0.016207,  0.021230,  0.008017,  0.140320,  0.000000,  0.000000,  0.000000,  0.000000,  0.000000,  0.000000,  0.000000,  0.000000,  0.000000,  0.000000,  0.000000,  0.000000,  0.000000,  0.000000,  0.000000,  0.000000,  0.000000,  0.000000,  0.000000,  0.000000,  0.000000,  0.000000,  0.000000,  0.000000,  0.000000,  0.000000,  0.000000,  0.000000,  0.000000,  0.000000,  0.000000,  0.000000,  0.000000,  0.000000,  0.000000,  0.000000,  0.000000,  0.000000,  0.000000,  0.000000,  0.000000,  0.000000,  0.000000,  0.000000,  0.000000,  0.000000,  0.000000,  0.000000,  0.000000,  0.000000,  0.000000,  0.000000,  0.000000,  0.000000,  0.000000,  0.000000,  0.000000,  0.000000,  0.000000,  0.000000,  0.000000,  0.000000,  0.000000,  0.000000,  0.000000,  0.000000,  0.000000,  0.000000,  0.000000,  0.000000,  0.000000,  0.000000,  0.000000,  0.000000,  0.000000,  0.000000,  0.000000,  0.000000,  0.000000,  0.000000,  0.000000,  0.000000,  0.000000,  0.000000,  0.000000,  0.000000,  0.000000,  0.000000,  0.000000,  0.000000 ]
checksum = 1.000000
Repeated 3 time
f2=0.476943 a2=0.523057
f3=0.173077 a3=0.349980
f4=0.084312 a4=0.265668
f5=0.048263 a5=0.217405
f6=0.030596 a6=0.186809
f7=0.020811 a7=0.165998
f8=0.014904 a8=0.151093
f9=0.011103 a9=0.139990
f10=0.139990
[ 0.476943,  0.173077,  0.084312,  0.048263,  0.030596,  0.020811,  0.014904,  0.011103, 0.139990]
0.139990 == 0.139990

total 92132 nodes
[ 0.000033,  0.478433,  0.168020,  0.091423,  0.042472,  0.034244,  0.020590,  0.016791,  0.006914,  0.141080,  0.000000,  0.000000,  0.000000,  0.000000,  0.000000,  0.000000,  0.000000,  0.000000,  0.000000,  0.000000,  0.000000,  0.000000,  0.000000,  0.000000,  0.000000,  0.000000,  0.000000,  0.000000,  0.000000,  0.000000,  0.000000,  0.000000,  0.000000,  0.000000,  0.000000,  0.000000,  0.000000,  0.000000,  0.000000,  0.000000,  0.000000,  0.000000,  0.000000,  0.000000,  0.000000,  0.000000,  0.000000,  0.000000,  0.000000,  0.000000,  0.000000,  0.000000,  0.000000,  0.000000,  0.000000,  0.000000,  0.000000,  0.000000,  0.000000,  0.000000,  0.000000,  0.000000,  0.000000,  0.000000,  0.000000,  0.000000,  0.000000,  0.000000,  0.000000,  0.000000,  0.000000,  0.000000,  0.000000,  0.000000,  0.000000,  0.000000,  0.000000,  0.000000,  0.000000,  0.000000,  0.000000,  0.000000,  0.000000,  0.000000,  0.000000,  0.000000,  0.000000,  0.000000,  0.000000,  0.000000,  0.000000,  0.000000,  0.000000,  0.000000,  0.000000,  0.000000,  0.000000,  0.000000,  0.000000,  0.000000 ]
checksum = 1.000000
Repeated 4 time
f2=0.476943 a2=0.523057
f3=0.173077 a3=0.349980
f4=0.084312 a4=0.265668
f5=0.048263 a5=0.217405
f6=0.030596 a6=0.186809
f7=0.020811 a7=0.165998
f8=0.014904 a8=0.151093
f9=0.011103 a9=0.139990
f10=0.139990
[ 0.476943,  0.173077,  0.084312,  0.048263,  0.030596,  0.020811,  0.014904,  0.011103, 0.139990]
0.139990 == 0.139990

total 92054 nodes
[ 0.000022,  0.474634,  0.174886,  0.084852,  0.050134,  0.026680,  0.022530,  0.016990,  0.010320,  0.138951,  0.000000,  0.000000,  0.000000,  0.000000,  0.000000,  0.000000,  0.000000,  0.000000,  0.000000,  0.000000,  0.000000,  0.000000,  0.000000,  0.000000,  0.000000,  0.000000,  0.000000,  0.000000,  0.000000,  0.000000,  0.000000,  0.000000,  0.000000,  0.000000,  0.000000,  0.000000,  0.000000,  0.000000,  0.000000,  0.000000,  0.000000,  0.000000,  0.000000,  0.000000,  0.000000,  0.000000,  0.000000,  0.000000,  0.000000,  0.000000,  0.000000,  0.000000,  0.000000,  0.000000,  0.000000,  0.000000,  0.000000,  0.000000,  0.000000,  0.000000,  0.000000,  0.000000,  0.000000,  0.000000,  0.000000,  0.000000,  0.000000,  0.000000,  0.000000,  0.000000,  0.000000,  0.000000,  0.000000,  0.000000,  0.000000,  0.000000,  0.000000,  0.000000,  0.000000,  0.000000,  0.000000,  0.000000,  0.000000,  0.000000,  0.000000,  0.000000,  0.000000,  0.000000,  0.000000,  0.000000,  0.000000,  0.000000,  0.000000,  0.000000,  0.000000,  0.000000,  0.000000,  0.000000,  0.000000,  0.000000 ]
checksum = 1.000000
Repeated 5 time
f2=0.476943 a2=0.523057
f3=0.173077 a3=0.349980
f4=0.084312 a4=0.265668
f5=0.048263 a5=0.217405
f6=0.030596 a6=0.186809
f7=0.020811 a7=0.165998
f8=0.014904 a8=0.151093
f9=0.011103 a9=0.139990
f10=0.139990
[ 0.476943,  0.173077,  0.084312,  0.048263,  0.030596,  0.020811,  0.014904,  0.011103, 0.139990]
0.139990 == 0.139990

total 91886 nodes
[ 0.000044,  0.474730,  0.175097,  0.083288,  0.046003,  0.034184,  0.020754,  0.014181,  0.012178,  0.139542,  0.000000,  0.000000,  0.000000,  0.000000,  0.000000,  0.000000,  0.000000,  0.000000,  0.000000,  0.000000,  0.000000,  0.000000,  0.000000,  0.000000,  0.000000,  0.000000,  0.000000,  0.000000,  0.000000,  0.000000,  0.000000,  0.000000,  0.000000,  0.000000,  0.000000,  0.000000,  0.000000,  0.000000,  0.000000,  0.000000,  0.000000,  0.000000,  0.000000,  0.000000,  0.000000,  0.000000,  0.000000,  0.000000,  0.000000,  0.000000,  0.000000,  0.000000,  0.000000,  0.000000,  0.000000,  0.000000,  0.000000,  0.000000,  0.000000,  0.000000,  0.000000,  0.000000,  0.000000,  0.000000,  0.000000,  0.000000,  0.000000,  0.000000,  0.000000,  0.000000,  0.000000,  0.000000,  0.000000,  0.000000,  0.000000,  0.000000,  0.000000,  0.000000,  0.000000,  0.000000,  0.000000,  0.000000,  0.000000,  0.000000,  0.000000,  0.000000,  0.000000,  0.000000,  0.000000,  0.000000,  0.000000,  0.000000,  0.000000,  0.000000,  0.000000,  0.000000,  0.000000,  0.000000,  0.000000,  0.000000 ]
checksum = 1.000000
Repeated 6 time
f2=0.476943 a2=0.523057
f3=0.173077 a3=0.349980
f4=0.084312 a4=0.265668
f5=0.048263 a5=0.217405
f6=0.030596 a6=0.186809
f7=0.020811 a7=0.165998
f8=0.014904 a8=0.151093
f9=0.011103 a9=0.139990
f10=0.139990
[ 0.476943,  0.173077,  0.084312,  0.048263,  0.030596,  0.020811,  0.014904,  0.011103, 0.139990]
0.139990 == 0.139990

total 92268 nodes
[ 0.000119,  0.474715,  0.173527,  0.089609,  0.046322,  0.029089,  0.022272,  0.011759,  0.011131,  0.141457,  0.000000,  0.000000,  0.000000,  0.000000,  0.000000,  0.000000,  0.000000,  0.000000,  0.000000,  0.000000,  0.000000,  0.000000,  0.000000,  0.000000,  0.000000,  0.000000,  0.000000,  0.000000,  0.000000,  0.000000,  0.000000,  0.000000,  0.000000,  0.000000,  0.000000,  0.000000,  0.000000,  0.000000,  0.000000,  0.000000,  0.000000,  0.000000,  0.000000,  0.000000,  0.000000,  0.000000,  0.000000,  0.000000,  0.000000,  0.000000,  0.000000,  0.000000,  0.000000,  0.000000,  0.000000,  0.000000,  0.000000,  0.000000,  0.000000,  0.000000,  0.000000,  0.000000,  0.000000,  0.000000,  0.000000,  0.000000,  0.000000,  0.000000,  0.000000,  0.000000,  0.000000,  0.000000,  0.000000,  0.000000,  0.000000,  0.000000,  0.000000,  0.000000,  0.000000,  0.000000,  0.000000,  0.000000,  0.000000,  0.000000,  0.000000,  0.000000,  0.000000,  0.000000,  0.000000,  0.000000,  0.000000,  0.000000,  0.000000,  0.000000,  0.000000,  0.000000,  0.000000,  0.000000,  0.000000,  0.000000 ]
checksum = 1.000000
Repeated 7 time
f2=0.476943 a2=0.523057
f3=0.173077 a3=0.349980
f4=0.084312 a4=0.265668
f5=0.048263 a5=0.217405
f6=0.030596 a6=0.186809
f7=0.020811 a7=0.165998
f8=0.014904 a8=0.151093
f9=0.011103 a9=0.139990
f10=0.139990
[ 0.476943,  0.173077,  0.084312,  0.048263,  0.030596,  0.020811,  0.014904,  0.011103, 0.139990]
0.139990 == 0.139990

total 92624 nodes
[ 0.000119,  0.478029,  0.165702,  0.088714,  0.054403,  0.025836,  0.020545,  0.017587,  0.008648,  0.140417,  0.000000,  0.000000,  0.000000,  0.000000,  0.000000,  0.000000,  0.000000,  0.000000,  0.000000,  0.000000,  0.000000,  0.000000,  0.000000,  0.000000,  0.000000,  0.000000,  0.000000,  0.000000,  0.000000,  0.000000,  0.000000,  0.000000,  0.000000,  0.000000,  0.000000,  0.000000,  0.000000,  0.000000,  0.000000,  0.000000,  0.000000,  0.000000,  0.000000,  0.000000,  0.000000,  0.000000,  0.000000,  0.000000,  0.000000,  0.000000,  0.000000,  0.000000,  0.000000,  0.000000,  0.000000,  0.000000,  0.000000,  0.000000,  0.000000,  0.000000,  0.000000,  0.000000,  0.000000,  0.000000,  0.000000,  0.000000,  0.000000,  0.000000,  0.000000,  0.000000,  0.000000,  0.000000,  0.000000,  0.000000,  0.000000,  0.000000,  0.000000,  0.000000,  0.000000,  0.000000,  0.000000,  0.000000,  0.000000,  0.000000,  0.000000,  0.000000,  0.000000,  0.000000,  0.000000,  0.000000,  0.000000,  0.000000,  0.000000,  0.000000,  0.000000,  0.000000,  0.000000,  0.000000,  0.000000,  0.000000 ]
checksum = 1.000000
Repeated 8 time
f2=0.476943 a2=0.523057
f3=0.173077 a3=0.349980
f4=0.084312 a4=0.265668
f5=0.048263 a5=0.217405
f6=0.030596 a6=0.186809
f7=0.020811 a7=0.165998
f8=0.014904 a8=0.151093
f9=0.011103 a9=0.139990
f10=0.139990
[ 0.476943,  0.173077,  0.084312,  0.048263,  0.030596,  0.020811,  0.014904,  0.011103, 0.139990]
0.139990 == 0.139990

total 92442 nodes
[ 0.000087,  0.474817,  0.173374,  0.084237,  0.055256,  0.026449,  0.021073,  0.013890,  0.011845,  0.138974,  0.000000,  0.000000,  0.000000,  0.000000,  0.000000,  0.000000,  0.000000,  0.000000,  0.000000,  0.000000,  0.000000,  0.000000,  0.000000,  0.000000,  0.000000,  0.000000,  0.000000,  0.000000,  0.000000,  0.000000,  0.000000,  0.000000,  0.000000,  0.000000,  0.000000,  0.000000,  0.000000,  0.000000,  0.000000,  0.000000,  0.000000,  0.000000,  0.000000,  0.000000,  0.000000,  0.000000,  0.000000,  0.000000,  0.000000,  0.000000,  0.000000,  0.000000,  0.000000,  0.000000,  0.000000,  0.000000,  0.000000,  0.000000,  0.000000,  0.000000,  0.000000,  0.000000,  0.000000,  0.000000,  0.000000,  0.000000,  0.000000,  0.000000,  0.000000,  0.000000,  0.000000,  0.000000,  0.000000,  0.000000,  0.000000,  0.000000,  0.000000,  0.000000,  0.000000,  0.000000,  0.000000,  0.000000,  0.000000,  0.000000,  0.000000,  0.000000,  0.000000,  0.000000,  0.000000,  0.000000,  0.000000,  0.000000,  0.000000,  0.000000,  0.000000,  0.000000,  0.000000,  0.000000,  0.000000,  0.000000 ]
checksum = 1.000000
Repeated 9 time
f2=0.476943 a2=0.523057
f3=0.173077 a3=0.349980
f4=0.084312 a4=0.265668
f5=0.048263 a5=0.217405
f6=0.030596 a6=0.186809
f7=0.020811 a7=0.165998
f8=0.014904 a8=0.151093
f9=0.011103 a9=0.139990
f10=0.139990
[ 0.476943,  0.173077,  0.084312,  0.048263,  0.030596,  0.020811,  0.014904,  0.011103, 0.139990]
0.139990 == 0.139990

total 92428 nodes
[ 0.000043,  0.475343,  0.171074,  0.086456,  0.052473,  0.027254,  0.022223,  0.011912,  0.014649,  0.138573,  0.000000,  0.000000,  0.000000,  0.000000,  0.000000,  0.000000,  0.000000,  0.000000,  0.000000,  0.000000,  0.000000,  0.000000,  0.000000,  0.000000,  0.000000,  0.000000,  0.000000,  0.000000,  0.000000,  0.000000,  0.000000,  0.000000,  0.000000,  0.000000,  0.000000,  0.000000,  0.000000,  0.000000,  0.000000,  0.000000,  0.000000,  0.000000,  0.000000,  0.000000,  0.000000,  0.000000,  0.000000,  0.000000,  0.000000,  0.000000,  0.000000,  0.000000,  0.000000,  0.000000,  0.000000,  0.000000,  0.000000,  0.000000,  0.000000,  0.000000,  0.000000,  0.000000,  0.000000,  0.000000,  0.000000,  0.000000,  0.000000,  0.000000,  0.000000,  0.000000,  0.000000,  0.000000,  0.000000,  0.000000,  0.000000,  0.000000,  0.000000,  0.000000,  0.000000,  0.000000,  0.000000,  0.000000,  0.000000,  0.000000,  0.000000,  0.000000,  0.000000,  0.000000,  0.000000,  0.000000,  0.000000,  0.000000,  0.000000,  0.000000,  0.000000,  0.000000,  0.000000,  0.000000,  0.000000,  0.000000 ]
checksum = 1.000000
====================
[ 0.000000,  0.000067,  0.475545,  0.172904,  0.086560,  0.048796,  0.029407,  0.020346,  0.015690,  0.010781,  0.139905,  0.000000,  0.000000,  0.000000,  0.000000,  0.000000,  0.000000,  0.000000,  0.000000,  0.000000,  0.000000,  0.000000,  0.000000,  0.000000,  0.000000,  0.000000,  0.000000,  0.000000,  0.000000,  0.000000,  0.000000,  0.000000,  0.000000,  0.000000,  0.000000,  0.000000,  0.000000,  0.000000,  0.000000,  0.000000,  0.000000,  0.000000,  0.000000,  0.000000,  0.000000,  0.000000,  0.000000,  0.000000,  0.000000,  0.000000,  0.000000,  0.000000,  0.000000,  0.000000,  0.000000,  0.000000,  0.000000,  0.000000,  0.000000,  0.000000,  0.000000,  0.000000,  0.000000,  0.000000,  0.000000,  0.000000,  0.000000,  0.000000,  0.000000,  0.000000,  0.000000,  0.000000,  0.000000,  0.000000,  0.000000,  0.000000,  0.000000,  0.000000,  0.000000,  0.000000,  0.000000,  0.000000,  0.000000,  0.000000,  0.000000,  0.000000,  0.000000,  0.000000,  0.000000,  0.000000,  0.000000,  0.000000,  0.000000,  0.000000,  0.000000,  0.000000,  0.000000,  0.000000,  0.000000,  0.000000,  0.000000 ]
f2=0.476943 a2=0.523057
f3=0.173077 a3=0.349980
f4=0.084312 a4=0.265668
f5=0.048263 a5=0.217405
f6=0.030596 a6=0.186809
f7=0.020811 a7=0.165998
f8=0.014904 a8=0.151093
f9=0.011103 a9=0.139990
f10=0.139990
[ 0.476943,  0.173077,  0.084312,  0.048263,  0.030596,  0.020811,  0.014904,  0.011103, 0.139990]
0.139990 == 0.139990
