Repeated 0 time
f2=0.556825 a2=0.443175
f3=0.186326 a3=0.256849
f4=0.085692 a4=0.171158
f5=0.046912 a5=0.124246
f6=0.028674 a6=0.095572
f7=0.018912 a7=0.076660
f8=0.013187 a8=0.063472
f9=0.009595 a9=0.053877
f10=0.007219 a10=0.046658
f11=0.005581 a11=0.041077
f12=0.004413 a12=0.036664
f13=0.003555 a13=0.033109
f14=0.002910 a14=0.030198
f15=0.002416 a15=0.027783
f16=0.002029 a16=0.025753
f17=0.001723 a17=0.024030
f18=0.001477 a18=0.022554
f19=0.001276 a19=0.021278
f20=0.001111 a20=0.020167
f21=0.000974 a21=0.019193
f22=0.000859 a22=0.018334
f23=0.000762 a23=0.017572
f24=0.000679 a24=0.016893
f25=0.000608 a25=0.016285
f26=0.000547 a26=0.015738
f27=0.000494 a27=0.015243
f28=0.000448 a28=0.014796
f29=0.000407 a29=0.014388
f30=0.000372 a30=0.014016
f31=0.000340 a31=0.013676
f32=0.000312 a32=0.013364
f33=0.000287 a33=0.013076
f34=0.000265 a34=0.012811
f35=0.000245 a35=0.012566
f36=0.000227 a36=0.012339
f37=0.000211 a37=0.012128
f38=0.000196 a38=0.011931
f39=0.000183 a39=0.011748
f40=0.000171 a40=0.011577
f41=0.000160 a41=0.011417
f42=0.000150 a42=0.011267
f43=0.000141 a43=0.011127
f44=0.000132 a44=0.010995
f45=0.000124 a45=0.010870
f46=0.000117 a46=0.010753
f47=0.000111 a47=0.010642
f48=0.000105 a48=0.010538
f49=0.000099 a49=0.010439
f50=0.010439
[ 0.556825,  0.186326,  0.085692,  0.046912,  0.028674,  0.018912,  0.013187,  0.009595,  0.007219,  0.005581,  0.004413,  0.003555,  0.002910,  0.002416,  0.002029,  0.001723,  0.001477,  0.001276,  0.001111,  0.000974,  0.000859,  0.000762,  0.000679,  0.000608,  0.000547,  0.000494,  0.000448,  0.000407,  0.000372,  0.000340,  0.000312,  0.000287,  0.000265,  0.000245,  0.000227,  0.000211,  0.000196,  0.000183,  0.000171,  0.000160,  0.000150,  0.000141,  0.000132,  0.000124,  0.000117,  0.000111,  0.000105,  0.000099, 0.010439]
0.010439 == 0.010439

total 91515 nodes
[ 0.020652,  0.542621,  0.182517,  0.082588,  0.050789,  0.026214,  0.020488,  0.014238,  0.006338,  0.006731,  0.007190,  0.002885,  0.003005,  0.004174,  0.003114,  0.001333,  0.001890,  0.001803,  0.001814,  0.000306,  0.000317,  0.001475,  0.000525,  0.000929,  0.001202,  0.000601,  0.000076,  0.000240,  0.000710,  0.000284,  0.000219,  0.001169,  0.000098,  0.000131,  0.000448,  0.000066,  0.000219,  0.000197,  0.000841,  0.000033,  0.000022,  0.000306,  0.000273,  0.000131,  0.000131,  0.000131,  0.000033,  0.000219,  0.001038,  0.007245,  0.000000,  0.000000,  0.000000,  0.000000,  0.000000,  0.000000,  0.000000,  0.000000,  0.000000,  0.000000,  0.000000,  0.000000,  0.000000,  0.000000,  0.000000,  0.000000,  0.000000,  0.000000,  0.000000,  0.000000,  0.000000,  0.000000,  0.000000,  0.000000,  0.000000,  0.000000,  0.000000,  0.000000,  0.000000,  0.000000,  0.000000,  0.000000,  0.000000,  0.000000,  0.000000,  0.000000,  0.000000,  0.000000,  0.000000,  0.000000,  0.000000,  0.000000,  0.000000,  0.000000,  0.000000,  0.000000,  0.000000,  0.000000,  0.000000,  0.000000,  0.000000,  0.000000,  0.000000,  0.000000,  0.000000,  0.000000,  0.000000,  0.000000,  0.000000,  0.000000,  0.000000,  0.000000,  0.000000,  0.000000,  0.000000,  0.000000,  0.000000,  0.000000,  0.000000,  0.000000,  0.000000,  0.000000,  0.000000,  0.000000,  0.000000,  0.000000,  0.000000,  0.000000,  0.000000,  0.000000,  0.000000,  0.000000,  0.000000,  0.000000,  0.000000,  0.000000,  0.000000,  0.000000,  0.000000,  0.000000,  0.000000,  0.000000,  0.000000,  0.000000,  0.000000,  0.000000,  0.000000,  0.000000,  0.000000,  0.000000,  0.000000,  0.000000,  0.000000,  0.000000,  0.000000,  0.000000,  0.000000,  0.000000,  0.000000,  0.000000,  0.000000,  0.000000,  0.000000,  0.000000,  0.000000,  0.000000,  0.000000,  0.000000,  0.000000,  0.000000,  0.000000,  0.000000,  0.000000,  0.000000,  0.000000,  0.000000,  0.000000,  0.000000,  0.000000,  0.000000,  0.000000,  0.000000,  0.000000,  0.000000,  0.000000,  0.000000,  0.000000,  0.000000,  0.000000,  0.000000,  0.000000,  0.000000,  0.000000,  0.000000,  0.000000,  0.000000,  0.000000,  0.000000,  0.000000,  0.000000,  0.000000,  0.000000,  0.000000,  0.000000,  0.000000,  0.000000,  0.000000,  0.000000,  0.000000,  0.000000,  0.000000,  0.000000,  0.000000,  0.000000,  0.000000,  0.000000,  0.000000,  0.000000,  0.000000,  0.000000,  0.000000,  0.000000,  0.000000,  0.000000,  0.000000,  0.000000,  0.000000,  0.000000,  0.000000,  0.000000,  0.000000,  0.000000,  0.000000,  0.000000,  0.000000,  0.000000,  0.000000,  0.000000,  0.000000,  0.000000,  0.000000,  0.000000,  0.000000,  0.000000,  0.000000,  0.000000,  0.000000,  0.000000,  0.000000,  0.000000,  0.000000,  0.000000,  0.000000,  0.000000,  0.000000,  0.000000,  0.000000,  0.000000,  0.000000,  0.000000,  0.000000,  0.000000,  0.000000,  0.000000,  0.000000,  0.000000,  0.000000,  0.000000,  0.000000,  0.000000,  0.000000,  0.000000,  0.000000,  0.000000,  0.000000,  0.000000,  0.000000,  0.000000,  0.000000,  0.000000,  0.000000,  0.000000,  0.000000,  0.000000,  0.000000,  0.000000,  0.000000,  0.000000,  0.000000,  0.000000,  0.000000,  0.000000,  0.000000,  0.000000,  0.000000,  0.000000,  0.000000,  0.000000,  0.000000,  0.000000,  0.000000,  0.000000,  0.000000,  0.000000,  0.000000,  0.000000,  0.000000,  0.000000,  0.000000,  0.000000,  0.000000,  0.000000,  0.000000,  0.000000,  0.000000,  0.000000,  0.000000,  0.000000,  0.000000,  0.000000,  0.000000,  0.000000,  0.000000,  0.000000,  0.000000,  0.000000,  0.000000,  0.000000,  0.000000,  0.000000,  0.000000,  0.000000,  0.000000,  0.000000,  0.000000,  0.000000,  0.000000,  0.000000,  0.000000,  0.000000,  0.000000,  0.000000,  0.000000,  0.000000,  0.000000,  0.000000,  0.000000,  0.000000,  0.000000,  0.000000,  0.000000,  0.000000,  0.000000,  0.000000,  0.000000,  0.000000,  0.000000,  0.000000,  0.000000,  0.000000,  0.000000,  0.000000,  0.000000,  0.000000,  0.000000,  0.000000,  0.000000,  0.000000,  0.000000,  0.000000,  0.000000,  0.000000,  0.000000,  0.000000,  0.000000,  0.000000,  0.000000,  0.000000,  0.000000,  0.000000,  0.000000,  0.000000,  0.000000,  0.000000,  0.000000,  0.000000,  0.000000,  0.000000,  0.000000,  0.000000,  0.000000,  0.000000,  0.000000,  0.000000,  0.000000,  0.000000,  0.000000,  0.000000,  0.000000,  0.000000,  0.000000,  0.000000,  0.000000,  0.000000,  0.000000,  0.000000,  0.000000,  0.000000,  0.000000,  0.000000,  0.000000,  0.000000,  0.000000,  0.000000,  0.000000,  0.000000,  0.000000,  0.000000,  0.000000,  0.000000,  0.000000,  0.000000,  0.000000,  0.000000,  0.000000,  0.000000,  0.000000,  0.000000,  0.000000,  0.000000,  0.000000,  0.000000,  0.000000,  0.000000,  0.000000,  0.000000,  0.000000,  0.000000,  0.000000,  0.000000,  0.000000,  0.000000,  0.000000,  0.000000,  0.000000,  0.000000,  0.000000,  0.000000,  0.000000,  0.000000,  0.000000,  0.000000,  0.000000,  0.000000,  0.000000,  0.000000,  0.000000,  0.000000,  0.000000,  0.000000,  0.000000,  0.000000,  0.000000,  0.000000,  0.000000,  0.000000,  0.000000,  0.000000,  0.000000,  0.000000,  0.000000,  0.000000,  0.000000,  0.000000,  0.000000,  0.000000,  0.000000,  0.000000,  0.000000,  0.000000,  0.000000,  0.000000,  0.000000,  0.000000,  0.000000,  0.000000,  0.000000,  0.000000,  0.000000,  0.000000,  0.000000,  0.000000,  0.000000,  0.000000,  0.000000,  0.000000,  0.000000,  0.000000,  0.000000,  0.000000 ]
checksum = 1.000000
Repeated 1 time
f2=0.556825 a2=0.443175
f3=0.186326 a3=0.256849
f4=0.085692 a4=0.171158
f5=0.046912 a5=0.124246
f6=0.028674 a6=0.095572
f7=0.018912 a7=0.076660
f8=0.013187 a8=0.063472
f9=0.009595 a9=0.053877
f10=0.007219 a10=0.046658
f11=0.005581 a11=0.041077
f12=0.004413 a12=0.036664
f13=0.003555 a13=0.033109
f14=0.002910 a14=0.030198
f15=0.002416 a15=0.027783
f16=0.002029 a16=0.025753
f17=0.001723 a17=0.024030
f18=0.001477 a18=0.022554
f19=0.001276 a19=0.021278
f20=0.001111 a20=0.020167
f21=0.000974 a21=0.019193
f22=0.000859 a22=0.018334
f23=0.000762 a23=0.017572
f24=0.000679 a24=0.016893
f25=0.000608 a25=0.016285
f26=0.000547 a26=0.015738
f27=0.000494 a27=0.015243
f28=0.000448 a28=0.014796
f29=0.000407 a29=0.014388
f30=0.000372 a30=0.014016
f31=0.000340 a31=0.013676
f32=0.000312 a32=0.013364
f33=0.000287 a33=0.013076
f34=0.000265 a34=0.012811
f35=0.000245 a35=0.012566
f36=0.000227 a36=0.012339
f37=0.000211 a37=0.012128
f38=0.000196 a38=0.011931
f39=0.000183 a39=0.011748
f40=0.000171 a40=0.011577
f41=0.000160 a41=0.011417
f42=0.000150 a42=0.011267
f43=0.000141 a43=0.011127
f44=0.000132 a44=0.010995
f45=0.000124 a45=0.010870
f46=0.000117 a46=0.010753
f47=0.000111 a47=0.010642
f48=0.000105 a48=0.010538
f49=0.000099 a49=0.010439
f50=0.010439
[ 0.556825,  0.186326,  0.085692,  0.046912,  0.028674,  0.018912,  0.013187,  0.009595,  0.007219,  0.005581,  0.004413,  0.003555,  0.002910,  0.002416,  0.002029,  0.001723,  0.001477,  0.001276,  0.001111,  0.000974,  0.000859,  0.000762,  0.000679,  0.000608,  0.000547,  0.000494,  0.000448,  0.000407,  0.000372,  0.000340,  0.000312,  0.000287,  0.000265,  0.000245,  0.000227,  0.000211,  0.000196,  0.000183,  0.000171,  0.000160,  0.000150,  0.000141,  0.000132,  0.000124,  0.000117,  0.000111,  0.000105,  0.000099, 0.010439]
0.010439 == 0.010439

total 92235 nodes
[ 0.017835,  0.547515,  0.177536,  0.087646,  0.049743,  0.024416,  0.021120,  0.008121,  0.013823,  0.004662,  0.007654,  0.004467,  0.002233,  0.003459,  0.003719,  0.002147,  0.000531,  0.000846,  0.000976,  0.002125,  0.000000,  0.001637,  0.000510,  0.001290,  0.000477,  0.000499,  0.000672,  0.000716,  0.000791,  0.000000,  0.000466,  0.000379,  0.000022,  0.000965,  0.000672,  0.000163,  0.000011,  0.000163,  0.000033,  0.000163,  0.000184,  0.000239,  0.000249,  0.000098,  0.000076,  0.000228,  0.000228,  0.000206,  0.000217,  0.008077,  0.000000,  0.000000,  0.000000,  0.000000,  0.000000,  0.000000,  0.000000,  0.000000,  0.000000,  0.000000,  0.000000,  0.000000,  0.000000,  0.000000,  0.000000,  0.000000,  0.000000,  0.000000,  0.000000,  0.000000,  0.000000,  0.000000,  0.000000,  0.000000,  0.000000,  0.000000,  0.000000,  0.000000,  0.000000,  0.000000,  0.000000,  0.000000,  0.000000,  0.000000,  0.000000,  0.000000,  0.000000,  0.000000,  0.000000,  0.000000,  0.000000,  0.000000,  0.000000,  0.000000,  0.000000,  0.000000,  0.000000,  0.000000,  0.000000,  0.000000,  0.000000,  0.000000,  0.000000,  0.000000,  0.000000,  0.000000,  0.000000,  0.000000,  0.000000,  0.000000,  0.000000,  0.000000,  0.000000,  0.000000,  0.000000,  0.000000,  0.000000,  0.000000,  0.000000,  0.000000,  0.000000,  0.000000,  0.000000,  0.000000,  0.000000,  0.000000,  0.000000,  0.000000,  0.000000,  0.000000,  0.000000,  0.000000,  0.000000,  0.000000,  0.000000,  0.000000,  0.000000,  0.000000,  0.000000,  0.000000,  0.000000,  0.000000,  0.000000,  0.000000,  0.000000,  0.000000,  0.000000,  0.000000,  0.000000,  0.000000,  0.000000,  0.000000,  0.000000,  0.000000,  0.000000,  0.000000,  0.000000,  0.000000,  0.000000,  0.000000,  0.000000,  0.000000,  0.000000,  0.000000,  0.000000,  0.000000,  0.000000,  0.000000,  0.000000,  0.000000,  0.000000,  0.000000,  0.000000,  0.000000,  0.000000,  0.000000,  0.000000,  0.000000,  0.000000,  0.000000,  0.000000,  0.000000,  0.000000,  0.000000,  0.000000,  0.000000,  0.000000,  0.000000,  0.000000,  0.000000,  0.000000,  0.000000,  0.000000,  0.000000,  0.000000,  0.000000,  0.000000,  0.000000,  0.000000,  0.000000,  0.000000,  0.000000,  0.000000,  0.000000,  0.000000,  0.000000,  0.000000,  0.000000,  0.000000,  0.000000,  0.000000,  0.000000,  0.000000,  0.000000,  0.000000,  0.000000,  0.000000,  0.000000,  0.000000,  0.000000,  0.000000,  0.000000,  0.000000,  0.000000,  0.000000,  0.000000,  0.000000,  0.000000,  0.000000,  0.000000,  0.000000,  0.000000,  0.000000,  0.000000,  0.000000,  0.000000,  0.000000,  0.000000,  0.000000,  0.000000,  0.000000,  0.000000,  0.000000,  0.000000,  0.000000,  0.000000,  0.000000,  0.000000,  0.000000,  0.000000,  0.000000,  0.000000,  0.000000,  0.000000,  0.000000,  0.000000,  0.000000,  0.000000,  0.000000,  0.000000,  0.000000,  0.000000,  0.000000,  0.000000,  0.000000,  0.000000,  0.000000,  0.000000,  0.000000,  0.000000,  0.000000,  0.000000,  0.000000,  0.000000,  0.000000,  0.000000,  0.000000,  0.000000,  0.000000,  0.000000,  0.000000,  0.000000,  0.000000,  0.000000,  0.000000,  0.000000,  0.000000,  0.000000,  0.000000,  0.000000,  0.000000,  0.000000,  0.000000,  0.000000,  0.000000,  0.000000,  0.000000,  0.000000,  0.000000,  0.000000,  0.000000,  0.000000,  0.000000,  0.000000,  0.000000,  0.000000,  0.000000,  0.000000,  0.000000,  0.000000,  0.000000,  0.000000,  0.000000,  0.000000,  0.000000,  0.000000,  0.000000,  0.000000,  0.000000,  0.000000,  0.000000,  0.000000,  0.000000,  0.000000,  0.000000,  0.000000,  0.000000,  0.000000,  0.000000,  0.000000,  0.000000,  0.000000,  0.000000,  0.000000,  0.000000,  0.000000,  0.000000,  0.000000,  0.000000,  0.000000,  0.000000,  0.000000,  0.000000,  0.000000,  0.000000,  0.000000,  0.000000,  0.000000,  0.000000,  0.000000,  0.000000,  0.000000,  0.000000,  0.000000,  0.000000,  0.000000,  0.000000,  0.000000,  0.000000,  0.000000,  0.000000,  0.000000,  0.000000,  0.000000,  0.000000,  0.000000,  0.000000,  0.000000,  0.000000,  0.000000,  0.000000,  0.000000,  0.000000,  0.000000,  0.000000,  0.000000,  0.000000,  0.000000,  0.000000,  0.000000,  0.000000,  0.000000,  0.000000,  0.000000,  0.000000,  0.000000,  0.000000,  0.000000,  0.000000,  0.000000,  0.000000,  0.000000,  0.000000,  0.000000,  0.000000,  0.000000,  0.000000,  0.000000,  0.000000,  0.000000,  0.000000,  0.000000,  0.000000,  0.000000,  0.000000,  0.000000,  0.000000,  0.000000,  0.000000,  0.000000,  0.000000,  0.000000,  0.000000,  0.000000,  0.000000,  0.000000,  0.000000,  0.000000,  0.000000,  0.000000,  0.000000,  0.000000,  0.000000,  0.000000,  0.000000,  0.000000,  0.000000,  0.000000,  0.000000,  0.000000,  0.000000,  0.000000,  0.000000,  0.000000,  0.000000,  0.000000,  0.000000,  0.000000,  0.000000,  0.000000,  0.000000,  0.000000,  0.000000,  0.000000,  0.000000,  0.000000,  0.000000,  0.000000,  0.000000,  0.000000,  0.000000,  0.000000,  0.000000,  0.000000,  0.000000,  0.000000,  0.000000,  0.000000,  0.000000,  0.000000,  0.000000,  0.000000,  0.000000,  0.000000,  0.000000,  0.000000,  0.000000,  0.000000,  0.000000,  0.000000,  0.000000,  0.000000,  0.000000,  0.000000,  0.000000,  0.000000,  0.000000,  0.000000,  0.000000,  0.000000,  0.000000,  0.000000,  0.000000,  0.000000,  0.000000,  0.000000,  0.000000,  0.000000,  0.000000,  0.000000,  0.000000,  0.000000,  0.000000,  0.000000,  0.000000,  0.000000,  0.000000,  0.000000,  0.000000,  0.000000 ]
checksum = 1.000000
Repeated 2 time
f2=0.556825 a2=0.443175
f3=0.186326 a3=0.256849
f4=0.085692 a4=0.171158
f5=0.046912 a5=0.124246
f6=0.028674 a6=0.095572
f7=0.018912 a7=0.076660
f8=0.013187 a8=0.063472
f9=0.009595 a9=0.053877
f10=0.007219 a10=0.046658
f11=0.005581 a11=0.041077
f12=0.004413 a12=0.036664
f13=0.003555 a13=0.033109
f14=0.002910 a14=0.030198
f15=0.002416 a15=0.027783
f16=0.002029 a16=0.025753
f17=0.001723 a17=0.024030
f18=0.001477 a18=0.022554
f19=0.001276 a19=0.021278
f20=0.001111 a20=0.020167
f21=0.000974 a21=0.019193
f22=0.000859 a22=0.018334
f23=0.000762 a23=0.017572
f24=0.000679 a24=0.016893
f25=0.000608 a25=0.016285
f26=0.000547 a26=0.015738
f27=0.000494 a27=0.015243
f28=0.000448 a28=0.014796
f29=0.000407 a29=0.014388
f30=0.000372 a30=0.014016
f31=0.000340 a31=0.013676
f32=0.000312 a32=0.013364
f33=0.000287 a33=0.013076
f34=0.000265 a34=0.012811
f35=0.000245 a35=0.012566
f36=0.000227 a36=0.012339
f37=0.000211 a37=0.012128
f38=0.000196 a38=0.011931
f39=0.000183 a39=0.011748
f40=0.000171 a40=0.011577
f41=0.000160 a41=0.011417
f42=0.000150 a42=0.011267
f43=0.000141 a43=0.011127
f44=0.000132 a44=0.010995
f45=0.000124 a45=0.010870
f46=0.000117 a46=0.010753
f47=0.000111 a47=0.010642
f48=0.000105 a48=0.010538
f49=0.000099 a49=0.010439
f50=0.010439
[ 0.556825,  0.186326,  0.085692,  0.046912,  0.028674,  0.018912,  0.013187,  0.009595,  0.007219,  0.005581,  0.004413,  0.003555,  0.002910,  0.002416,  0.002029,  0.001723,  0.001477,  0.001276,  0.001111,  0.000974,  0.000859,  0.000762,  0.000679,  0.000608,  0.000547,  0.000494,  0.000448,  0.000407,  0.000372,  0.000340,  0.000312,  0.000287,  0.000265,  0.000245,  0.000227,  0.000211,  0.000196,  0.000183,  0.000171,  0.000160,  0.000150,  0.000141,  0.000132,  0.000124,  0.000117,  0.000111,  0.000105,  0.000099, 0.010439]
0.010439 == 0.010439

total 91923 nodes
[ 0.021181,  0.543988,  0.179824,  0.086268,  0.048878,  0.026468,  0.015785,  0.014871,  0.006951,  0.010139,  0.004003,  0.007310,  0.003427,  0.002752,  0.001632,  0.002295,  0.000359,  0.001153,  0.002731,  0.000392,  0.000446,  0.000762,  0.001926,  0.000914,  0.000577,  0.000250,  0.000250,  0.000674,  0.000468,  0.000174,  0.000664,  0.000239,  0.000152,  0.000522,  0.000794,  0.000381,  0.000185,  0.000141,  0.000294,  0.000131,  0.000163,  0.000403,  0.000022,  0.000076,  0.000468,  0.000022,  0.000000,  0.000239,  0.000479,  0.007778,  0.000000,  0.000000,  0.000000,  0.000000,  0.000000,  0.000000,  0.000000,  0.000000,  0.000000,  0.000000,  0.000000,  0.000000,  0.000000,  0.000000,  0.000000,  0.000000,  0.000000,  0.000000,  0.000000,  0.000000,  0.000000,  0.000000,  0.000000,  0.000000,  0.000000,  0.000000,  0.000000,  0.000000,  0.000000,  0.000000,  0.000000,  0.000000,  0.000000,  0.000000,  0.000000,  0.000000,  0.000000,  0.000000,  0.000000,  0.000000,  0.000000,  0.000000,  0.000000,  0.000000,  0.000000,  0.000000,  0.000000,  0.000000,  0.000000,  0.000000,  0.000000,  0.000000,  0.000000,  0.000000,  0.000000,  0.000000,  0.000000,  0.000000,  0.000000,  0.000000,  0.000000,  0.000000,  0.000000,  0.000000,  0.000000,  0.000000,  0.000000,  0.000000,  0.000000,  0.000000,  0.000000,  0.000000,  0.000000,  0.000000,  0.000000,  0.000000,  0.000000,  0.000000,  0.000000,  0.000000,  0.000000,  0.000000,  0.000000,  0.000000,  0.000000,  0.000000,  0.000000,  0.000000,  0.000000,  0.000000,  0.000000,  0.000000,  0.000000,  0.000000,  0.000000,  0.000000,  0.000000,  0.000000,  0.000000,  0.000000,  0.000000,  0.000000,  0.000000,  0.000000,  0.000000,  0.000000,  0.000000,  0.000000,  0.000000,  0.000000,  0.000000,  0.000000,  0.000000,  0.000000,  0.000000,  0.000000,  0.000000,  0.000000,  0.000000,  0.000000,  0.000000,  0.000000,  0.000000,  0.000000,  0.000000,  0.000000,  0.000000,  0.000000,  0.000000,  0.000000,  0.000000,  0.000000,  0.000000,  0.000000,  0.000000,  0.000000,  0.000000,  0.000000,  0.000000,  0.000000,  0.000000,  0.000000,  0.000000,  0.000000,  0.000000,  0.000000,  0.000000,  0.000000,  0.000000,  0.000000,  0.000000,  0.000000,  0.000000,  0.000000,  0.000000,  0.000000,  0.000000,  0.000000,  0.000000,  0.000000,  0.000000,  0.000000,  0.000000,  0.000000,  0.000000,  0.000000,  0.000000,  0.000000,  0.000000,  0.000000,  0.000000,  0.000000,  0.000000,  0.000000,  0.000000,  0.000000,  0.000000,  0.000000,  0.000000,  0.000000,  0.000000,  0.000000,  0.000000,  0.000000,  0.000000,  0.000000,  0.000000,  0.000000,  0.000000,  0.000000,  0.000000,  0.000000,  0.000000,  0.000000,  0.000000,  0.000000,  0.000000,  0.000000,  0.000000,  0.000000,  0.000000,  0.000000,  0.000000,  0.000000,  0.000000,  0.000000,  0.000000,  0.000000,  0.000000,  0.000000,  0.000000,  0.000000,  0.000000,  0.000000,  0.000000,  0.000000,  0.000000,  0.000000,  0.000000,  0.000000,  0.000000,  0.000000,  0.000000,  0.000000,  0.000000,  0.000000,  0.000000,  0.000000,  0.000000,  0.000000,  0.000000,  0.000000,  0.000000,  0.000000,  0.000000,  0.000000,  0.000000,  0.000000,  0.000000,  0.000000,  0.000000,  0.000000,  0.000000,  0.000000,  0.000000,  0.000000,  0.000000,  0.000000,  0.000000,  0.000000,  0.000000,  0.000000,  0.000000,  0.000000,  0.000000,  0.000000,  0.000000,  0.000000,  0.000000,  0.000000,  0.000000,  0.000000,  0.000000,  0.000000,  0.000000,  0.000000,  0.000000,  0.000000,  0.000000,  0.000000,  0.000000,  0.000000,  0.000000,  0.000000,  0.000000,  0.000000,  0.000000,  0.000000,  0.000000,  0.000000,  0.000000,  0.000000,  0.000000,  0.000000,  0.000000,  0.000000,  0.000000,  0.000000,  0.000000,  0.000000,  0.000000,  0.000000,  0.000000,  0.000000,  0.000000,  0.000000,  0.000000,  0.000000,  0.000000,  0.000000,  0.000000,  0.000000,  0.000000,  0.000000,  0.000000,  0.000000,  0.000000,  0.000000,  0.000000,  0.000000,  0.000000,  0.000000,  0.000000,  0.000000,  0.000000,  0.000000,  0.000000,  0.000000,  0.000000,  0.000000,  0.000000,  0.000000,  0.000000,  0.000000,  0.000000,  0.000000,  0.000000,  0.000000,  0.000000,  0.000000,  0.000000,  0.000000,  0.000000,  0.000000,  0.000000,  0.000000,  0.000000,  0.000000,  0.000000,  0.000000,  0.000000,  0.000000,  0.000000,  0.000000,  0.000000,  0.000000,  0.000000,  0.000000,  0.000000,  0.000000,  0.000000,  0.000000,  0.000000,  0.000000,  0.000000,  0.000000,  0.000000,  0.000000,  0.000000,  0.000000,  0.000000,  0.000000,  0.000000,  0.000000,  0.000000,  0.000000,  0.000000,  0.000000,  0.000000,  0.000000,  0.000000,  0.000000,  0.000000,  0.000000,  0.000000,  0.000000,  0.000000,  0.000000,  0.000000,  0.000000,  0.000000,  0.000000,  0.000000,  0.000000,  0.000000,  0.000000,  0.000000,  0.000000,  0.000000,  0.000000,  0.000000,  0.000000,  0.000000,  0.000000,  0.000000,  0.000000,  0.000000,  0.000000,  0.000000,  0.000000,  0.000000,  0.000000,  0.000000,  0.000000,  0.000000,  0.000000,  0.000000,  0.000000,  0.000000,  0.000000,  0.000000,  0.000000,  0.000000,  0.000000,  0.000000,  0.000000,  0.000000,  0.000000,  0.000000,  0.000000,  0.000000,  0.000000,  0.000000,  0.000000,  0.000000,  0.000000,  0.000000,  0.000000,  0.000000,  0.000000,  0.000000,  0.000000,  0.000000,  0.000000,  0.000000,  0.000000,  0.000000,  0.000000,  0.000000,  0.000000,  0.000000,  0.000000,  0.000000,  0.000000,  0.000000,  0.000000,  0.000000,  0.000000,  0.000000,  0.000000 ]
checksum = 1.000000
Repeated 3 time
f2=0.556825 a2=0.443175
f3=0.186326 a3=0.256849
f4=0.085692 a4=0.171158
f5=0.046912 a5=0.124246
f6=0.028674 a6=0.095572
f7=0.018912 a7=0.076660
f8=0.013187 a8=0.063472
f9=0.009595 a9=0.053877
f10=0.007219 a10=0.046658
f11=0.005581 a11=0.041077
f12=0.004413 a12=0.036664
f13=0.003555 a13=0.033109
f14=0.002910 a14=0.030198
f15=0.002416 a15=0.027783
f16=0.002029 a16=0.025753
f17=0.001723 a17=0.024030
f18=0.001477 a18=0.022554
f19=0.001276 a19=0.021278
f20=0.001111 a20=0.020167
f21=0.000974 a21=0.019193
f22=0.000859 a22=0.018334
f23=0.000762 a23=0.017572
f24=0.000679 a24=0.016893
f25=0.000608 a25=0.016285
f26=0.000547 a26=0.015738
f27=0.000494 a27=0.015243
f28=0.000448 a28=0.014796
f29=0.000407 a29=0.014388
f30=0.000372 a30=0.014016
f31=0.000340 a31=0.013676
f32=0.000312 a32=0.013364
f33=0.000287 a33=0.013076
f34=0.000265 a34=0.012811
f35=0.000245 a35=0.012566
f36=0.000227 a36=0.012339
f37=0.000211 a37=0.012128
f38=0.000196 a38=0.011931
f39=0.000183 a39=0.011748
f40=0.000171 a40=0.011577
f41=0.000160 a41=0.011417
f42=0.000150 a42=0.011267
f43=0.000141 a43=0.011127
f44=0.000132 a44=0.010995
f45=0.000124 a45=0.010870
f46=0.000117 a46=0.010753
f47=0.000111 a47=0.010642
f48=0.000105 a48=0.010538
f49=0.000099 a49=0.010439
f50=0.010439
[ 0.556825,  0.186326,  0.085692,  0.046912,  0.028674,  0.018912,  0.013187,  0.009595,  0.007219,  0.005581,  0.004413,  0.003555,  0.002910,  0.002416,  0.002029,  0.001723,  0.001477,  0.001276,  0.001111,  0.000974,  0.000859,  0.000762,  0.000679,  0.000608,  0.000547,  0.000494,  0.000448,  0.000407,  0.000372,  0.000340,  0.000312,  0.000287,  0.000265,  0.000245,  0.000227,  0.000211,  0.000196,  0.000183,  0.000171,  0.000160,  0.000150,  0.000141,  0.000132,  0.000124,  0.000117,  0.000111,  0.000105,  0.000099, 0.010439]
0.010439 == 0.010439

total 92578 nodes
[ 0.020901,  0.545659,  0.185336,  0.080516,  0.043866,  0.030742,  0.017726,  0.012724,  0.009451,  0.007507,  0.005520,  0.004785,  0.003089,  0.003856,  0.001523,  0.001523,  0.001707,  0.001091,  0.003349,  0.000119,  0.000130,  0.001707,  0.000648,  0.000151,  0.000551,  0.000486,  0.001221,  0.000054,  0.000918,  0.000043,  0.000659,  0.000259,  0.000637,  0.000162,  0.000022,  0.000378,  0.000410,  0.000108,  0.000259,  0.000140,  0.000065,  0.000335,  0.000065,  0.000594,  0.000184,  0.000076,  0.000162,  0.000011,  0.000810,  0.007766,  0.000000,  0.000000,  0.000000,  0.000000,  0.000000,  0.000000,  0.000000,  0.000000,  0.000000,  0.000000,  0.000000,  0.000000,  0.000000,  0.000000,  0.000000,  0.000000,  0.000000,  0.000000,  0.000000,  0.000000,  0.000000,  0.000000,  0.000000,  0.000000,  0.000000,  0.000000,  0.000000,  0.000000,  0.000000,  0.000000,  0.000000,  0.000000,  0.000000,  0.000000,  0.000000,  0.000000,  0.000000,  0.000000,  0.000000,  0.000000,  0.000000,  0.000000,  0.000000,  0.000000,  0.000000,  0.000000,  0.000000,  0.000000,  0.000000,  0.000000,  0.000000,  0.000000,  0.000000,  0.000000,  0.000000,  0.000000,  0.000000,  0.000000,  0.000000,  0.000000,  0.000000,  0.000000,  0.000000,  0.000000,  0.000000,  0.000000,  0.000000,  0.000000,  0.000000,  0.000000,  0.000000,  0.000000,  0.000000,  0.000000,  0.000000,  0.000000,  0.000000,  0.000000,  0.000000,  0.000000,  0.000000,  0.000000,  0.000000,  0.000000,  0.000000,  0.000000,  0.000000,  0.000000,  0.000000,  0.000000,  0.000000,  0.000000,  0.000000,  0.000000,  0.000000,  0.000000,  0.000000,  0.000000,  0.000000,  0.000000,  0.000000,  0.000000,  0.000000,  0.000000,  0.000000,  0.000000,  0.000000,  0.000000,  0.000000,  0.000000,  0.000000,  0.000000,  0.000000,  0.000000,  0.000000,  0.000000,  0.000000,  0.000000,  0.000000,  0.000000,  0.000000,  0.000000,  0.000000,  0.000000,  0.000000,  0.000000,  0.000000,  0.000000,  0.000000,  0.000000,  0.000000,  0.000000,  0.000000,  0.000000,  0.000000,  0.000000,  0.000000,  0.000000,  0.000000,  0.000000,  0.000000,  0.000000,  0.000000,  0.000000,  0.000000,  0.000000,  0.000000,  0.000000,  0.000000,  0.000000,  0.000000,  0.000000,  0.000000,  0.000000,  0.000000,  0.000000,  0.000000,  0.000000,  0.000000,  0.000000,  0.000000,  0.000000,  0.000000,  0.000000,  0.000000,  0.000000,  0.000000,  0.000000,  0.000000,  0.000000,  0.000000,  0.000000,  0.000000,  0.000000,  0.000000,  0.000000,  0.000000,  0.000000,  0.000000,  0.000000,  0.000000,  0.000000,  0.000000,  0.000000,  0.000000,  0.000000,  0.000000,  0.000000,  0.000000,  0.000000,  0.000000,  0.000000,  0.000000,  0.000000,  0.000000,  0.000000,  0.000000,  0.000000,  0.000000,  0.000000,  0.000000,  0.000000,  0.000000,  0.000000,  0.000000,  0.000000,  0.000000,  0.000000,  0.000000,  0.000000,  0.000000,  0.000000,  0.000000,  0.000000,  0.000000,  0.000000,  0.000000,  0.000000,  0.000000,  0.000000,  0.000000,  0.000000,  0.000000,  0.000000,  0.000000,  0.000000,  0.000000,  0.000000,  0.000000,  0.000000,  0.000000,  0.000000,  0.000000,  0.000000,  0.000000,  0.000000,  0.000000,  0.000000,  0.000000,  0.000000,  0.000000,  0.000000,  0.000000,  0.000000,  0.000000,  0.000000,  0.000000,  0.000000,  0.000000,  0.000000,  0.000000,  0.000000,  0.000000,  0.000000,  0.000000,  0.000000,  0.000000,  0.000000,  0.000000,  0.000000,  0.000000,  0.000000,  0.000000,  0.000000,  0.000000,  0.000000,  0.000000,  0.000000,  0.000000,  0.000000,  0.000000,  0.000000,  0.000000,  0.000000,  0.000000,  0.000000,  0.000000,  0.000000,  0.000000,  0.000000,  0.000000,  0.000000,  0.000000,  0.000000,  0.000000,  0.000000,  0.000000,  0.000000,  0.000000,  0.000000,  0.000000,  0.000000,  0.000000,  0.000000,  0.000000,  0.000000,  0.000000,  0.000000,  0.000000,  0.000000,  0.000000,  0.000000,  0.000000,  0.000000,  0.000000,  0.000000,  0.000000,  0.000000,  0.000000,  0.000000,  0.000000,  0.000000,  0.000000,  0.000000,  0.000000,  0.000000,  0.000000,  0.000000,  0.000000,  0.000000,  0.000000,  0.000000,  0.000000,  0.000000,  0.000000,  0.000000,  0.000000,  0.000000,  0.000000,  0.000000,  0.000000,  0.000000,  0.000000,  0.000000,  0.000000,  0.000000,  0.000000,  0.000000,  0.000000,  0.000000,  0.000000,  0.000000,  0.000000,  0.000000,  0.000000,  0.000000,  0.000000,  0.000000,  0.000000,  0.000000,  0.000000,  0.000000,  0.000000,  0.000000,  0.000000,  0.000000,  0.000000,  0.000000,  0.000000,  0.000000,  0.000000,  0.000000,  0.000000,  0.000000,  0.000000,  0.000000,  0.000000,  0.000000,  0.000000,  0.000000,  0.000000,  0.000000,  0.000000,  0.000000,  0.000000,  0.000000,  0.000000,  0.000000,  0.000000,  0.000000,  0.000000,  0.000000,  0.000000,  0.000000,  0.000000,  0.000000,  0.000000,  0.000000,  0.000000,  0.000000,  0.000000,  0.000000,  0.000000,  0.000000,  0.000000,  0.000000,  0.000000,  0.000000,  0.000000,  0.000000,  0.000000,  0.000000,  0.000000,  0.000000,  0.000000,  0.000000,  0.000000,  0.000000,  0.000000,  0.000000,  0.000000,  0.000000,  0.000000,  0.000000,  0.000000,  0.000000,  0.000000,  0.000000,  0.000000,  0.000000,  0.000000,  0.000000,  0.000000,  0.000000,  0.000000,  0.000000,  0.000000,  0.000000,  0.000000,  0.000000,  0.000000,  0.000000,  0.000000,  0.000000,  0.000000,  0.000000,  0.000000,  0.000000,  0.000000,  0.000000,  0.000000,  0.000000,  0.000000,  0.000000,  0.000000,  0.000000,  0.000000,  0.000000,  0.000000,  0.000000 ]
checksum = 1.000000
Repeated 4 time
f2=0.556825 a2=0.443175
f3=0.186326 a3=0.256849
f4=0.085692 a4=0.171158
f5=0.046912 a5=0.124246
f6=0.028674 a6=0.095572
f7=0.018912 a7=0.076660
f8=0.013187 a8=0.063472
f9=0.009595 a9=0.053877
f10=0.007219 a10=0.046658
f11=0.005581 a11=0.041077
f12=0.004413 a12=0.036664
f13=0.003555 a13=0.033109
f14=0.002910 a14=0.030198
f15=0.002416 a15=0.027783
f16=0.002029 a16=0.025753
f17=0.001723 a17=0.024030
f18=0.001477 a18=0.022554
f19=0.001276 a19=0.021278
f20=0.001111 a20=0.020167
f21=0.000974 a21=0.019193
f22=0.000859 a22=0.018334
f23=0.000762 a23=0.017572
f24=0.000679 a24=0.016893
f25=0.000608 a25=0.016285
f26=0.000547 a26=0.015738
f27=0.000494 a27=0.015243
f28=0.000448 a28=0.014796
f29=0.000407 a29=0.014388
f30=0.000372 a30=0.014016
f31=0.000340 a31=0.013676
f32=0.000312 a32=0.013364
f33=0.000287 a33=0.013076
f34=0.000265 a34=0.012811
f35=0.000245 a35=0.012566
f36=0.000227 a36=0.012339
f37=0.000211 a37=0.012128
f38=0.000196 a38=0.011931
f39=0.000183 a39=0.011748
f40=0.000171 a40=0.011577
f41=0.000160 a41=0.011417
f42=0.000150 a42=0.011267
f43=0.000141 a43=0.011127
f44=0.000132 a44=0.010995
f45=0.000124 a45=0.010870
f46=0.000117 a46=0.010753
f47=0.000111 a47=0.010642
f48=0.000105 a48=0.010538
f49=0.000099 a49=0.010439
f50=0.010439
[ 0.556825,  0.186326,  0.085692,  0.046912,  0.028674,  0.018912,  0.013187,  0.009595,  0.007219,  0.005581,  0.004413,  0.003555,  0.002910,  0.002416,  0.002029,  0.001723,  0.001477,  0.001276,  0.001111,  0.000974,  0.000859,  0.000762,  0.000679,  0.000608,  0.000547,  0.000494,  0.000448,  0.000407,  0.000372,  0.000340,  0.000312,  0.000287,  0.000265,  0.000245,  0.000227,  0.000211,  0.000196,  0.000183,  0.000171,  0.000160,  0.000150,  0.000141,  0.000132,  0.000124,  0.000117,  0.000111,  0.000105,  0.000099, 0.010439]
0.010439 == 0.010439

total 91821 nodes
[ 0.021455,  0.543503,  0.187332,  0.079546,  0.048638,  0.025887,  0.015999,  0.015443,  0.007918,  0.005195,  0.009519,  0.004313,  0.002287,  0.003267,  0.003213,  0.001274,  0.001448,  0.001601,  0.001993,  0.000479,  0.000403,  0.002145,  0.000098,  0.000653,  0.000915,  0.001263,  0.000174,  0.000708,  0.000392,  0.000163,  0.000109,  0.000447,  0.000468,  0.000218,  0.000621,  0.000033,  0.000022,  0.000327,  0.000414,  0.000555,  0.000174,  0.000392,  0.000229,  0.000065,  0.000479,  0.000065,  0.000011,  0.000065,  0.000457,  0.007624,  0.000000,  0.000000,  0.000000,  0.000000,  0.000000,  0.000000,  0.000000,  0.000000,  0.000000,  0.000000,  0.000000,  0.000000,  0.000000,  0.000000,  0.000000,  0.000000,  0.000000,  0.000000,  0.000000,  0.000000,  0.000000,  0.000000,  0.000000,  0.000000,  0.000000,  0.000000,  0.000000,  0.000000,  0.000000,  0.000000,  0.000000,  0.000000,  0.000000,  0.000000,  0.000000,  0.000000,  0.000000,  0.000000,  0.000000,  0.000000,  0.000000,  0.000000,  0.000000,  0.000000,  0.000000,  0.000000,  0.000000,  0.000000,  0.000000,  0.000000,  0.000000,  0.000000,  0.000000,  0.000000,  0.000000,  0.000000,  0.000000,  0.000000,  0.000000,  0.000000,  0.000000,  0.000000,  0.000000,  0.000000,  0.000000,  0.000000,  0.000000,  0.000000,  0.000000,  0.000000,  0.000000,  0.000000,  0.000000,  0.000000,  0.000000,  0.000000,  0.000000,  0.000000,  0.000000,  0.000000,  0.000000,  0.000000,  0.000000,  0.000000,  0.000000,  0.000000,  0.000000,  0.000000,  0.000000,  0.000000,  0.000000,  0.000000,  0.000000,  0.000000,  0.000000,  0.000000,  0.000000,  0.000000,  0.000000,  0.000000,  0.000000,  0.000000,  0.000000,  0.000000,  0.000000,  0.000000,  0.000000,  0.000000,  0.000000,  0.000000,  0.000000,  0.000000,  0.000000,  0.000000,  0.000000,  0.000000,  0.000000,  0.000000,  0.000000,  0.000000,  0.000000,  0.000000,  0.000000,  0.000000,  0.000000,  0.000000,  0.000000,  0.000000,  0.000000,  0.000000,  0.000000,  0.000000,  0.000000,  0.000000,  0.000000,  0.000000,  0.000000,  0.000000,  0.000000,  0.000000,  0.000000,  0.000000,  0.000000,  0.000000,  0.000000,  0.000000,  0.000000,  0.000000,  0.000000,  0.000000,  0.000000,  0.000000,  0.000000,  0.000000,  0.000000,  0.000000,  0.000000,  0.000000,  0.000000,  0.000000,  0.000000,  0.000000,  0.000000,  0.000000,  0.000000,  0.000000,  0.000000,  0.000000,  0.000000,  0.000000,  0.000000,  0.000000,  0.000000,  0.000000,  0.000000,  0.000000,  0.000000,  0.000000,  0.000000,  0.000000,  0.000000,  0.000000,  0.000000,  0.000000,  0.000000,  0.000000,  0.000000,  0.000000,  0.000000,  0.000000,  0.000000,  0.000000,  0.000000,  0.000000,  0.000000,  0.000000,  0.000000,  0.000000,  0.000000,  0.000000,  0.000000,  0.000000,  0.000000,  0.000000,  0.000000,  0.000000,  0.000000,  0.000000,  0.000000,  0.000000,  0.000000,  0.000000,  0.000000,  0.000000,  0.000000,  0.000000,  0.000000,  0.000000,  0.000000,  0.000000,  0.000000,  0.000000,  0.000000,  0.000000,  0.000000,  0.000000,  0.000000,  0.000000,  0.000000,  0.000000,  0.000000,  0.000000,  0.000000,  0.000000,  0.000000,  0.000000,  0.000000,  0.000000,  0.000000,  0.000000,  0.000000,  0.000000,  0.000000,  0.000000,  0.000000,  0.000000,  0.000000,  0.000000,  0.000000,  0.000000,  0.000000,  0.000000,  0.000000,  0.000000,  0.000000,  0.000000,  0.000000,  0.000000,  0.000000,  0.000000,  0.000000,  0.000000,  0.000000,  0.000000,  0.000000,  0.000000,  0.000000,  0.000000,  0.000000,  0.000000,  0.000000,  0.000000,  0.000000,  0.000000,  0.000000,  0.000000,  0.000000,  0.000000,  0.000000,  0.000000,  0.000000,  0.000000,  0.000000,  0.000000,  0.000000,  0.000000,  0.000000,  0.000000,  0.000000,  0.000000,  0.000000,  0.000000,  0.000000,  0.000000,  0.000000,  0.000000,  0.000000,  0.000000,  0.000000,  0.000000,  0.000000,  0.000000,  0.000000,  0.000000,  0.000000,  0.000000,  0.000000,  0.000000,  0.000000,  0.000000,  0.000000,  0.000000,  0.000000,  0.000000,  0.000000,  0.000000,  0.000000,  0.000000,  0.000000,  0.000000,  0.000000,  0.000000,  0.000000,  0.000000,  0.000000,  0.000000,  0.000000,  0.000000,  0.000000,  0.000000,  0.000000,  0.000000,  0.000000,  0.000000,  0.000000,  0.000000,  0.000000,  0.000000,  0.000000,  0.000000,  0.000000,  0.000000,  0.000000,  0.000000,  0.000000,  0.000000,  0.000000,  0.000000,  0.000000,  0.000000,  0.000000,  0.000000,  0.000000,  0.000000,  0.000000,  0.000000,  0.000000,  0.000000,  0.000000,  0.000000,  0.000000,  0.000000,  0.000000,  0.000000,  0.000000,  0.000000,  0.000000,  0.000000,  0.000000,  0.000000,  0.000000,  0.000000,  0.000000,  0.000000,  0.000000,  0.000000,  0.000000,  0.000000,  0.000000,  0.000000,  0.000000,  0.000000,  0.000000,  0.000000,  0.000000,  0.000000,  0.000000,  0.000000,  0.000000,  0.000000,  0.000000,  0.000000,  0.000000,  0.000000,  0.000000,  0.000000,  0.000000,  0.000000,  0.000000,  0.000000,  0.000000,  0.000000,  0.000000,  0.000000,  0.000000,  0.000000,  0.000000,  0.000000,  0.000000,  0.000000,  0.000000,  0.000000,  0.000000,  0.000000,  0.000000,  0.000000,  0.000000,  0.000000,  0.000000,  0.000000,  0.000000,  0.000000,  0.000000,  0.000000,  0.000000,  0.000000,  0.000000,  0.000000,  0.000000,  0.000000,  0.000000,  0.000000,  0.000000,  0.000000,  0.000000,  0.000000,  0.000000,  0.000000,  0.000000,  0.000000,  0.000000,  0.000000,  0.000000,  0.000000,  0.000000,  0.000000,  0.000000,  0.000000,  0.000000,  0.000000 ]
checksum = 1.000000
Repeated 5 time
f2=0.556825 a2=0.443175
f3=0.186326 a3=0.256849
f4=0.085692 a4=0.171158
f5=0.046912 a5=0.124246
f6=0.028674 a6=0.095572
f7=0.018912 a7=0.076660
f8=0.013187 a8=0.063472
f9=0.009595 a9=0.053877
f10=0.007219 a10=0.046658
f11=0.005581 a11=0.041077
f12=0.004413 a12=0.036664
f13=0.003555 a13=0.033109
f14=0.002910 a14=0.030198
f15=0.002416 a15=0.027783
f16=0.002029 a16=0.025753
f17=0.001723 a17=0.024030
f18=0.001477 a18=0.022554
f19=0.001276 a19=0.021278
f20=0.001111 a20=0.020167
f21=0.000974 a21=0.019193
f22=0.000859 a22=0.018334
f23=0.000762 a23=0.017572
f24=0.000679 a24=0.016893
f25=0.000608 a25=0.016285
f26=0.000547 a26=0.015738
f27=0.000494 a27=0.015243
f28=0.000448 a28=0.014796
f29=0.000407 a29=0.014388
f30=0.000372 a30=0.014016
f31=0.000340 a31=0.013676
f32=0.000312 a32=0.013364
f33=0.000287 a33=0.013076
f34=0.000265 a34=0.012811
f35=0.000245 a35=0.012566
f36=0.000227 a36=0.012339
f37=0.000211 a37=0.012128
f38=0.000196 a38=0.011931
f39=0.000183 a39=0.011748
f40=0.000171 a40=0.011577
f41=0.000160 a41=0.011417
f42=0.000150 a42=0.011267
f43=0.000141 a43=0.011127
f44=0.000132 a44=0.010995
f45=0.000124 a45=0.010870
f46=0.000117 a46=0.010753
f47=0.000111 a47=0.010642
f48=0.000105 a48=0.010538
f49=0.000099 a49=0.010439
f50=0.010439
[ 0.556825,  0.186326,  0.085692,  0.046912,  0.028674,  0.018912,  0.013187,  0.009595,  0.007219,  0.005581,  0.004413,  0.003555,  0.002910,  0.002416,  0.002029,  0.001723,  0.001477,  0.001276,  0.001111,  0.000974,  0.000859,  0.000762,  0.000679,  0.000608,  0.000547,  0.000494,  0.000448,  0.000407,  0.000372,  0.000340,  0.000312,  0.000287,  0.000265,  0.000245,  0.000227,  0.000211,  0.000196,  0.000183,  0.000171,  0.000160,  0.000150,  0.000141,  0.000132,  0.000124,  0.000117,  0.000111,  0.000105,  0.000099, 0.010439]
0.010439 == 0.010439

total 92003 nodes
[ 0.021467,  0.546047,  0.180690,  0.086682,  0.044477,  0.025054,  0.020097,  0.013369,  0.008554,  0.009163,  0.002315,  0.004565,  0.003815,  0.004369,  0.001641,  0.001620,  0.002511,  0.001870,  0.000880,  0.000815,  0.001413,  0.001620,  0.000076,  0.000946,  0.000848,  0.000554,  0.000772,  0.000728,  0.000272,  0.000054,  0.000228,  0.000207,  0.000435,  0.000750,  0.000239,  0.000022,  0.000196,  0.000696,  0.000098,  0.000022,  0.000196,  0.000261,  0.000065,  0.000130,  0.000152,  0.000109,  0.000054,  0.000554,  0.000043,  0.008261,  0.000000,  0.000000,  0.000000,  0.000000,  0.000000,  0.000000,  0.000000,  0.000000,  0.000000,  0.000000,  0.000000,  0.000000,  0.000000,  0.000000,  0.000000,  0.000000,  0.000000,  0.000000,  0.000000,  0.000000,  0.000000,  0.000000,  0.000000,  0.000000,  0.000000,  0.000000,  0.000000,  0.000000,  0.000000,  0.000000,  0.000000,  0.000000,  0.000000,  0.000000,  0.000000,  0.000000,  0.000000,  0.000000,  0.000000,  0.000000,  0.000000,  0.000000,  0.000000,  0.000000,  0.000000,  0.000000,  0.000000,  0.000000,  0.000000,  0.000000,  0.000000,  0.000000,  0.000000,  0.000000,  0.000000,  0.000000,  0.000000,  0.000000,  0.000000,  0.000000,  0.000000,  0.000000,  0.000000,  0.000000,  0.000000,  0.000000,  0.000000,  0.000000,  0.000000,  0.000000,  0.000000,  0.000000,  0.000000,  0.000000,  0.000000,  0.000000,  0.000000,  0.000000,  0.000000,  0.000000,  0.000000,  0.000000,  0.000000,  0.000000,  0.000000,  0.000000,  0.000000,  0.000000,  0.000000,  0.000000,  0.000000,  0.000000,  0.000000,  0.000000,  0.000000,  0.000000,  0.000000,  0.000000,  0.000000,  0.000000,  0.000000,  0.000000,  0.000000,  0.000000,  0.000000,  0.000000,  0.000000,  0.000000,  0.000000,  0.000000,  0.000000,  0.000000,  0.000000,  0.000000,  0.000000,  0.000000,  0.000000,  0.000000,  0.000000,  0.000000,  0.000000,  0.000000,  0.000000,  0.000000,  0.000000,  0.000000,  0.000000,  0.000000,  0.000000,  0.000000,  0.000000,  0.000000,  0.000000,  0.000000,  0.000000,  0.000000,  0.000000,  0.000000,  0.000000,  0.000000,  0.000000,  0.000000,  0.000000,  0.000000,  0.000000,  0.000000,  0.000000,  0.000000,  0.000000,  0.000000,  0.000000,  0.000000,  0.000000,  0.000000,  0.000000,  0.000000,  0.000000,  0.000000,  0.000000,  0.000000,  0.000000,  0.000000,  0.000000,  0.000000,  0.000000,  0.000000,  0.000000,  0.000000,  0.000000,  0.000000,  0.000000,  0.000000,  0.000000,  0.000000,  0.000000,  0.000000,  0.000000,  0.000000,  0.000000,  0.000000,  0.000000,  0.000000,  0.000000,  0.000000,  0.000000,  0.000000,  0.000000,  0.000000,  0.000000,  0.000000,  0.000000,  0.000000,  0.000000,  0.000000,  0.000000,  0.000000,  0.000000,  0.000000,  0.000000,  0.000000,  0.000000,  0.000000,  0.000000,  0.000000,  0.000000,  0.000000,  0.000000,  0.000000,  0.000000,  0.000000,  0.000000,  0.000000,  0.000000,  0.000000,  0.000000,  0.000000,  0.000000,  0.000000,  0.000000,  0.000000,  0.000000,  0.000000,  0.000000,  0.000000,  0.000000,  0.000000,  0.000000,  0.000000,  0.000000,  0.000000,  0.000000,  0.000000,  0.000000,  0.000000,  0.000000,  0.000000,  0.000000,  0.000000,  0.000000,  0.000000,  0.000000,  0.000000,  0.000000,  0.000000,  0.000000,  0.000000,  0.000000,  0.000000,  0.000000,  0.000000,  0.000000,  0.000000,  0.000000,  0.000000,  0.000000,  0.000000,  0.000000,  0.000000,  0.000000,  0.000000,  0.000000,  0.000000,  0.000000,  0.000000,  0.000000,  0.000000,  0.000000,  0.000000,  0.000000,  0.000000,  0.000000,  0.000000,  0.000000,  0.000000,  0.000000,  0.000000,  0.000000,  0.000000,  0.000000,  0.000000,  0.000000,  0.000000,  0.000000,  0.000000,  0.000000,  0.000000,  0.000000,  0.000000,  0.000000,  0.000000,  0.000000,  0.000000,  0.000000,  0.000000,  0.000000,  0.000000,  0.000000,  0.000000,  0.000000,  0.000000,  0.000000,  0.000000,  0.000000,  0.000000,  0.000000,  0.000000,  0.000000,  0.000000,  0.000000,  0.000000,  0.000000,  0.000000,  0.000000,  0.000000,  0.000000,  0.000000,  0.000000,  0.000000,  0.000000,  0.000000,  0.000000,  0.000000,  0.000000,  0.000000,  0.000000,  0.000000,  0.000000,  0.000000,  0.000000,  0.000000,  0.000000,  0.000000,  0.000000,  0.000000,  0.000000,  0.000000,  0.000000,  0.000000,  0.000000,  0.000000,  0.000000,  0.000000,  0.000000,  0.000000,  0.000000,  0.000000,  0.000000,  0.000000,  0.000000,  0.000000,  0.000000,  0.000000,  0.000000,  0.000000,  0.000000,  0.000000,  0.000000,  0.000000,  0.000000,  0.000000,  0.000000,  0.000000,  0.000000,  0.000000,  0.000000,  0.000000,  0.000000,  0.000000,  0.000000,  0.000000,  0.000000,  0.000000,  0.000000,  0.000000,  0.000000,  0.000000,  0.000000,  0.000000,  0.000000,  0.000000,  0.000000,  0.000000,  0.000000,  0.000000,  0.000000,  0.000000,  0.000000,  0.000000,  0.000000,  0.000000,  0.000000,  0.000000,  0.000000,  0.000000,  0.000000,  0.000000,  0.000000,  0.000000,  0.000000,  0.000000,  0.000000,  0.000000,  0.000000,  0.000000,  0.000000,  0.000000,  0.000000,  0.000000,  0.000000,  0.000000,  0.000000,  0.000000,  0.000000,  0.000000,  0.000000,  0.000000,  0.000000,  0.000000,  0.000000,  0.000000,  0.000000,  0.000000,  0.000000,  0.000000,  0.000000,  0.000000,  0.000000,  0.000000,  0.000000,  0.000000,  0.000000,  0.000000,  0.000000,  0.000000,  0.000000,  0.000000,  0.000000,  0.000000,  0.000000,  0.000000,  0.000000,  0.000000,  0.000000,  0.000000,  0.000000,  0.000000,  0.000000,  0.000000,  0.000000,  0.000000 ]
checksum = 1.000000
Repeated 6 time
f2=0.556825 a2=0.443175
f3=0.186326 a3=0.256849
f4=0.085692 a4=0.171158
f5=0.046912 a5=0.124246
f6=0.028674 a6=0.095572
f7=0.018912 a7=0.076660
f8=0.013187 a8=0.063472
f9=0.009595 a9=0.053877
f10=0.007219 a10=0.046658
f11=0.005581 a11=0.041077
f12=0.004413 a12=0.036664
f13=0.003555 a13=0.033109
f14=0.002910 a14=0.030198
f15=0.002416 a15=0.027783
f16=0.002029 a16=0.025753
f17=0.001723 a17=0.024030
f18=0.001477 a18=0.022554
f19=0.001276 a19=0.021278
f20=0.001111 a20=0.020167
f21=0.000974 a21=0.019193
f22=0.000859 a22=0.018334
f23=0.000762 a23=0.017572
f24=0.000679 a24=0.016893
f25=0.000608 a25=0.016285
f26=0.000547 a26=0.015738
f27=0.000494 a27=0.015243
f28=0.000448 a28=0.014796
f29=0.000407 a29=0.014388
f30=0.000372 a30=0.014016
f31=0.000340 a31=0.013676
f32=0.000312 a32=0.013364
f33=0.000287 a33=0.013076
f34=0.000265 a34=0.012811
f35=0.000245 a35=0.012566
f36=0.000227 a36=0.012339
f37=0.000211 a37=0.012128
f38=0.000196 a38=0.011931
f39=0.000183 a39=0.011748
f40=0.000171 a40=0.011577
f41=0.000160 a41=0.011417
f42=0.000150 a42=0.011267
f43=0.000141 a43=0.011127
f44=0.000132 a44=0.010995
f45=0.000124 a45=0.010870
f46=0.000117 a46=0.010753
f47=0.000111 a47=0.010642
f48=0.000105 a48=0.010538
f49=0.000099 a49=0.010439
f50=0.010439
[ 0.556825,  0.186326,  0.085692,  0.046912,  0.028674,  0.018912,  0.013187,  0.009595,  0.007219,  0.005581,  0.004413,  0.003555,  0.002910,  0.002416,  0.002029,  0.001723,  0.001477,  0.001276,  0.001111,  0.000974,  0.000859,  0.000762,  0.000679,  0.000608,  0.000547,  0.000494,  0.000448,  0.000407,  0.000372,  0.000340,  0.000312,  0.000287,  0.000265,  0.000245,  0.000227,  0.000211,  0.000196,  0.000183,  0.000171,  0.000160,  0.000150,  0.000141,  0.000132,  0.000124,  0.000117,  0.000111,  0.000105,  0.000099, 0.010439]
0.010439 == 0.010439

total 91682 nodes
[ 0.021095,  0.542724,  0.182577,  0.088054,  0.044643,  0.025305,  0.022229,  0.009718,  0.010133,  0.009304,  0.003883,  0.003654,  0.002541,  0.005159,  0.001451,  0.002105,  0.001865,  0.001516,  0.002029,  0.000087,  0.000524,  0.002116,  0.000622,  0.000240,  0.001822,  0.000425,  0.000393,  0.000818,  0.000404,  0.000022,  0.000229,  0.000327,  0.000142,  0.000316,  0.000000,  0.000044,  0.000982,  0.000185,  0.000033,  0.000076,  0.000000,  0.000709,  0.000131,  0.000338,  0.000164,  0.000000,  0.000109,  0.000033,  0.001429,  0.007297,  0.000000,  0.000000,  0.000000,  0.000000,  0.000000,  0.000000,  0.000000,  0.000000,  0.000000,  0.000000,  0.000000,  0.000000,  0.000000,  0.000000,  0.000000,  0.000000,  0.000000,  0.000000,  0.000000,  0.000000,  0.000000,  0.000000,  0.000000,  0.000000,  0.000000,  0.000000,  0.000000,  0.000000,  0.000000,  0.000000,  0.000000,  0.000000,  0.000000,  0.000000,  0.000000,  0.000000,  0.000000,  0.000000,  0.000000,  0.000000,  0.000000,  0.000000,  0.000000,  0.000000,  0.000000,  0.000000,  0.000000,  0.000000,  0.000000,  0.000000,  0.000000,  0.000000,  0.000000,  0.000000,  0.000000,  0.000000,  0.000000,  0.000000,  0.000000,  0.000000,  0.000000,  0.000000,  0.000000,  0.000000,  0.000000,  0.000000,  0.000000,  0.000000,  0.000000,  0.000000,  0.000000,  0.000000,  0.000000,  0.000000,  0.000000,  0.000000,  0.000000,  0.000000,  0.000000,  0.000000,  0.000000,  0.000000,  0.000000,  0.000000,  0.000000,  0.000000,  0.000000,  0.000000,  0.000000,  0.000000,  0.000000,  0.000000,  0.000000,  0.000000,  0.000000,  0.000000,  0.000000,  0.000000,  0.000000,  0.000000,  0.000000,  0.000000,  0.000000,  0.000000,  0.000000,  0.000000,  0.000000,  0.000000,  0.000000,  0.000000,  0.000000,  0.000000,  0.000000,  0.000000,  0.000000,  0.000000,  0.000000,  0.000000,  0.000000,  0.000000,  0.000000,  0.000000,  0.000000,  0.000000,  0.000000,  0.000000,  0.000000,  0.000000,  0.000000,  0.000000,  0.000000,  0.000000,  0.000000,  0.000000,  0.000000,  0.000000,  0.000000,  0.000000,  0.000000,  0.000000,  0.000000,  0.000000,  0.000000,  0.000000,  0.000000,  0.000000,  0.000000,  0.000000,  0.000000,  0.000000,  0.000000,  0.000000,  0.000000,  0.000000,  0.000000,  0.000000,  0.000000,  0.000000,  0.000000,  0.000000,  0.000000,  0.000000,  0.000000,  0.000000,  0.000000,  0.000000,  0.000000,  0.000000,  0.000000,  0.000000,  0.000000,  0.000000,  0.000000,  0.000000,  0.000000,  0.000000,  0.000000,  0.000000,  0.000000,  0.000000,  0.000000,  0.000000,  0.000000,  0.000000,  0.000000,  0.000000,  0.000000,  0.000000,  0.000000,  0.000000,  0.000000,  0.000000,  0.000000,  0.000000,  0.000000,  0.000000,  0.000000,  0.000000,  0.000000,  0.000000,  0.000000,  0.000000,  0.000000,  0.000000,  0.000000,  0.000000,  0.000000,  0.000000,  0.000000,  0.000000,  0.000000,  0.000000,  0.000000,  0.000000,  0.000000,  0.000000,  0.000000,  0.000000,  0.000000,  0.000000,  0.000000,  0.000000,  0.000000,  0.000000,  0.000000,  0.000000,  0.000000,  0.000000,  0.000000,  0.000000,  0.000000,  0.000000,  0.000000,  0.000000,  0.000000,  0.000000,  0.000000,  0.000000,  0.000000,  0.000000,  0.000000,  0.000000,  0.000000,  0.000000,  0.000000,  0.000000,  0.000000,  0.000000,  0.000000,  0.000000,  0.000000,  0.000000,  0.000000,  0.000000,  0.000000,  0.000000,  0.000000,  0.000000,  0.000000,  0.000000,  0.000000,  0.000000,  0.000000,  0.000000,  0.000000,  0.000000,  0.000000,  0.000000,  0.000000,  0.000000,  0.000000,  0.000000,  0.000000,  0.000000,  0.000000,  0.000000,  0.000000,  0.000000,  0.000000,  0.000000,  0.000000,  0.000000,  0.000000,  0.000000,  0.000000,  0.000000,  0.000000,  0.000000,  0.000000,  0.000000,  0.000000,  0.000000,  0.000000,  0.000000,  0.000000,  0.000000,  0.000000,  0.000000,  0.000000,  0.000000,  0.000000,  0.000000,  0.000000,  0.000000,  0.000000,  0.000000,  0.000000,  0.000000,  0.000000,  0.000000,  0.000000,  0.000000,  0.000000,  0.000000,  0.000000,  0.000000,  0.000000,  0.000000,  0.000000,  0.000000,  0.000000,  0.000000,  0.000000,  0.000000,  0.000000,  0.000000,  0.000000,  0.000000,  0.000000,  0.000000,  0.000000,  0.000000,  0.000000,  0.000000,  0.000000,  0.000000,  0.000000,  0.000000,  0.000000,  0.000000,  0.000000,  0.000000,  0.000000,  0.000000,  0.000000,  0.000000,  0.000000,  0.000000,  0.000000,  0.000000,  0.000000,  0.000000,  0.000000,  0.000000,  0.000000,  0.000000,  0.000000,  0.000000,  0.000000,  0.000000,  0.000000,  0.000000,  0.000000,  0.000000,  0.000000,  0.000000,  0.000000,  0.000000,  0.000000,  0.000000,  0.000000,  0.000000,  0.000000,  0.000000,  0.000000,  0.000000,  0.000000,  0.000000,  0.000000,  0.000000,  0.000000,  0.000000,  0.000000,  0.000000,  0.000000,  0.000000,  0.000000,  0.000000,  0.000000,  0.000000,  0.000000,  0.000000,  0.000000,  0.000000,  0.000000,  0.000000,  0.000000,  0.000000,  0.000000,  0.000000,  0.000000,  0.000000,  0.000000,  0.000000,  0.000000,  0.000000,  0.000000,  0.000000,  0.000000,  0.000000,  0.000000,  0.000000,  0.000000,  0.000000,  0.000000,  0.000000,  0.000000,  0.000000,  0.000000,  0.000000,  0.000000,  0.000000,  0.000000,  0.000000,  0.000000,  0.000000,  0.000000,  0.000000,  0.000000,  0.000000,  0.000000,  0.000000,  0.000000,  0.000000,  0.000000,  0.000000,  0.000000,  0.000000,  0.000000,  0.000000,  0.000000,  0.000000,  0.000000,  0.000000,  0.000000,  0.000000,  0.000000,  0.000000,  0.000000,  0.000000 ]
checksum = 1.000000
Repeated 7 time
f2=0.556825 a2=0.443175
f3=0.186326 a3=0.256849
f4=0.085692 a4=0.171158
f5=0.046912 a5=0.124246
f6=0.028674 a6=0.095572
f7=0.018912 a7=0.076660
f8=0.013187 a8=0.063472
f9=0.009595 a9=0.053877
f10=0.007219 a10=0.046658
f11=0.005581 a11=0.041077
f12=0.004413 a12=0.036664
f13=0.003555 a13=0.033109
f14=0.002910 a14=0.030198
f15=0.002416 a15=0.027783
f16=0.002029 a16=0.025753
f17=0.001723 a17=0.024030
f18=0.001477 a18=0.022554
f19=0.001276 a19=0.021278
f20=0.001111 a20=0.020167
f21=0.000974 a21=0.019193
f22=0.000859 a22=0.018334
f23=0.000762 a23=0.017572
f24=0.000679 a24=0.016893
f25=0.000608 a25=0.016285
f26=0.000547 a26=0.015738
f27=0.000494 a27=0.015243
f28=0.000448 a28=0.014796
f29=0.000407 a29=0.014388
f30=0.000372 a30=0.014016
f31=0.000340 a31=0.013676
f32=0.000312 a32=0.013364
f33=0.000287 a33=0.013076
f34=0.000265 a34=0.012811
f35=0.000245 a35=0.012566
f36=0.000227 a36=0.012339
f37=0.000211 a37=0.012128
f38=0.000196 a38=0.011931
f39=0.000183 a39=0.011748
f40=0.000171 a40=0.011577
f41=0.000160 a41=0.011417
f42=0.000150 a42=0.011267
f43=0.000141 a43=0.011127
f44=0.000132 a44=0.010995
f45=0.000124 a45=0.010870
f46=0.000117 a46=0.010753
f47=0.000111 a47=0.010642
f48=0.000105 a48=0.010538
f49=0.000099 a49=0.010439
f50=0.010439
[ 0.556825,  0.186326,  0.085692,  0.046912,  0.028674,  0.018912,  0.013187,  0.009595,  0.007219,  0.005581,  0.004413,  0.003555,  0.002910,  0.002416,  0.002029,  0.001723,  0.001477,  0.001276,  0.001111,  0.000974,  0.000859,  0.000762,  0.000679,  0.000608,  0.000547,  0.000494,  0.000448,  0.000407,  0.000372,  0.000340,  0.000312,  0.000287,  0.000265,  0.000245,  0.000227,  0.000211,  0.000196,  0.000183,  0.000171,  0.000160,  0.000150,  0.000141,  0.000132,  0.000124,  0.000117,  0.000111,  0.000105,  0.000099, 0.010439]
0.010439 == 0.010439

total 91316 nodes
[ 0.018825,  0.544549,  0.183002,  0.086162,  0.045633,  0.026151,  0.016788,  0.015342,  0.009582,  0.005322,  0.010173,  0.001413,  0.004402,  0.004348,  0.000537,  0.001599,  0.002552,  0.000449,  0.002146,  0.000723,  0.002124,  0.000898,  0.000285,  0.000679,  0.000580,  0.000701,  0.001478,  0.000153,  0.000329,  0.000033,  0.000427,  0.000099,  0.001084,  0.000230,  0.000186,  0.000120,  0.000372,  0.000099,  0.000274,  0.000296,  0.000482,  0.000000,  0.000350,  0.000011,  0.000153,  0.000153,  0.000252,  0.000548,  0.000383,  0.007523,  0.000000,  0.000000,  0.000000,  0.000000,  0.000000,  0.000000,  0.000000,  0.000000,  0.000000,  0.000000,  0.000000,  0.000000,  0.000000,  0.000000,  0.000000,  0.000000,  0.000000,  0.000000,  0.000000,  0.000000,  0.000000,  0.000000,  0.000000,  0.000000,  0.000000,  0.000000,  0.000000,  0.000000,  0.000000,  0.000000,  0.000000,  0.000000,  0.000000,  0.000000,  0.000000,  0.000000,  0.000000,  0.000000,  0.000000,  0.000000,  0.000000,  0.000000,  0.000000,  0.000000,  0.000000,  0.000000,  0.000000,  0.000000,  0.000000,  0.000000,  0.000000,  0.000000,  0.000000,  0.000000,  0.000000,  0.000000,  0.000000,  0.000000,  0.000000,  0.000000,  0.000000,  0.000000,  0.000000,  0.000000,  0.000000,  0.000000,  0.000000,  0.000000,  0.000000,  0.000000,  0.000000,  0.000000,  0.000000,  0.000000,  0.000000,  0.000000,  0.000000,  0.000000,  0.000000,  0.000000,  0.000000,  0.000000,  0.000000,  0.000000,  0.000000,  0.000000,  0.000000,  0.000000,  0.000000,  0.000000,  0.000000,  0.000000,  0.000000,  0.000000,  0.000000,  0.000000,  0.000000,  0.000000,  0.000000,  0.000000,  0.000000,  0.000000,  0.000000,  0.000000,  0.000000,  0.000000,  0.000000,  0.000000,  0.000000,  0.000000,  0.000000,  0.000000,  0.000000,  0.000000,  0.000000,  0.000000,  0.000000,  0.000000,  0.000000,  0.000000,  0.000000,  0.000000,  0.000000,  0.000000,  0.000000,  0.000000,  0.000000,  0.000000,  0.000000,  0.000000,  0.000000,  0.000000,  0.000000,  0.000000,  0.000000,  0.000000,  0.000000,  0.000000,  0.000000,  0.000000,  0.000000,  0.000000,  0.000000,  0.000000,  0.000000,  0.000000,  0.000000,  0.000000,  0.000000,  0.000000,  0.000000,  0.000000,  0.000000,  0.000000,  0.000000,  0.000000,  0.000000,  0.000000,  0.000000,  0.000000,  0.000000,  0.000000,  0.000000,  0.000000,  0.000000,  0.000000,  0.000000,  0.000000,  0.000000,  0.000000,  0.000000,  0.000000,  0.000000,  0.000000,  0.000000,  0.000000,  0.000000,  0.000000,  0.000000,  0.000000,  0.000000,  0.000000,  0.000000,  0.000000,  0.000000,  0.000000,  0.000000,  0.000000,  0.000000,  0.000000,  0.000000,  0.000000,  0.000000,  0.000000,  0.000000,  0.000000,  0.000000,  0.000000,  0.000000,  0.000000,  0.000000,  0.000000,  0.000000,  0.000000,  0.000000,  0.000000,  0.000000,  0.000000,  0.000000,  0.000000,  0.000000,  0.000000,  0.000000,  0.000000,  0.000000,  0.000000,  0.000000,  0.000000,  0.000000,  0.000000,  0.000000,  0.000000,  0.000000,  0.000000,  0.000000,  0.000000,  0.000000,  0.000000,  0.000000,  0.000000,  0.000000,  0.000000,  0.000000,  0.000000,  0.000000,  0.000000,  0.000000,  0.000000,  0.000000,  0.000000,  0.000000,  0.000000,  0.000000,  0.000000,  0.000000,  0.000000,  0.000000,  0.000000,  0.000000,  0.000000,  0.000000,  0.000000,  0.000000,  0.000000,  0.000000,  0.000000,  0.000000,  0.000000,  0.000000,  0.000000,  0.000000,  0.000000,  0.000000,  0.000000,  0.000000,  0.000000,  0.000000,  0.000000,  0.000000,  0.000000,  0.000000,  0.000000,  0.000000,  0.000000,  0.000000,  0.000000,  0.000000,  0.000000,  0.000000,  0.000000,  0.000000,  0.000000,  0.000000,  0.000000,  0.000000,  0.000000,  0.000000,  0.000000,  0.000000,  0.000000,  0.000000,  0.000000,  0.000000,  0.000000,  0.000000,  0.000000,  0.000000,  0.000000,  0.000000,  0.000000,  0.000000,  0.000000,  0.000000,  0.000000,  0.000000,  0.000000,  0.000000,  0.000000,  0.000000,  0.000000,  0.000000,  0.000000,  0.000000,  0.000000,  0.000000,  0.000000,  0.000000,  0.000000,  0.000000,  0.000000,  0.000000,  0.000000,  0.000000,  0.000000,  0.000000,  0.000000,  0.000000,  0.000000,  0.000000,  0.000000,  0.000000,  0.000000,  0.000000,  0.000000,  0.000000,  0.000000,  0.000000,  0.000000,  0.000000,  0.000000,  0.000000,  0.000000,  0.000000,  0.000000,  0.000000,  0.000000,  0.000000,  0.000000,  0.000000,  0.000000,  0.000000,  0.000000,  0.000000,  0.000000,  0.000000,  0.000000,  0.000000,  0.000000,  0.000000,  0.000000,  0.000000,  0.000000,  0.000000,  0.000000,  0.000000,  0.000000,  0.000000,  0.000000,  0.000000,  0.000000,  0.000000,  0.000000,  0.000000,  0.000000,  0.000000,  0.000000,  0.000000,  0.000000,  0.000000,  0.000000,  0.000000,  0.000000,  0.000000,  0.000000,  0.000000,  0.000000,  0.000000,  0.000000,  0.000000,  0.000000,  0.000000,  0.000000,  0.000000,  0.000000,  0.000000,  0.000000,  0.000000,  0.000000,  0.000000,  0.000000,  0.000000,  0.000000,  0.000000,  0.000000,  0.000000,  0.000000,  0.000000,  0.000000,  0.000000,  0.000000,  0.000000,  0.000000,  0.000000,  0.000000,  0.000000,  0.000000,  0.000000,  0.000000,  0.000000,  0.000000,  0.000000,  0.000000,  0.000000,  0.000000,  0.000000,  0.000000,  0.000000,  0.000000,  0.000000,  0.000000,  0.000000,  0.000000,  0.000000,  0.000000,  0.000000,  0.000000,  0.000000,  0.000000,  0.000000,  0.000000,  0.000000,  0.000000,  0.000000,  0.000000,  0.000000,  0.000000,  0.000000,  0.000000,  0.000000,  0.000000 ]
checksum = 1.000000
Repeated 8 time
f2=0.556825 a2=0.443175
f3=0.186326 a3=0.256849
f4=0.085692 a4=0.171158
f5=0.046912 a5=0.124246
f6=0.028674 a6=0.095572
f7=0.018912 a7=0.076660
f8=0.013187 a8=0.063472
f9=0.009595 a9=0.053877
f10=0.007219 a10=0.046658
f11=0.005581 a11=0.041077
f12=0.004413 a12=0.036664
f13=0.003555 a13=0.033109
f14=0.002910 a14=0.030198
f15=0.002416 a15=0.027783
f16=0.002029 a16=0.025753
f17=0.001723 a17=0.024030
f18=0.001477 a18=0.022554
f19=0.001276 a19=0.021278
f20=0.001111 a20=0.020167
f21=0.000974 a21=0.019193
f22=0.000859 a22=0.018334
f23=0.000762 a23=0.017572
f24=0.000679 a24=0.016893
f25=0.000608 a25=0.016285
f26=0.000547 a26=0.015738
f27=0.000494 a27=0.015243
f28=0.000448 a28=0.014796
f29=0.000407 a29=0.014388
f30=0.000372 a30=0.014016
f31=0.000340 a31=0.013676
f32=0.000312 a32=0.013364
f33=0.000287 a33=0.013076
f34=0.000265 a34=0.012811
f35=0.000245 a35=0.012566
f36=0.000227 a36=0.012339
f37=0.000211 a37=0.012128
f38=0.000196 a38=0.011931
f39=0.000183 a39=0.011748
f40=0.000171 a40=0.011577
f41=0.000160 a41=0.011417
f42=0.000150 a42=0.011267
f43=0.000141 a43=0.011127
f44=0.000132 a44=0.010995
f45=0.000124 a45=0.010870
f46=0.000117 a46=0.010753
f47=0.000111 a47=0.010642
f48=0.000105 a48=0.010538
f49=0.000099 a49=0.010439
f50=0.010439
[ 0.556825,  0.186326,  0.085692,  0.046912,  0.028674,  0.018912,  0.013187,  0.009595,  0.007219,  0.005581,  0.004413,  0.003555,  0.002910,  0.002416,  0.002029,  0.001723,  0.001477,  0.001276,  0.001111,  0.000974,  0.000859,  0.000762,  0.000679,  0.000608,  0.000547,  0.000494,  0.000448,  0.000407,  0.000372,  0.000340,  0.000312,  0.000287,  0.000265,  0.000245,  0.000227,  0.000211,  0.000196,  0.000183,  0.000171,  0.000160,  0.000150,  0.000141,  0.000132,  0.000124,  0.000117,  0.000111,  0.000105,  0.000099, 0.010439]
0.010439 == 0.010439

total 91484 nodes
[ 0.018801,  0.544948,  0.180862,  0.085600,  0.046948,  0.027950,  0.019818,  0.013226,  0.007193,  0.009193,  0.004383,  0.004635,  0.002252,  0.004733,  0.001115,  0.004187,  0.000033,  0.001618,  0.001508,  0.000208,  0.002306,  0.001978,  0.000394,  0.000339,  0.000306,  0.000437,  0.000601,  0.000525,  0.000098,  0.000547,  0.000853,  0.000426,  0.000404,  0.000197,  0.000721,  0.000044,  0.000077,  0.000328,  0.000164,  0.000230,  0.000142,  0.000317,  0.000219,  0.000197,  0.000120,  0.000208,  0.000372,  0.000295,  0.000066,  0.007881,  0.000000,  0.000000,  0.000000,  0.000000,  0.000000,  0.000000,  0.000000,  0.000000,  0.000000,  0.000000,  0.000000,  0.000000,  0.000000,  0.000000,  0.000000,  0.000000,  0.000000,  0.000000,  0.000000,  0.000000,  0.000000,  0.000000,  0.000000,  0.000000,  0.000000,  0.000000,  0.000000,  0.000000,  0.000000,  0.000000,  0.000000,  0.000000,  0.000000,  0.000000,  0.000000,  0.000000,  0.000000,  0.000000,  0.000000,  0.000000,  0.000000,  0.000000,  0.000000,  0.000000,  0.000000,  0.000000,  0.000000,  0.000000,  0.000000,  0.000000,  0.000000,  0.000000,  0.000000,  0.000000,  0.000000,  0.000000,  0.000000,  0.000000,  0.000000,  0.000000,  0.000000,  0.000000,  0.000000,  0.000000,  0.000000,  0.000000,  0.000000,  0.000000,  0.000000,  0.000000,  0.000000,  0.000000,  0.000000,  0.000000,  0.000000,  0.000000,  0.000000,  0.000000,  0.000000,  0.000000,  0.000000,  0.000000,  0.000000,  0.000000,  0.000000,  0.000000,  0.000000,  0.000000,  0.000000,  0.000000,  0.000000,  0.000000,  0.000000,  0.000000,  0.000000,  0.000000,  0.000000,  0.000000,  0.000000,  0.000000,  0.000000,  0.000000,  0.000000,  0.000000,  0.000000,  0.000000,  0.000000,  0.000000,  0.000000,  0.000000,  0.000000,  0.000000,  0.000000,  0.000000,  0.000000,  0.000000,  0.000000,  0.000000,  0.000000,  0.000000,  0.000000,  0.000000,  0.000000,  0.000000,  0.000000,  0.000000,  0.000000,  0.000000,  0.000000,  0.000000,  0.000000,  0.000000,  0.000000,  0.000000,  0.000000,  0.000000,  0.000000,  0.000000,  0.000000,  0.000000,  0.000000,  0.000000,  0.000000,  0.000000,  0.000000,  0.000000,  0.000000,  0.000000,  0.000000,  0.000000,  0.000000,  0.000000,  0.000000,  0.000000,  0.000000,  0.000000,  0.000000,  0.000000,  0.000000,  0.000000,  0.000000,  0.000000,  0.000000,  0.000000,  0.000000,  0.000000,  0.000000,  0.000000,  0.000000,  0.000000,  0.000000,  0.000000,  0.000000,  0.000000,  0.000000,  0.000000,  0.000000,  0.000000,  0.000000,  0.000000,  0.000000,  0.000000,  0.000000,  0.000000,  0.000000,  0.000000,  0.000000,  0.000000,  0.000000,  0.000000,  0.000000,  0.000000,  0.000000,  0.000000,  0.000000,  0.000000,  0.000000,  0.000000,  0.000000,  0.000000,  0.000000,  0.000000,  0.000000,  0.000000,  0.000000,  0.000000,  0.000000,  0.000000,  0.000000,  0.000000,  0.000000,  0.000000,  0.000000,  0.000000,  0.000000,  0.000000,  0.000000,  0.000000,  0.000000,  0.000000,  0.000000,  0.000000,  0.000000,  0.000000,  0.000000,  0.000000,  0.000000,  0.000000,  0.000000,  0.000000,  0.000000,  0.000000,  0.000000,  0.000000,  0.000000,  0.000000,  0.000000,  0.000000,  0.000000,  0.000000,  0.000000,  0.000000,  0.000000,  0.000000,  0.000000,  0.000000,  0.000000,  0.000000,  0.000000,  0.000000,  0.000000,  0.000000,  0.000000,  0.000000,  0.000000,  0.000000,  0.000000,  0.000000,  0.000000,  0.000000,  0.000000,  0.000000,  0.000000,  0.000000,  0.000000,  0.000000,  0.000000,  0.000000,  0.000000,  0.000000,  0.000000,  0.000000,  0.000000,  0.000000,  0.000000,  0.000000,  0.000000,  0.000000,  0.000000,  0.000000,  0.000000,  0.000000,  0.000000,  0.000000,  0.000000,  0.000000,  0.000000,  0.000000,  0.000000,  0.000000,  0.000000,  0.000000,  0.000000,  0.000000,  0.000000,  0.000000,  0.000000,  0.000000,  0.000000,  0.000000,  0.000000,  0.000000,  0.000000,  0.000000,  0.000000,  0.000000,  0.000000,  0.000000,  0.000000,  0.000000,  0.000000,  0.000000,  0.000000,  0.000000,  0.000000,  0.000000,  0.000000,  0.000000,  0.000000,  0.000000,  0.000000,  0.000000,  0.000000,  0.000000,  0.000000,  0.000000,  0.000000,  0.000000,  0.000000,  0.000000,  0.000000,  0.000000,  0.000000,  0.000000,  0.000000,  0.000000,  0.000000,  0.000000,  0.000000,  0.000000,  0.000000,  0.000000,  0.000000,  0.000000,  0.000000,  0.000000,  0.000000,  0.000000,  0.000000,  0.000000,  0.000000,  0.000000,  0.000000,  0.000000,  0.000000,  0.000000,  0.000000,  0.000000,  0.000000,  0.000000,  0.000000,  0.000000,  0.000000,  0.000000,  0.000000,  0.000000,  0.000000,  0.000000,  0.000000,  0.000000,  0.000000,  0.000000,  0.000000,  0.000000,  0.000000,  0.000000,  0.000000,  0.000000,  0.000000,  0.000000,  0.000000,  0.000000,  0.000000,  0.000000,  0.000000,  0.000000,  0.000000,  0.000000,  0.000000,  0.000000,  0.000000,  0.000000,  0.000000,  0.000000,  0.000000,  0.000000,  0.000000,  0.000000,  0.000000,  0.000000,  0.000000,  0.000000,  0.000000,  0.000000,  0.000000,  0.000000,  0.000000,  0.000000,  0.000000,  0.000000,  0.000000,  0.000000,  0.000000,  0.000000,  0.000000,  0.000000,  0.000000,  0.000000,  0.000000,  0.000000,  0.000000,  0.000000,  0.000000,  0.000000,  0.000000,  0.000000,  0.000000,  0.000000,  0.000000,  0.000000,  0.000000,  0.000000,  0.000000,  0.000000,  0.000000,  0.000000,  0.000000,  0.000000,  0.000000,  0.000000,  0.000000,  0.000000,  0.000000,  0.000000,  0.000000,  0.000000,  0.000000,  0.000000,  0.000000,  0.000000 ]
checksum = 1.000000
Repeated 9 time
f2=0.556825 a2=0.443175
f3=0.186326 a3=0.256849
f4=0.085692 a4=0.171158
f5=0.046912 a5=0.124246
f6=0.028674 a6=0.095572
f7=0.018912 a7=0.076660
f8=0.013187 a8=0.063472
f9=0.009595 a9=0.053877
f10=0.007219 a10=0.046658
f11=0.005581 a11=0.041077
f12=0.004413 a12=0.036664
f13=0.003555 a13=0.033109
f14=0.002910 a14=0.030198
f15=0.002416 a15=0.027783
f16=0.002029 a16=0.025753
f17=0.001723 a17=0.024030
f18=0.001477 a18=0.022554
f19=0.001276 a19=0.021278
f20=0.001111 a20=0.020167
f21=0.000974 a21=0.019193
f22=0.000859 a22=0.018334
f23=0.000762 a23=0.017572
f24=0.000679 a24=0.016893
f25=0.000608 a25=0.016285
f26=0.000547 a26=0.015738
f27=0.000494 a27=0.015243
f28=0.000448 a28=0.014796
f29=0.000407 a29=0.014388
f30=0.000372 a30=0.014016
f31=0.000340 a31=0.013676
f32=0.000312 a32=0.013364
f33=0.000287 a33=0.013076
f34=0.000265 a34=0.012811
f35=0.000245 a35=0.012566
f36=0.000227 a36=0.012339
f37=0.000211 a37=0.012128
f38=0.000196 a38=0.011931
f39=0.000183 a39=0.011748
f40=0.000171 a40=0.011577
f41=0.000160 a41=0.011417
f42=0.000150 a42=0.011267
f43=0.000141 a43=0.011127
f44=0.000132 a44=0.010995
f45=0.000124 a45=0.010870
f46=0.000117 a46=0.010753
f47=0.000111 a47=0.010642
f48=0.000105 a48=0.010538
f49=0.000099 a49=0.010439
f50=0.010439
[ 0.556825,  0.186326,  0.085692,  0.046912,  0.028674,  0.018912,  0.013187,  0.009595,  0.007219,  0.005581,  0.004413,  0.003555,  0.002910,  0.002416,  0.002029,  0.001723,  0.001477,  0.001276,  0.001111,  0.000974,  0.000859,  0.000762,  0.000679,  0.000608,  0.000547,  0.000494,  0.000448,  0.000407,  0.000372,  0.000340,  0.000312,  0.000287,  0.000265,  0.000245,  0.000227,  0.000211,  0.000196,  0.000183,  0.000171,  0.000160,  0.000150,  0.000141,  0.000132,  0.000124,  0.000117,  0.000111,  0.000105,  0.000099, 0.010439]
0.010439 == 0.010439

total 91718 nodes
[ 0.021119,  0.543503,  0.180891,  0.085011,  0.047363,  0.027792,  0.019048,  0.014665,  0.007970,  0.005670,  0.005746,  0.002573,  0.006945,  0.001744,  0.003162,  0.001614,  0.000970,  0.002137,  0.001810,  0.000774,  0.000371,  0.001821,  0.000120,  0.001995,  0.000218,  0.000196,  0.000458,  0.001134,  0.000294,  0.000229,  0.000109,  0.000044,  0.001570,  0.000011,  0.000011,  0.000196,  0.000185,  0.000731,  0.000087,  0.000283,  0.000098,  0.000065,  0.000076,  0.000382,  0.000055,  0.000185,  0.000218,  0.000447,  0.000109,  0.007796,  0.000000,  0.000000,  0.000000,  0.000000,  0.000000,  0.000000,  0.000000,  0.000000,  0.000000,  0.000000,  0.000000,  0.000000,  0.000000,  0.000000,  0.000000,  0.000000,  0.000000,  0.000000,  0.000000,  0.000000,  0.000000,  0.000000,  0.000000,  0.000000,  0.000000,  0.000000,  0.000000,  0.000000,  0.000000,  0.000000,  0.000000,  0.000000,  0.000000,  0.000000,  0.000000,  0.000000,  0.000000,  0.000000,  0.000000,  0.000000,  0.000000,  0.000000,  0.000000,  0.000000,  0.000000,  0.000000,  0.000000,  0.000000,  0.000000,  0.000000,  0.000000,  0.000000,  0.000000,  0.000000,  0.000000,  0.000000,  0.000000,  0.000000,  0.000000,  0.000000,  0.000000,  0.000000,  0.000000,  0.000000,  0.000000,  0.000000,  0.000000,  0.000000,  0.000000,  0.000000,  0.000000,  0.000000,  0.000000,  0.000000,  0.000000,  0.000000,  0.000000,  0.000000,  0.000000,  0.000000,  0.000000,  0.000000,  0.000000,  0.000000,  0.000000,  0.000000,  0.000000,  0.000000,  0.000000,  0.000000,  0.000000,  0.000000,  0.000000,  0.000000,  0.000000,  0.000000,  0.000000,  0.000000,  0.000000,  0.000000,  0.000000,  0.000000,  0.000000,  0.000000,  0.000000,  0.000000,  0.000000,  0.000000,  0.000000,  0.000000,  0.000000,  0.000000,  0.000000,  0.000000,  0.000000,  0.000000,  0.000000,  0.000000,  0.000000,  0.000000,  0.000000,  0.000000,  0.000000,  0.000000,  0.000000,  0.000000,  0.000000,  0.000000,  0.000000,  0.000000,  0.000000,  0.000000,  0.000000,  0.000000,  0.000000,  0.000000,  0.000000,  0.000000,  0.000000,  0.000000,  0.000000,  0.000000,  0.000000,  0.000000,  0.000000,  0.000000,  0.000000,  0.000000,  0.000000,  0.000000,  0.000000,  0.000000,  0.000000,  0.000000,  0.000000,  0.000000,  0.000000,  0.000000,  0.000000,  0.000000,  0.000000,  0.000000,  0.000000,  0.000000,  0.000000,  0.000000,  0.000000,  0.000000,  0.000000,  0.000000,  0.000000,  0.000000,  0.000000,  0.000000,  0.000000,  0.000000,  0.000000,  0.000000,  0.000000,  0.000000,  0.000000,  0.000000,  0.000000,  0.000000,  0.000000,  0.000000,  0.000000,  0.000000,  0.000000,  0.000000,  0.000000,  0.000000,  0.000000,  0.000000,  0.000000,  0.000000,  0.000000,  0.000000,  0.000000,  0.000000,  0.000000,  0.000000,  0.000000,  0.000000,  0.000000,  0.000000,  0.000000,  0.000000,  0.000000,  0.000000,  0.000000,  0.000000,  0.000000,  0.000000,  0.000000,  0.000000,  0.000000,  0.000000,  0.000000,  0.000000,  0.000000,  0.000000,  0.000000,  0.000000,  0.000000,  0.000000,  0.000000,  0.000000,  0.000000,  0.000000,  0.000000,  0.000000,  0.000000,  0.000000,  0.000000,  0.000000,  0.000000,  0.000000,  0.000000,  0.000000,  0.000000,  0.000000,  0.000000,  0.000000,  0.000000,  0.000000,  0.000000,  0.000000,  0.000000,  0.000000,  0.000000,  0.000000,  0.000000,  0.000000,  0.000000,  0.000000,  0.000000,  0.000000,  0.000000,  0.000000,  0.000000,  0.000000,  0.000000,  0.000000,  0.000000,  0.000000,  0.000000,  0.000000,  0.000000,  0.000000,  0.000000,  0.000000,  0.000000,  0.000000,  0.000000,  0.000000,  0.000000,  0.000000,  0.000000,  0.000000,  0.000000,  0.000000,  0.000000,  0.000000,  0.000000,  0.000000,  0.000000,  0.000000,  0.000000,  0.000000,  0.000000,  0.000000,  0.000000,  0.000000,  0.000000,  0.000000,  0.000000,  0.000000,  0.000000,  0.000000,  0.000000,  0.000000,  0.000000,  0.000000,  0.000000,  0.000000,  0.000000,  0.000000,  0.000000,  0.000000,  0.000000,  0.000000,  0.000000,  0.000000,  0.000000,  0.000000,  0.000000,  0.000000,  0.000000,  0.000000,  0.000000,  0.000000,  0.000000,  0.000000,  0.000000,  0.000000,  0.000000,  0.000000,  0.000000,  0.000000,  0.000000,  0.000000,  0.000000,  0.000000,  0.000000,  0.000000,  0.000000,  0.000000,  0.000000,  0.000000,  0.000000,  0.000000,  0.000000,  0.000000,  0.000000,  0.000000,  0.000000,  0.000000,  0.000000,  0.000000,  0.000000,  0.000000,  0.000000,  0.000000,  0.000000,  0.000000,  0.000000,  0.000000,  0.000000,  0.000000,  0.000000,  0.000000,  0.000000,  0.000000,  0.000000,  0.000000,  0.000000,  0.000000,  0.000000,  0.000000,  0.000000,  0.000000,  0.000000,  0.000000,  0.000000,  0.000000,  0.000000,  0.000000,  0.000000,  0.000000,  0.000000,  0.000000,  0.000000,  0.000000,  0.000000,  0.000000,  0.000000,  0.000000,  0.000000,  0.000000,  0.000000,  0.000000,  0.000000,  0.000000,  0.000000,  0.000000,  0.000000,  0.000000,  0.000000,  0.000000,  0.000000,  0.000000,  0.000000,  0.000000,  0.000000,  0.000000,  0.000000,  0.000000,  0.000000,  0.000000,  0.000000,  0.000000,  0.000000,  0.000000,  0.000000,  0.000000,  0.000000,  0.000000,  0.000000,  0.000000,  0.000000,  0.000000,  0.000000,  0.000000,  0.000000,  0.000000,  0.000000,  0.000000,  0.000000,  0.000000,  0.000000,  0.000000,  0.000000,  0.000000,  0.000000,  0.000000,  0.000000,  0.000000,  0.000000,  0.000000,  0.000000,  0.000000,  0.000000,  0.000000,  0.000000,  0.000000,  0.000000,  0.000000,  0.000000,  0.000000 ]
checksum = 1.000000
====================
[ 0.000000,  0.020333,  0.544506,  0.182057,  0.084807,  0.047098,  0.026598,  0.018910,  0.013172,  0.008791,  0.007289,  0.006039,  0.004060,  0.003400,  0.003786,  0.002111,  0.001970,  0.001387,  0.001408,  0.001924,  0.000603,  0.000803,  0.001616,  0.000520,  0.000814,  0.000750,  0.000541,  0.000610,  0.000575,  0.000468,  0.000155,  0.000396,  0.000360,  0.000501,  0.000350,  0.000371,  0.000145,  0.000266,  0.000297,  0.000250,  0.000193,  0.000153,  0.000303,  0.000168,  0.000202,  0.000198,  0.000118,  0.000144,  0.000262,  0.000503,  0.007725,  0.000000,  0.000000,  0.000000,  0.000000,  0.000000,  0.000000,  0.000000,  0.000000,  0.000000,  0.000000,  0.000000,  0.000000,  0.000000,  0.000000,  0.000000,  0.000000,  0.000000,  0.000000,  0.000000,  0.000000,  0.000000,  0.000000,  0.000000,  0.000000,  0.000000,  0.000000,  0.000000,  0.000000,  0.000000,  0.000000,  0.000000,  0.000000,  0.000000,  0.000000,  0.000000,  0.000000,  0.000000,  0.000000,  0.000000,  0.000000,  0.000000,  0.000000,  0.000000,  0.000000,  0.000000,  0.000000,  0.000000,  0.000000,  0.000000,  0.000000 ]
f2=0.556825 a2=0.443175
f3=0.186326 a3=0.256849
f4=0.085692 a4=0.171158
f5=0.046912 a5=0.124246
f6=0.028674 a6=0.095572
f7=0.018912 a7=0.076660
f8=0.013187 a8=0.063472
f9=0.009595 a9=0.053877
f10=0.007219 a10=0.046658
f11=0.005581 a11=0.041077
f12=0.004413 a12=0.036664
f13=0.003555 a13=0.033109
f14=0.002910 a14=0.030198
f15=0.002416 a15=0.027783
f16=0.002029 a16=0.025753
f17=0.001723 a17=0.024030
f18=0.001477 a18=0.022554
f19=0.001276 a19=0.021278
f20=0.001111 a20=0.020167
f21=0.000974 a21=0.019193
f22=0.000859 a22=0.018334
f23=0.000762 a23=0.017572
f24=0.000679 a24=0.016893
f25=0.000608 a25=0.016285
f26=0.000547 a26=0.015738
f27=0.000494 a27=0.015243
f28=0.000448 a28=0.014796
f29=0.000407 a29=0.014388
f30=0.000372 a30=0.014016
f31=0.000340 a31=0.013676
f32=0.000312 a32=0.013364
f33=0.000287 a33=0.013076
f34=0.000265 a34=0.012811
f35=0.000245 a35=0.012566
f36=0.000227 a36=0.012339
f37=0.000211 a37=0.012128
f38=0.000196 a38=0.011931
f39=0.000183 a39=0.011748
f40=0.000171 a40=0.011577
f41=0.000160 a41=0.011417
f42=0.000150 a42=0.011267
f43=0.000141 a43=0.011127
f44=0.000132 a44=0.010995
f45=0.000124 a45=0.010870
f46=0.000117 a46=0.010753
f47=0.000111 a47=0.010642
f48=0.000105 a48=0.010538
f49=0.000099 a49=0.010439
f50=0.010439
[ 0.556825,  0.186326,  0.085692,  0.046912,  0.028674,  0.018912,  0.013187,  0.009595,  0.007219,  0.005581,  0.004413,  0.003555,  0.002910,  0.002416,  0.002029,  0.001723,  0.001477,  0.001276,  0.001111,  0.000974,  0.000859,  0.000762,  0.000679,  0.000608,  0.000547,  0.000494,  0.000448,  0.000407,  0.000372,  0.000340,  0.000312,  0.000287,  0.000265,  0.000245,  0.000227,  0.000211,  0.000196,  0.000183,  0.000171,  0.000160,  0.000150,  0.000141,  0.000132,  0.000124,  0.000117,  0.000111,  0.000105,  0.000099, 0.010439]
0.010439 == 0.010439
