Repeated 0 time
f2=0.526112 a2=0.473888
f3=0.155885 a3=0.318003
f4=0.065764 a4=0.252239
f5=0.033671 a5=0.218568
f6=0.019486 a6=0.199082
f7=0.012271 a7=0.186811
f8=0.008220 a8=0.178591
f9=0.005774 a9=0.172817
f10=0.172817
[ 0.526112,  0.155885,  0.065764,  0.033671,  0.019486,  0.012271,  0.008220,  0.005774, 0.172817]
0.172817 == 0.172817

total 91718 nodes
[ 0.000273,  0.531444,  0.148204,  0.064371,  0.038160,  0.016616,  0.013334,  0.009169,  0.002192,  0.176236,  0.000000,  0.000000,  0.000000,  0.000000,  0.000000,  0.000000,  0.000000,  0.000000,  0.000000,  0.000000,  0.000000,  0.000000,  0.000000,  0.000000,  0.000000,  0.000000,  0.000000,  0.000000,  0.000000,  0.000000,  0.000000,  0.000000,  0.000000,  0.000000,  0.000000,  0.000000,  0.000000,  0.000000,  0.000000,  0.000000,  0.000000,  0.000000,  0.000000,  0.000000,  0.000000,  0.000000,  0.000000,  0.000000,  0.000000,  0.000000,  0.000000,  0.000000,  0.000000,  0.000000,  0.000000,  0.000000,  0.000000,  0.000000,  0.000000,  0.000000,  0.000000,  0.000000,  0.000000,  0.000000,  0.000000,  0.000000,  0.000000,  0.000000,  0.000000,  0.000000,  0.000000,  0.000000,  0.000000,  0.000000,  0.000000,  0.000000,  0.000000,  0.000000,  0.000000,  0.000000,  0.000000,  0.000000,  0.000000,  0.000000,  0.000000,  0.000000,  0.000000,  0.000000,  0.000000,  0.000000,  0.000000,  0.000000,  0.000000,  0.000000,  0.000000,  0.000000,  0.000000,  0.000000,  0.000000,  0.000000 ]
checksum = 1.000000
Repeated 1 time
f2=0.526112 a2=0.473888
f3=0.155885 a3=0.318003
f4=0.065764 a4=0.252239
f5=0.033671 a5=0.218568
f6=0.019486 a6=0.199082
f7=0.012271 a7=0.186811
f8=0.008220 a8=0.178591
f9=0.005774 a9=0.172817
f10=0.172817
[ 0.526112,  0.155885,  0.065764,  0.033671,  0.019486,  0.012271,  0.008220,  0.005774, 0.172817]
0.172817 == 0.172817

total 91394 nodes
[ 0.000383,  0.524345,  0.160317,  0.059676,  0.032880,  0.024881,  0.011708,  0.007539,  0.003786,  0.174486,  0.000000,  0.000000,  0.000000,  0.000000,  0.000000,  0.000000,  0.000000,  0.000000,  0.000000,  0.000000,  0.000000,  0.000000,  0.000000,  0.000000,  0.000000,  0.000000,  0.000000,  0.000000,  0.000000,  0.000000,  0.000000,  0.000000,  0.000000,  0.000000,  0.000000,  0.000000,  0.000000,  0.000000,  0.000000,  0.000000,  0.000000,  0.000000,  0.000000,  0.000000,  0.000000,  0.000000,  0.000000,  0.000000,  0.000000,  0.000000,  0.000000,  0.000000,  0.000000,  0.000000,  0.000000,  0.000000,  0.000000,  0.000000,  0.000000,  0.000000,  0.000000,  0.000000,  0.000000,  0.000000,  0.000000,  0.000000,  0.000000,  0.000000,  0.000000,  0.000000,  0.000000,  0.000000,  0.000000,  0.000000,  0.000000,  0.000000,  0.000000,  0.000000,  0.000000,  0.000000,  0.000000,  0.000000,  0.000000,  0.000000,  0.000000,  0.000000,  0.000000,  0.000000,  0.000000,  0.000000,  0.000000,  0.000000,  0.000000,  0.000000,  0.000000,  0.000000,  0.000000,  0.000000,  0.000000,  0.000000 ]
checksum = 1.000000
Repeated 2 time
f2=0.526112 a2=0.473888
f3=0.155885 a3=0.318003
f4=0.065764 a4=0.252239
f5=0.033671 a5=0.218568
f6=0.019486 a6=0.199082
f7=0.012271 a7=0.186811
f8=0.008220 a8=0.178591
f9=0.005774 a9=0.172817
f10=0.172817
[ 0.526112,  0.155885,  0.065764,  0.033671,  0.019486,  0.012271,  0.008220,  0.005774, 0.172817]
0.172817 == 0.172817

total 92242 nodes
[ 0.000184,  0.521227,  0.159266,  0.067616,  0.035537,  0.018397,  0.011047,  0.008532,  0.008142,  0.170053,  0.000000,  0.000000,  0.000000,  0.000000,  0.000000,  0.000000,  0.000000,  0.000000,  0.000000,  0.000000,  0.000000,  0.000000,  0.000000,  0.000000,  0.000000,  0.000000,  0.000000,  0.000000,  0.000000,  0.000000,  0.000000,  0.000000,  0.000000,  0.000000,  0.000000,  0.000000,  0.000000,  0.000000,  0.000000,  0.000000,  0.000000,  0.000000,  0.000000,  0.000000,  0.000000,  0.000000,  0.000000,  0.000000,  0.000000,  0.000000,  0.000000,  0.000000,  0.000000,  0.000000,  0.000000,  0.000000,  0.000000,  0.000000,  0.000000,  0.000000,  0.000000,  0.000000,  0.000000,  0.000000,  0.000000,  0.000000,  0.000000,  0.000000,  0.000000,  0.000000,  0.000000,  0.000000,  0.000000,  0.000000,  0.000000,  0.000000,  0.000000,  0.000000,  0.000000,  0.000000,  0.000000,  0.000000,  0.000000,  0.000000,  0.000000,  0.000000,  0.000000,  0.000000,  0.000000,  0.000000,  0.000000,  0.000000,  0.000000,  0.000000,  0.000000,  0.000000,  0.000000,  0.000000,  0.000000,  0.000000 ]
checksum = 1.000000
Repeated 3 time
f2=0.526112 a2=0.473888
f3=0.155885 a3=0.318003
f4=0.065764 a4=0.252239
f5=0.033671 a5=0.218568
f6=0.019486 a6=0.199082
f7=0.012271 a7=0.186811
f8=0.008220 a8=0.178591
f9=0.005774 a9=0.172817
f10=0.172817
[ 0.526112,  0.155885,  0.065764,  0.033671,  0.019486,  0.012271,  0.008220,  0.005774, 0.172817]
0.172817 == 0.172817

total 91934 nodes
[ 0.000392,  0.529086,  0.149553,  0.071171,  0.030642,  0.019014,  0.012770,  0.008887,  0.006244,  0.172243,  0.000000,  0.000000,  0.000000,  0.000000,  0.000000,  0.000000,  0.000000,  0.000000,  0.000000,  0.000000,  0.000000,  0.000000,  0.000000,  0.000000,  0.000000,  0.000000,  0.000000,  0.000000,  0.000000,  0.000000,  0.000000,  0.000000,  0.000000,  0.000000,  0.000000,  0.000000,  0.000000,  0.000000,  0.000000,  0.000000,  0.000000,  0.000000,  0.000000,  0.000000,  0.000000,  0.000000,  0.000000,  0.000000,  0.000000,  0.000000,  0.000000,  0.000000,  0.000000,  0.000000,  0.000000,  0.000000,  0.000000,  0.000000,  0.000000,  0.000000,  0.000000,  0.000000,  0.000000,  0.000000,  0.000000,  0.000000,  0.000000,  0.000000,  0.000000,  0.000000,  0.000000,  0.000000,  0.000000,  0.000000,  0.000000,  0.000000,  0.000000,  0.000000,  0.000000,  0.000000,  0.000000,  0.000000,  0.000000,  0.000000,  0.000000,  0.000000,  0.000000,  0.000000,  0.000000,  0.000000,  0.000000,  0.000000,  0.000000,  0.000000,  0.000000,  0.000000,  0.000000,  0.000000,  0.000000,  0.000000 ]
checksum = 1.000000
Repeated 4 time
f2=0.526112 a2=0.473888
f3=0.155885 a3=0.318003
f4=0.065764 a4=0.252239
f5=0.033671 a5=0.218568
f6=0.019486 a6=0.199082
f7=0.012271 a7=0.186811
f8=0.008220 a8=0.178591
f9=0.005774 a9=0.172817
f10=0.172817
[ 0.526112,  0.155885,  0.065764,  0.033671,  0.019486,  0.012271,  0.008220,  0.005774, 0.172817]
0.172817 == 0.172817

total 92516 nodes
[ 0.000335,  0.522677,  0.159594,  0.067988,  0.030287,  0.017575,  0.012809,  0.009825,  0.005891,  0.173019,  0.000000,  0.000000,  0.000000,  0.000000,  0.000000,  0.000000,  0.000000,  0.000000,  0.000000,  0.000000,  0.000000,  0.000000,  0.000000,  0.000000,  0.000000,  0.000000,  0.000000,  0.000000,  0.000000,  0.000000,  0.000000,  0.000000,  0.000000,  0.000000,  0.000000,  0.000000,  0.000000,  0.000000,  0.000000,  0.000000,  0.000000,  0.000000,  0.000000,  0.000000,  0.000000,  0.000000,  0.000000,  0.000000,  0.000000,  0.000000,  0.000000,  0.000000,  0.000000,  0.000000,  0.000000,  0.000000,  0.000000,  0.000000,  0.000000,  0.000000,  0.000000,  0.000000,  0.000000,  0.000000,  0.000000,  0.000000,  0.000000,  0.000000,  0.000000,  0.000000,  0.000000,  0.000000,  0.000000,  0.000000,  0.000000,  0.000000,  0.000000,  0.000000,  0.000000,  0.000000,  0.000000,  0.000000,  0.000000,  0.000000,  0.000000,  0.000000,  0.000000,  0.000000,  0.000000,  0.000000,  0.000000,  0.000000,  0.000000,  0.000000,  0.000000,  0.000000,  0.000000,  0.000000,  0.000000,  0.000000 ]
checksum = 1.000000
Repeated 5 time
f2=0.526112 a2=0.473888
f3=0.155885 a3=0.318003
f4=0.065764 a4=0.252239
f5=0.033671 a5=0.218568
f6=0.019486 a6=0.199082
f7=0.012271 a7=0.186811
f8=0.008220 a8=0.178591
f9=0.005774 a9=0.172817
f10=0.172817
[ 0.526112,  0.155885,  0.065764,  0.033671,  0.019486,  0.012271,  0.008220,  0.005774, 0.172817]
0.172817 == 0.172817

total 92412 nodes
[ 0.000335,  0.523947,  0.159644,  0.061085,  0.036759,  0.017238,  0.011957,  0.009663,  0.007921,  0.171450,  0.000000,  0.000000,  0.000000,  0.000000,  0.000000,  0.000000,  0.000000,  0.000000,  0.000000,  0.000000,  0.000000,  0.000000,  0.000000,  0.000000,  0.000000,  0.000000,  0.000000,  0.000000,  0.000000,  0.000000,  0.000000,  0.000000,  0.000000,  0.000000,  0.000000,  0.000000,  0.000000,  0.000000,  0.000000,  0.000000,  0.000000,  0.000000,  0.000000,  0.000000,  0.000000,  0.000000,  0.000000,  0.000000,  0.000000,  0.000000,  0.000000,  0.000000,  0.000000,  0.000000,  0.000000,  0.000000,  0.000000,  0.000000,  0.000000,  0.000000,  0.000000,  0.000000,  0.000000,  0.000000,  0.000000,  0.000000,  0.000000,  0.000000,  0.000000,  0.000000,  0.000000,  0.000000,  0.000000,  0.000000,  0.000000,  0.000000,  0.000000,  0.000000,  0.000000,  0.000000,  0.000000,  0.000000,  0.000000,  0.000000,  0.000000,  0.000000,  0.000000,  0.000000,  0.000000,  0.000000,  0.000000,  0.000000,  0.000000,  0.000000,  0.000000,  0.000000,  0.000000,  0.000000,  0.000000,  0.000000 ]
checksum = 1.000000
Repeated 6 time
f2=0.526112 a2=0.473888
f3=0.155885 a3=0.318003
f4=0.065764 a4=0.252239
f5=0.033671 a5=0.218568
f6=0.019486 a6=0.199082
f7=0.012271 a7=0.186811
f8=0.008220 a8=0.178591
f9=0.005774 a9=0.172817
f10=0.172817
[ 0.526112,  0.155885,  0.065764,  0.033671,  0.019486,  0.012271,  0.008220,  0.005774, 0.172817]
0.172817 == 0.172817

total 91626 nodes
[ 0.000153,  0.520933,  0.163709,  0.063574,  0.031006,  0.023094,  0.011787,  0.008829,  0.002805,  0.174110,  0.000000,  0.000000,  0.000000,  0.000000,  0.000000,  0.000000,  0.000000,  0.000000,  0.000000,  0.000000,  0.000000,  0.000000,  0.000000,  0.000000,  0.000000,  0.000000,  0.000000,  0.000000,  0.000000,  0.000000,  0.000000,  0.000000,  0.000000,  0.000000,  0.000000,  0.000000,  0.000000,  0.000000,  0.000000,  0.000000,  0.000000,  0.000000,  0.000000,  0.000000,  0.000000,  0.000000,  0.000000,  0.000000,  0.000000,  0.000000,  0.000000,  0.000000,  0.000000,  0.000000,  0.000000,  0.000000,  0.000000,  0.000000,  0.000000,  0.000000,  0.000000,  0.000000,  0.000000,  0.000000,  0.000000,  0.000000,  0.000000,  0.000000,  0.000000,  0.000000,  0.000000,  0.000000,  0.000000,  0.000000,  0.000000,  0.000000,  0.000000,  0.000000,  0.000000,  0.000000,  0.000000,  0.000000,  0.000000,  0.000000,  0.000000,  0.000000,  0.000000,  0.000000,  0.000000,  0.000000,  0.000000,  0.000000,  0.000000,  0.000000,  0.000000,  0.000000,  0.000000,  0.000000,  0.000000,  0.000000 ]
checksum = 1.000000
Repeated 7 time
f2=0.526112 a2=0.473888
f3=0.155885 a3=0.318003
f4=0.065764 a4=0.252239
f5=0.033671 a5=0.218568
f6=0.019486 a6=0.199082
f7=0.012271 a7=0.186811
f8=0.008220 a8=0.178591
f9=0.005774 a9=0.172817
f10=0.172817
[ 0.526112,  0.155885,  0.065764,  0.033671,  0.019486,  0.012271,  0.008220,  0.005774, 0.172817]
0.172817 == 0.172817

total 92274 nodes
[ 0.000098,  0.521566,  0.161096,  0.061848,  0.034495,  0.026378,  0.005614,  0.011498,  0.001376,  0.176030,  0.000000,  0.000000,  0.000000,  0.000000,  0.000000,  0.000000,  0.000000,  0.000000,  0.000000,  0.000000,  0.000000,  0.000000,  0.000000,  0.000000,  0.000000,  0.000000,  0.000000,  0.000000,  0.000000,  0.000000,  0.000000,  0.000000,  0.000000,  0.000000,  0.000000,  0.000000,  0.000000,  0.000000,  0.000000,  0.000000,  0.000000,  0.000000,  0.000000,  0.000000,  0.000000,  0.000000,  0.000000,  0.000000,  0.000000,  0.000000,  0.000000,  0.000000,  0.000000,  0.000000,  0.000000,  0.000000,  0.000000,  0.000000,  0.000000,  0.000000,  0.000000,  0.000000,  0.000000,  0.000000,  0.000000,  0.000000,  0.000000,  0.000000,  0.000000,  0.000000,  0.000000,  0.000000,  0.000000,  0.000000,  0.000000,  0.000000,  0.000000,  0.000000,  0.000000,  0.000000,  0.000000,  0.000000,  0.000000,  0.000000,  0.000000,  0.000000,  0.000000,  0.000000,  0.000000,  0.000000,  0.000000,  0.000000,  0.000000,  0.000000,  0.000000,  0.000000,  0.000000,  0.000000,  0.000000,  0.000000 ]
checksum = 1.000000
Repeated 8 time
f2=0.526112 a2=0.473888
f3=0.155885 a3=0.318003
f4=0.065764 a4=0.252239
f5=0.033671 a5=0.218568
f6=0.019486 a6=0.199082
f7=0.012271 a7=0.186811
f8=0.008220 a8=0.178591
f9=0.005774 a9=0.172817
f10=0.172817
[ 0.526112,  0.155885,  0.065764,  0.033671,  0.019486,  0.012271,  0.008220,  0.005774, 0.172817]
0.172817 == 0.172817

total 91762 nodes
[ 0.000272,  0.524869,  0.156165,  0.072699,  0.021065,  0.023844,  0.012827,  0.010647,  0.009100,  0.168512,  0.000000,  0.000000,  0.000000,  0.000000,  0.000000,  0.000000,  0.000000,  0.000000,  0.000000,  0.000000,  0.000000,  0.000000,  0.000000,  0.000000,  0.000000,  0.000000,  0.000000,  0.000000,  0.000000,  0.000000,  0.000000,  0.000000,  0.000000,  0.000000,  0.000000,  0.000000,  0.000000,  0.000000,  0.000000,  0.000000,  0.000000,  0.000000,  0.000000,  0.000000,  0.000000,  0.000000,  0.000000,  0.000000,  0.000000,  0.000000,  0.000000,  0.000000,  0.000000,  0.000000,  0.000000,  0.000000,  0.000000,  0.000000,  0.000000,  0.000000,  0.000000,  0.000000,  0.000000,  0.000000,  0.000000,  0.000000,  0.000000,  0.000000,  0.000000,  0.000000,  0.000000,  0.000000,  0.000000,  0.000000,  0.000000,  0.000000,  0.000000,  0.000000,  0.000000,  0.000000,  0.000000,  0.000000,  0.000000,  0.000000,  0.000000,  0.000000,  0.000000,  0.000000,  0.000000,  0.000000,  0.000000,  0.000000,  0.000000,  0.000000,  0.000000,  0.000000,  0.000000,  0.000000,  0.000000,  0.000000 ]
checksum = 1.000000
Repeated 9 time
f2=0.526112 a2=0.473888
f3=0.155885 a3=0.318003
f4=0.065764 a4=0.252239
f5=0.033671 a5=0.218568
f6=0.019486 a6=0.199082
f7=0.012271 a7=0.186811
f8=0.008220 a8=0.178591
f9=0.005774 a9=0.172817
f10=0.172817
[ 0.526112,  0.155885,  0.065764,  0.033671,  0.019486,  0.012271,  0.008220,  0.005774, 0.172817]
0.172817 == 0.172817

total 91890 nodes
[ 0.000163,  0.522364,  0.161824,  0.063641,  0.032419,  0.020622,  0.008543,  0.013309,  0.011285,  0.165829,  0.000000,  0.000000,  0.000000,  0.000000,  0.000000,  0.000000,  0.000000,  0.000000,  0.000000,  0.000000,  0.000000,  0.000000,  0.000000,  0.000000,  0.000000,  0.000000,  0.000000,  0.000000,  0.000000,  0.000000,  0.000000,  0.000000,  0.000000,  0.000000,  0.000000,  0.000000,  0.000000,  0.000000,  0.000000,  0.000000,  0.000000,  0.000000,  0.000000,  0.000000,  0.000000,  0.000000,  0.000000,  0.000000,  0.000000,  0.000000,  0.000000,  0.000000,  0.000000,  0.000000,  0.000000,  0.000000,  0.000000,  0.000000,  0.000000,  0.000000,  0.000000,  0.000000,  0.000000,  0.000000,  0.000000,  0.000000,  0.000000,  0.000000,  0.000000,  0.000000,  0.000000,  0.000000,  0.000000,  0.000000,  0.000000,  0.000000,  0.000000,  0.000000,  0.000000,  0.000000,  0.000000,  0.000000,  0.000000,  0.000000,  0.000000,  0.000000,  0.000000,  0.000000,  0.000000,  0.000000,  0.000000,  0.000000,  0.000000,  0.000000,  0.000000,  0.000000,  0.000000,  0.000000,  0.000000,  0.000000 ]
checksum = 1.000000
====================
[ 0.000000,  0.000259,  0.524246,  0.157937,  0.065367,  0.032325,  0.020766,  0.011240,  0.009790,  0.005874,  0.172197,  0.000000,  0.000000,  0.000000,  0.000000,  0.000000,  0.000000,  0.000000,  0.000000,  0.000000,  0.000000,  0.000000,  0.000000,  0.000000,  0.000000,  0.000000,  0.000000,  0.000000,  0.000000,  0.000000,  0.000000,  0.000000,  0.000000,  0.000000,  0.000000,  0.000000,  0.000000,  0.000000,  0.000000,  0.000000,  0.000000,  0.000000,  0.000000,  0.000000,  0.000000,  0.000000,  0.000000,  0.000000,  0.000000,  0.000000,  0.000000,  0.000000,  0.000000,  0.000000,  0.000000,  0.000000,  0.000000,  0.000000,  0.000000,  0.000000,  0.000000,  0.000000,  0.000000,  0.000000,  0.000000,  0.000000,  0.000000,  0.000000,  0.000000,  0.000000,  0.000000,  0.000000,  0.000000,  0.000000,  0.000000,  0.000000,  0.000000,  0.000000,  0.000000,  0.000000,  0.000000,  0.000000,  0.000000,  0.000000,  0.000000,  0.000000,  0.000000,  0.000000,  0.000000,  0.000000,  0.000000,  0.000000,  0.000000,  0.000000,  0.000000,  0.000000,  0.000000,  0.000000,  0.000000,  0.000000,  0.000000 ]
f2=0.526112 a2=0.473888
f3=0.155885 a3=0.318003
f4=0.065764 a4=0.252239
f5=0.033671 a5=0.218568
f6=0.019486 a6=0.199082
f7=0.012271 a7=0.186811
f8=0.008220 a8=0.178591
f9=0.005774 a9=0.172817
f10=0.172817
[ 0.526112,  0.155885,  0.065764,  0.033671,  0.019486,  0.012271,  0.008220,  0.005774, 0.172817]
0.172817 == 0.172817
