Repeated 0 time
f2=0.497536 a2=0.502464
f3=0.166486 a3=0.335978
f4=0.076567 a4=0.259410
f5=0.041917 a5=0.217493
f6=0.025621 a6=0.191872
f7=0.016898 a7=0.174974
f8=0.011783 a8=0.163191
f9=0.008573 a9=0.154618
f10=0.154618
[ 0.497536,  0.166486,  0.076567,  0.041917,  0.025621,  0.016898,  0.011783,  0.008573, 0.154618]
0.154618 == 0.154618

total 91998 nodes
[ 0.000011,  0.495750,  0.166330,  0.076926,  0.048642,  0.021022,  0.015446,  0.010728,  0.010272,  0.154873,  0.000000,  0.000000,  0.000000,  0.000000,  0.000000,  0.000000,  0.000000,  0.000000,  0.000000,  0.000000,  0.000000,  0.000000,  0.000000,  0.000000,  0.000000,  0.000000,  0.000000,  0.000000,  0.000000,  0.000000,  0.000000,  0.000000,  0.000000,  0.000000,  0.000000,  0.000000,  0.000000,  0.000000,  0.000000,  0.000000,  0.000000,  0.000000,  0.000000,  0.000000,  0.000000,  0.000000,  0.000000,  0.000000,  0.000000,  0.000000,  0.000000,  0.000000,  0.000000,  0.000000,  0.000000,  0.000000,  0.000000,  0.000000,  0.000000,  0.000000,  0.000000,  0.000000,  0.000000,  0.000000,  0.000000,  0.000000,  0.000000,  0.000000,  0.000000,  0.000000,  0.000000,  0.000000,  0.000000,  0.000000,  0.000000,  0.000000,  0.000000,  0.000000,  0.000000,  0.000000,  0.000000,  0.000000,  0.000000,  0.000000,  0.000000,  0.000000,  0.000000,  0.000000,  0.000000,  0.000000,  0.000000,  0.000000,  0.000000,  0.000000,  0.000000,  0.000000,  0.000000,  0.000000,  0.000000,  0.000000 ]
checksum = 1.000000
Repeated 1 time
f2=0.497536 a2=0.502464
f3=0.166486 a3=0.335978
f4=0.076567 a4=0.259410
f5=0.041917 a5=0.217493
f6=0.025621 a6=0.191872
f7=0.016898 a7=0.174974
f8=0.011783 a8=0.163191
f9=0.008573 a9=0.154618
f10=0.154618
[ 0.497536,  0.166486,  0.076567,  0.041917,  0.025621,  0.016898,  0.011783,  0.008573, 0.154618]
0.154618 == 0.154618

total 92610 nodes
[ 0.000140,  0.493780,  0.169863,  0.076525,  0.043440,  0.028118,  0.015549,  0.008995,  0.004870,  0.158719,  0.000000,  0.000000,  0.000000,  0.000000,  0.000000,  0.000000,  0.000000,  0.000000,  0.000000,  0.000000,  0.000000,  0.000000,  0.000000,  0.000000,  0.000000,  0.000000,  0.000000,  0.000000,  0.000000,  0.000000,  0.000000,  0.000000,  0.000000,  0.000000,  0.000000,  0.000000,  0.000000,  0.000000,  0.000000,  0.000000,  0.000000,  0.000000,  0.000000,  0.000000,  0.000000,  0.000000,  0.000000,  0.000000,  0.000000,  0.000000,  0.000000,  0.000000,  0.000000,  0.000000,  0.000000,  0.000000,  0.000000,  0.000000,  0.000000,  0.000000,  0.000000,  0.000000,  0.000000,  0.000000,  0.000000,  0.000000,  0.000000,  0.000000,  0.000000,  0.000000,  0.000000,  0.000000,  0.000000,  0.000000,  0.000000,  0.000000,  0.000000,  0.000000,  0.000000,  0.000000,  0.000000,  0.000000,  0.000000,  0.000000,  0.000000,  0.000000,  0.000000,  0.000000,  0.000000,  0.000000,  0.000000,  0.000000,  0.000000,  0.000000,  0.000000,  0.000000,  0.000000,  0.000000,  0.000000,  0.000000 ]
checksum = 1.000000
Repeated 2 time
f2=0.497536 a2=0.502464
f3=0.166486 a3=0.335978
f4=0.076567 a4=0.259410
f5=0.041917 a5=0.217493
f6=0.025621 a6=0.191872
f7=0.016898 a7=0.174974
f8=0.011783 a8=0.163191
f9=0.008573 a9=0.154618
f10=0.154618
[ 0.497536,  0.166486,  0.076567,  0.041917,  0.025621,  0.016898,  0.011783,  0.008573, 0.154618]
0.154618 == 0.154618

total 91992 nodes
[ 0.000065,  0.497522,  0.164123,  0.071104,  0.051341,  0.024328,  0.015675,  0.016599,  0.005881,  0.153361,  0.000000,  0.000000,  0.000000,  0.000000,  0.000000,  0.000000,  0.000000,  0.000000,  0.000000,  0.000000,  0.000000,  0.000000,  0.000000,  0.000000,  0.000000,  0.000000,  0.000000,  0.000000,  0.000000,  0.000000,  0.000000,  0.000000,  0.000000,  0.000000,  0.000000,  0.000000,  0.000000,  0.000000,  0.000000,  0.000000,  0.000000,  0.000000,  0.000000,  0.000000,  0.000000,  0.000000,  0.000000,  0.000000,  0.000000,  0.000000,  0.000000,  0.000000,  0.000000,  0.000000,  0.000000,  0.000000,  0.000000,  0.000000,  0.000000,  0.000000,  0.000000,  0.000000,  0.000000,  0.000000,  0.000000,  0.000000,  0.000000,  0.000000,  0.000000,  0.000000,  0.000000,  0.000000,  0.000000,  0.000000,  0.000000,  0.000000,  0.000000,  0.000000,  0.000000,  0.000000,  0.000000,  0.000000,  0.000000,  0.000000,  0.000000,  0.000000,  0.000000,  0.000000,  0.000000,  0.000000,  0.000000,  0.000000,  0.000000,  0.000000,  0.000000,  0.000000,  0.000000,  0.000000,  0.000000,  0.000000 ]
checksum = 1.000000
Repeated 3 time
f2=0.497536 a2=0.502464
f3=0.166486 a3=0.335978
f4=0.076567 a4=0.259410
f5=0.041917 a5=0.217493
f6=0.025621 a6=0.191872
f7=0.016898 a7=0.174974
f8=0.011783 a8=0.163191
f9=0.008573 a9=0.154618
f10=0.154618
[ 0.497536,  0.166486,  0.076567,  0.041917,  0.025621,  0.016898,  0.011783,  0.008573, 0.154618]
0.154618 == 0.154618

total 92012 nodes
[ 0.000152,  0.496663,  0.164153,  0.080707,  0.042342,  0.025334,  0.016009,  0.012900,  0.010857,  0.150882,  0.000000,  0.000000,  0.000000,  0.000000,  0.000000,  0.000000,  0.000000,  0.000000,  0.000000,  0.000000,  0.000000,  0.000000,  0.000000,  0.000000,  0.000000,  0.000000,  0.000000,  0.000000,  0.000000,  0.000000,  0.000000,  0.000000,  0.000000,  0.000000,  0.000000,  0.000000,  0.000000,  0.000000,  0.000000,  0.000000,  0.000000,  0.000000,  0.000000,  0.000000,  0.000000,  0.000000,  0.000000,  0.000000,  0.000000,  0.000000,  0.000000,  0.000000,  0.000000,  0.000000,  0.000000,  0.000000,  0.000000,  0.000000,  0.000000,  0.000000,  0.000000,  0.000000,  0.000000,  0.000000,  0.000000,  0.000000,  0.000000,  0.000000,  0.000000,  0.000000,  0.000000,  0.000000,  0.000000,  0.000000,  0.000000,  0.000000,  0.000000,  0.000000,  0.000000,  0.000000,  0.000000,  0.000000,  0.000000,  0.000000,  0.000000,  0.000000,  0.000000,  0.000000,  0.000000,  0.000000,  0.000000,  0.000000,  0.000000,  0.000000,  0.000000,  0.000000,  0.000000,  0.000000,  0.000000,  0.000000 ]
checksum = 1.000000
Repeated 4 time
f2=0.497536 a2=0.502464
f3=0.166486 a3=0.335978
f4=0.076567 a4=0.259410
f5=0.041917 a5=0.217493
f6=0.025621 a6=0.191872
f7=0.016898 a7=0.174974
f8=0.011783 a8=0.163191
f9=0.008573 a9=0.154618
f10=0.154618
[ 0.497536,  0.166486,  0.076567,  0.041917,  0.025621,  0.016898,  0.011783,  0.008573, 0.154618]
0.154618 == 0.154618

total 91700 nodes
[ 0.000098,  0.497001,  0.164482,  0.076216,  0.047339,  0.020153,  0.018833,  0.012432,  0.012454,  0.150992,  0.000000,  0.000000,  0.000000,  0.000000,  0.000000,  0.000000,  0.000000,  0.000000,  0.000000,  0.000000,  0.000000,  0.000000,  0.000000,  0.000000,  0.000000,  0.000000,  0.000000,  0.000000,  0.000000,  0.000000,  0.000000,  0.000000,  0.000000,  0.000000,  0.000000,  0.000000,  0.000000,  0.000000,  0.000000,  0.000000,  0.000000,  0.000000,  0.000000,  0.000000,  0.000000,  0.000000,  0.000000,  0.000000,  0.000000,  0.000000,  0.000000,  0.000000,  0.000000,  0.000000,  0.000000,  0.000000,  0.000000,  0.000000,  0.000000,  0.000000,  0.000000,  0.000000,  0.000000,  0.000000,  0.000000,  0.000000,  0.000000,  0.000000,  0.000000,  0.000000,  0.000000,  0.000000,  0.000000,  0.000000,  0.000000,  0.000000,  0.000000,  0.000000,  0.000000,  0.000000,  0.000000,  0.000000,  0.000000,  0.000000,  0.000000,  0.000000,  0.000000,  0.000000,  0.000000,  0.000000,  0.000000,  0.000000,  0.000000,  0.000000,  0.000000,  0.000000,  0.000000,  0.000000,  0.000000,  0.000000 ]
checksum = 1.000000
Repeated 5 time
f2=0.497536 a2=0.502464
f3=0.166486 a3=0.335978
f4=0.076567 a4=0.259410
f5=0.041917 a5=0.217493
f6=0.025621 a6=0.191872
f7=0.016898 a7=0.174974
f8=0.011783 a8=0.163191
f9=0.008573 a9=0.154618
f10=0.154618
[ 0.497536,  0.166486,  0.076567,  0.041917,  0.025621,  0.016898,  0.011783,  0.008573, 0.154618]
0.154618 == 0.154618

total 92576 nodes
[ 0.000119,  0.498423,  0.166123,  0.072362,  0.046902,  0.025957,  0.014032,  0.015004,  0.007810,  0.153269,  0.000000,  0.000000,  0.000000,  0.000000,  0.000000,  0.000000,  0.000000,  0.000000,  0.000000,  0.000000,  0.000000,  0.000000,  0.000000,  0.000000,  0.000000,  0.000000,  0.000000,  0.000000,  0.000000,  0.000000,  0.000000,  0.000000,  0.000000,  0.000000,  0.000000,  0.000000,  0.000000,  0.000000,  0.000000,  0.000000,  0.000000,  0.000000,  0.000000,  0.000000,  0.000000,  0.000000,  0.000000,  0.000000,  0.000000,  0.000000,  0.000000,  0.000000,  0.000000,  0.000000,  0.000000,  0.000000,  0.000000,  0.000000,  0.000000,  0.000000,  0.000000,  0.000000,  0.000000,  0.000000,  0.000000,  0.000000,  0.000000,  0.000000,  0.000000,  0.000000,  0.000000,  0.000000,  0.000000,  0.000000,  0.000000,  0.000000,  0.000000,  0.000000,  0.000000,  0.000000,  0.000000,  0.000000,  0.000000,  0.000000,  0.000000,  0.000000,  0.000000,  0.000000,  0.000000,  0.000000,  0.000000,  0.000000,  0.000000,  0.000000,  0.000000,  0.000000,  0.000000,  0.000000,  0.000000,  0.000000 ]
checksum = 1.000000
Repeated 6 time
f2=0.497536 a2=0.502464
f3=0.166486 a3=0.335978
f4=0.076567 a4=0.259410
f5=0.041917 a5=0.217493
f6=0.025621 a6=0.191872
f7=0.016898 a7=0.174974
f8=0.011783 a8=0.163191
f9=0.008573 a9=0.154618
f10=0.154618
[ 0.497536,  0.166486,  0.076567,  0.041917,  0.025621,  0.016898,  0.011783,  0.008573, 0.154618]
0.154618 == 0.154618

total 92122 nodes
[ 0.000022,  0.496266,  0.169525,  0.071937,  0.038970,  0.034856,  0.013080,  0.008456,  0.017043,  0.149845,  0.000000,  0.000000,  0.000000,  0.000000,  0.000000,  0.000000,  0.000000,  0.000000,  0.000000,  0.000000,  0.000000,  0.000000,  0.000000,  0.000000,  0.000000,  0.000000,  0.000000,  0.000000,  0.000000,  0.000000,  0.000000,  0.000000,  0.000000,  0.000000,  0.000000,  0.000000,  0.000000,  0.000000,  0.000000,  0.000000,  0.000000,  0.000000,  0.000000,  0.000000,  0.000000,  0.000000,  0.000000,  0.000000,  0.000000,  0.000000,  0.000000,  0.000000,  0.000000,  0.000000,  0.000000,  0.000000,  0.000000,  0.000000,  0.000000,  0.000000,  0.000000,  0.000000,  0.000000,  0.000000,  0.000000,  0.000000,  0.000000,  0.000000,  0.000000,  0.000000,  0.000000,  0.000000,  0.000000,  0.000000,  0.000000,  0.000000,  0.000000,  0.000000,  0.000000,  0.000000,  0.000000,  0.000000,  0.000000,  0.000000,  0.000000,  0.000000,  0.000000,  0.000000,  0.000000,  0.000000,  0.000000,  0.000000,  0.000000,  0.000000,  0.000000,  0.000000,  0.000000,  0.000000,  0.000000,  0.000000 ]
checksum = 1.000000
Repeated 7 time
f2=0.497536 a2=0.502464
f3=0.166486 a3=0.335978
f4=0.076567 a4=0.259410
f5=0.041917 a5=0.217493
f6=0.025621 a6=0.191872
f7=0.016898 a7=0.174974
f8=0.011783 a8=0.163191
f9=0.008573 a9=0.154618
f10=0.154618
[ 0.497536,  0.166486,  0.076567,  0.041917,  0.025621,  0.016898,  0.011783,  0.008573, 0.154618]
0.154618 == 0.154618

total 91756 nodes
[ 0.000120,  0.495477,  0.168370,  0.075679,  0.043801,  0.027649,  0.015966,  0.011302,  0.005929,  0.155706,  0.000000,  0.000000,  0.000000,  0.000000,  0.000000,  0.000000,  0.000000,  0.000000,  0.000000,  0.000000,  0.000000,  0.000000,  0.000000,  0.000000,  0.000000,  0.000000,  0.000000,  0.000000,  0.000000,  0.000000,  0.000000,  0.000000,  0.000000,  0.000000,  0.000000,  0.000000,  0.000000,  0.000000,  0.000000,  0.000000,  0.000000,  0.000000,  0.000000,  0.000000,  0.000000,  0.000000,  0.000000,  0.000000,  0.000000,  0.000000,  0.000000,  0.000000,  0.000000,  0.000000,  0.000000,  0.000000,  0.000000,  0.000000,  0.000000,  0.000000,  0.000000,  0.000000,  0.000000,  0.000000,  0.000000,  0.000000,  0.000000,  0.000000,  0.000000,  0.000000,  0.000000,  0.000000,  0.000000,  0.000000,  0.000000,  0.000000,  0.000000,  0.000000,  0.000000,  0.000000,  0.000000,  0.000000,  0.000000,  0.000000,  0.000000,  0.000000,  0.000000,  0.000000,  0.000000,  0.000000,  0.000000,  0.000000,  0.000000,  0.000000,  0.000000,  0.000000,  0.000000,  0.000000,  0.000000,  0.000000 ]
checksum = 1.000000
Repeated 8 time
f2=0.497536 a2=0.502464
f3=0.166486 a3=0.335978
f4=0.076567 a4=0.259410
f5=0.041917 a5=0.217493
f6=0.025621 a6=0.191872
f7=0.016898 a7=0.174974
f8=0.011783 a8=0.163191
f9=0.008573 a9=0.154618
f10=0.154618
[ 0.497536,  0.166486,  0.076567,  0.041917,  0.025621,  0.016898,  0.011783,  0.008573, 0.154618]
0.154618 == 0.154618

total 92232 nodes
[ 0.000087,  0.495273,  0.168250,  0.080167,  0.034706,  0.028721,  0.017077,  0.014117,  0.011861,  0.149742,  0.000000,  0.000000,  0.000000,  0.000000,  0.000000,  0.000000,  0.000000,  0.000000,  0.000000,  0.000000,  0.000000,  0.000000,  0.000000,  0.000000,  0.000000,  0.000000,  0.000000,  0.000000,  0.000000,  0.000000,  0.000000,  0.000000,  0.000000,  0.000000,  0.000000,  0.000000,  0.000000,  0.000000,  0.000000,  0.000000,  0.000000,  0.000000,  0.000000,  0.000000,  0.000000,  0.000000,  0.000000,  0.000000,  0.000000,  0.000000,  0.000000,  0.000000,  0.000000,  0.000000,  0.000000,  0.000000,  0.000000,  0.000000,  0.000000,  0.000000,  0.000000,  0.000000,  0.000000,  0.000000,  0.000000,  0.000000,  0.000000,  0.000000,  0.000000,  0.000000,  0.000000,  0.000000,  0.000000,  0.000000,  0.000000,  0.000000,  0.000000,  0.000000,  0.000000,  0.000000,  0.000000,  0.000000,  0.000000,  0.000000,  0.000000,  0.000000,  0.000000,  0.000000,  0.000000,  0.000000,  0.000000,  0.000000,  0.000000,  0.000000,  0.000000,  0.000000,  0.000000,  0.000000,  0.000000,  0.000000 ]
checksum = 1.000000
Repeated 9 time
f2=0.497536 a2=0.502464
f3=0.166486 a3=0.335978
f4=0.076567 a4=0.259410
f5=0.041917 a5=0.217493
f6=0.025621 a6=0.191872
f7=0.016898 a7=0.174974
f8=0.011783 a8=0.163191
f9=0.008573 a9=0.154618
f10=0.154618
[ 0.497536,  0.166486,  0.076567,  0.041917,  0.025621,  0.016898,  0.011783,  0.008573, 0.154618]
0.154618 == 0.154618

total 92056 nodes
[ 0.000228,  0.494981,  0.166236,  0.077062,  0.040986,  0.029775,  0.015523,  0.014480,  0.009451,  0.151277,  0.000000,  0.000000,  0.000000,  0.000000,  0.000000,  0.000000,  0.000000,  0.000000,  0.000000,  0.000000,  0.000000,  0.000000,  0.000000,  0.000000,  0.000000,  0.000000,  0.000000,  0.000000,  0.000000,  0.000000,  0.000000,  0.000000,  0.000000,  0.000000,  0.000000,  0.000000,  0.000000,  0.000000,  0.000000,  0.000000,  0.000000,  0.000000,  0.000000,  0.000000,  0.000000,  0.000000,  0.000000,  0.000000,  0.000000,  0.000000,  0.000000,  0.000000,  0.000000,  0.000000,  0.000000,  0.000000,  0.000000,  0.000000,  0.000000,  0.000000,  0.000000,  0.000000,  0.000000,  0.000000,  0.000000,  0.000000,  0.000000,  0.000000,  0.000000,  0.000000,  0.000000,  0.000000,  0.000000,  0.000000,  0.000000,  0.000000,  0.000000,  0.000000,  0.000000,  0.000000,  0.000000,  0.000000,  0.000000,  0.000000,  0.000000,  0.000000,  0.000000,  0.000000,  0.000000,  0.000000,  0.000000,  0.000000,  0.000000,  0.000000,  0.000000,  0.000000,  0.000000,  0.000000,  0.000000,  0.000000 ]
checksum = 1.000000
====================
[ 0.000000,  0.000104,  0.496114,  0.166745,  0.075869,  0.043847,  0.026591,  0.015719,  0.012501,  0.009643,  0.152867,  0.000000,  0.000000,  0.000000,  0.000000,  0.000000,  0.000000,  0.000000,  0.000000,  0.000000,  0.000000,  0.000000,  0.000000,  0.000000,  0.000000,  0.000000,  0.000000,  0.000000,  0.000000,  0.000000,  0.000000,  0.000000,  0.000000,  0.000000,  0.000000,  0.000000,  0.000000,  0.000000,  0.000000,  0.000000,  0.000000,  0.000000,  0.000000,  0.000000,  0.000000,  0.000000,  0.000000,  0.000000,  0.000000,  0.000000,  0.000000,  0.000000,  0.000000,  0.000000,  0.000000,  0.000000,  0.000000,  0.000000,  0.000000,  0.000000,  0.000000,  0.000000,  0.000000,  0.000000,  0.000000,  0.000000,  0.000000,  0.000000,  0.000000,  0.000000,  0.000000,  0.000000,  0.000000,  0.000000,  0.000000,  0.000000,  0.000000,  0.000000,  0.000000,  0.000000,  0.000000,  0.000000,  0.000000,  0.000000,  0.000000,  0.000000,  0.000000,  0.000000,  0.000000,  0.000000,  0.000000,  0.000000,  0.000000,  0.000000,  0.000000,  0.000000,  0.000000,  0.000000,  0.000000,  0.000000,  0.000000 ]
f2=0.497536 a2=0.502464
f3=0.166486 a3=0.335978
f4=0.076567 a4=0.259410
f5=0.041917 a5=0.217493
f6=0.025621 a6=0.191872
f7=0.016898 a7=0.174974
f8=0.011783 a8=0.163191
f9=0.008573 a9=0.154618
f10=0.154618
[ 0.497536,  0.166486,  0.076567,  0.041917,  0.025621,  0.016898,  0.011783,  0.008573, 0.154618]
0.154618 == 0.154618
