Repeated 0 time
f3=0.425392 a3=0.574608
f4=0.195639 a4=0.378969
f5=0.107102 a5=0.271867
f6=0.065465 a6=0.206402
f7=0.043177 a7=0.163225
f8=0.030107 a8=0.133117
f9=0.021906 a9=0.111211
f10=0.016482 a10=0.094729
f11=0.012743 a11=0.081986
f12=0.010075 a12=0.071912
f13=0.008117 a13=0.063795
f14=0.006645 a14=0.057151
f15=0.005515 a15=0.051635
f16=0.004633 a16=0.047002
f17=0.003934 a17=0.043068
f18=0.003371 a18=0.039697
f19=0.002913 a19=0.036784
f20=0.002537 a20=0.034247
f21=0.002223 a21=0.032024
f22=0.001961 a22=0.030063
f23=0.001739 a23=0.028324
f24=0.001550 a24=0.026773
f25=0.001389 a25=0.025385
f26=0.001249 a26=0.024136
f27=0.001128 a27=0.023007
f28=0.001023 a28=0.021985
f29=0.000930 a29=0.021055
f30=0.000849 a30=0.020206
f31=0.000777 a31=0.019429
f32=0.000713 a32=0.018716
f33=0.000656 a33=0.018060
f34=0.000605 a34=0.017455
f35=0.000560 a35=0.016895
f36=0.000519 a36=0.016376
f37=0.000482 a37=0.015894
f38=0.000448 a38=0.015446
f39=0.000418 a39=0.015028
f40=0.000390 a40=0.014637
f41=0.000365 a41=0.014272
f42=0.000342 a42=0.013930
f43=0.000321 a43=0.013609
f44=0.000302 a44=0.013307
f45=0.000284 a45=0.013023
f46=0.000268 a46=0.012756
f47=0.000253 a47=0.012503
f48=0.000239 a48=0.012264
f49=0.000226 a49=0.012039
f50=0.012039
[ 0.425392,  0.195639,  0.107102,  0.065465,  0.043177,  0.030107,  0.021906,  0.016482,  0.012743,  0.010075,  0.008117,  0.006645,  0.005515,  0.004633,  0.003934,  0.003371,  0.002913,  0.002537,  0.002223,  0.001961,  0.001739,  0.001550,  0.001389,  0.001249,  0.001128,  0.001023,  0.000930,  0.000849,  0.000777,  0.000713,  0.000656,  0.000605,  0.000560,  0.000519,  0.000482,  0.000448,  0.000418,  0.000390,  0.000365,  0.000342,  0.000321,  0.000302,  0.000284,  0.000268,  0.000253,  0.000239,  0.000226, 0.012039]
0.012039 == 0.012039

total 91360 nodes
[ 0.000460,  0.007936,  0.418104,  0.195709,  0.107366,  0.064164,  0.042666,  0.034917,  0.019768,  0.015838,  0.014602,  0.006622,  0.007290,  0.008702,  0.003875,  0.005166,  0.002813,  0.002310,  0.005604,  0.002353,  0.002277,  0.001313,  0.002824,  0.001434,  0.001664,  0.001883,  0.001029,  0.000285,  0.000930,  0.000799,  0.000197,  0.001084,  0.000274,  0.000766,  0.000821,  0.000646,  0.000646,  0.001062,  0.000427,  0.000011,  0.000569,  0.000175,  0.000328,  0.000482,  0.000306,  0.000000,  0.000580,  0.000777,  0.000810,  0.009337,  0.000000,  0.000000,  0.000000,  0.000000,  0.000000,  0.000000,  0.000000,  0.000000,  0.000000,  0.000000,  0.000000,  0.000000,  0.000000,  0.000000,  0.000000,  0.000000,  0.000000,  0.000000,  0.000000,  0.000000,  0.000000,  0.000000,  0.000000,  0.000000,  0.000000,  0.000000,  0.000000,  0.000000,  0.000000,  0.000000,  0.000000,  0.000000,  0.000000,  0.000000,  0.000000,  0.000000,  0.000000,  0.000000,  0.000000,  0.000000,  0.000000,  0.000000,  0.000000,  0.000000,  0.000000,  0.000000,  0.000000,  0.000000,  0.000000,  0.000000,  0.000000,  0.000000,  0.000000,  0.000000,  0.000000,  0.000000,  0.000000,  0.000000,  0.000000,  0.000000,  0.000000,  0.000000,  0.000000,  0.000000,  0.000000,  0.000000,  0.000000,  0.000000,  0.000000,  0.000000,  0.000000,  0.000000,  0.000000,  0.000000,  0.000000,  0.000000,  0.000000,  0.000000,  0.000000,  0.000000,  0.000000,  0.000000,  0.000000,  0.000000,  0.000000,  0.000000,  0.000000,  0.000000,  0.000000,  0.000000,  0.000000,  0.000000,  0.000000,  0.000000,  0.000000,  0.000000,  0.000000,  0.000000,  0.000000,  0.000000,  0.000000,  0.000000,  0.000000,  0.000000,  0.000000,  0.000000,  0.000000,  0.000000,  0.000000,  0.000000,  0.000000,  0.000000,  0.000000,  0.000000,  0.000000,  0.000000,  0.000000,  0.000000,  0.000000,  0.000000,  0.000000,  0.000000,  0.000000,  0.000000,  0.000000,  0.000000,  0.000000,  0.000000,  0.000000,  0.000000,  0.000000,  0.000000,  0.000000,  0.000000,  0.000000,  0.000000,  0.000000,  0.000000,  0.000000,  0.000000,  0.000000,  0.000000,  0.000000,  0.000000,  0.000000,  0.000000,  0.000000,  0.000000,  0.000000,  0.000000,  0.000000,  0.000000,  0.000000,  0.000000,  0.000000,  0.000000,  0.000000,  0.000000,  0.000000,  0.000000,  0.000000,  0.000000,  0.000000,  0.000000,  0.000000,  0.000000,  0.000000,  0.000000,  0.000000,  0.000000,  0.000000,  0.000000,  0.000000,  0.000000,  0.000000,  0.000000,  0.000000,  0.000000,  0.000000,  0.000000,  0.000000,  0.000000,  0.000000,  0.000000,  0.000000,  0.000000,  0.000000,  0.000000,  0.000000,  0.000000,  0.000000,  0.000000,  0.000000,  0.000000,  0.000000,  0.000000,  0.000000,  0.000000,  0.000000,  0.000000,  0.000000,  0.000000,  0.000000,  0.000000,  0.000000,  0.000000,  0.000000,  0.000000,  0.000000,  0.000000,  0.000000,  0.000000,  0.000000,  0.000000,  0.000000,  0.000000,  0.000000,  0.000000,  0.000000,  0.000000,  0.000000,  0.000000,  0.000000,  0.000000,  0.000000,  0.000000,  0.000000,  0.000000,  0.000000,  0.000000,  0.000000,  0.000000,  0.000000,  0.000000,  0.000000,  0.000000,  0.000000,  0.000000,  0.000000,  0.000000,  0.000000,  0.000000,  0.000000,  0.000000,  0.000000,  0.000000,  0.000000,  0.000000,  0.000000,  0.000000,  0.000000,  0.000000,  0.000000,  0.000000,  0.000000,  0.000000,  0.000000,  0.000000,  0.000000,  0.000000,  0.000000,  0.000000,  0.000000,  0.000000,  0.000000,  0.000000,  0.000000,  0.000000,  0.000000,  0.000000,  0.000000,  0.000000,  0.000000,  0.000000,  0.000000,  0.000000,  0.000000,  0.000000,  0.000000,  0.000000,  0.000000,  0.000000,  0.000000,  0.000000,  0.000000,  0.000000,  0.000000,  0.000000,  0.000000,  0.000000,  0.000000,  0.000000,  0.000000,  0.000000,  0.000000,  0.000000,  0.000000,  0.000000,  0.000000,  0.000000,  0.000000,  0.000000,  0.000000,  0.000000,  0.000000,  0.000000,  0.000000,  0.000000,  0.000000,  0.000000,  0.000000,  0.000000,  0.000000,  0.000000,  0.000000,  0.000000,  0.000000,  0.000000,  0.000000,  0.000000,  0.000000,  0.000000,  0.000000,  0.000000,  0.000000,  0.000000,  0.000000,  0.000000,  0.000000,  0.000000,  0.000000,  0.000000,  0.000000,  0.000000,  0.000000,  0.000000,  0.000000,  0.000000,  0.000000,  0.000000,  0.000000,  0.000000,  0.000000,  0.000000,  0.000000,  0.000000,  0.000000,  0.000000,  0.000000,  0.000000,  0.000000,  0.000000,  0.000000,  0.000000,  0.000000,  0.000000,  0.000000,  0.000000,  0.000000,  0.000000,  0.000000,  0.000000,  0.000000,  0.000000,  0.000000,  0.000000,  0.000000,  0.000000,  0.000000,  0.000000,  0.000000,  0.000000,  0.000000,  0.000000,  0.000000,  0.000000,  0.000000,  0.000000,  0.000000,  0.000000,  0.000000,  0.000000,  0.000000,  0.000000,  0.000000,  0.000000,  0.000000,  0.000000,  0.000000,  0.000000,  0.000000,  0.000000,  0.000000,  0.000000,  0.000000,  0.000000,  0.000000,  0.000000,  0.000000,  0.000000,  0.000000,  0.000000,  0.000000,  0.000000,  0.000000,  0.000000,  0.000000,  0.000000,  0.000000,  0.000000,  0.000000,  0.000000,  0.000000,  0.000000,  0.000000,  0.000000,  0.000000,  0.000000,  0.000000,  0.000000,  0.000000,  0.000000,  0.000000,  0.000000,  0.000000,  0.000000,  0.000000,  0.000000,  0.000000,  0.000000,  0.000000,  0.000000,  0.000000,  0.000000,  0.000000,  0.000000,  0.000000,  0.000000,  0.000000,  0.000000,  0.000000,  0.000000,  0.000000,  0.000000,  0.000000,  0.000000,  0.000000,  0.000000,  0.000000,  0.000000 ]
checksum = 1.000000
Repeated 1 time
f3=0.425392 a3=0.574608
f4=0.195639 a4=0.378969
f5=0.107102 a5=0.271867
f6=0.065465 a6=0.206402
f7=0.043177 a7=0.163225
f8=0.030107 a8=0.133117
f9=0.021906 a9=0.111211
f10=0.016482 a10=0.094729
f11=0.012743 a11=0.081986
f12=0.010075 a12=0.071912
f13=0.008117 a13=0.063795
f14=0.006645 a14=0.057151
f15=0.005515 a15=0.051635
f16=0.004633 a16=0.047002
f17=0.003934 a17=0.043068
f18=0.003371 a18=0.039697
f19=0.002913 a19=0.036784
f20=0.002537 a20=0.034247
f21=0.002223 a21=0.032024
f22=0.001961 a22=0.030063
f23=0.001739 a23=0.028324
f24=0.001550 a24=0.026773
f25=0.001389 a25=0.025385
f26=0.001249 a26=0.024136
f27=0.001128 a27=0.023007
f28=0.001023 a28=0.021985
f29=0.000930 a29=0.021055
f30=0.000849 a30=0.020206
f31=0.000777 a31=0.019429
f32=0.000713 a32=0.018716
f33=0.000656 a33=0.018060
f34=0.000605 a34=0.017455
f35=0.000560 a35=0.016895
f36=0.000519 a36=0.016376
f37=0.000482 a37=0.015894
f38=0.000448 a38=0.015446
f39=0.000418 a39=0.015028
f40=0.000390 a40=0.014637
f41=0.000365 a41=0.014272
f42=0.000342 a42=0.013930
f43=0.000321 a43=0.013609
f44=0.000302 a44=0.013307
f45=0.000284 a45=0.013023
f46=0.000268 a46=0.012756
f47=0.000253 a47=0.012503
f48=0.000239 a48=0.012264
f49=0.000226 a49=0.012039
f50=0.012039
[ 0.425392,  0.195639,  0.107102,  0.065465,  0.043177,  0.030107,  0.021906,  0.016482,  0.012743,  0.010075,  0.008117,  0.006645,  0.005515,  0.004633,  0.003934,  0.003371,  0.002913,  0.002537,  0.002223,  0.001961,  0.001739,  0.001550,  0.001389,  0.001249,  0.001128,  0.001023,  0.000930,  0.000849,  0.000777,  0.000713,  0.000656,  0.000605,  0.000560,  0.000519,  0.000482,  0.000448,  0.000418,  0.000390,  0.000365,  0.000342,  0.000321,  0.000302,  0.000284,  0.000268,  0.000253,  0.000239,  0.000226, 0.012039]
0.012039 == 0.012039

total 91738 nodes
[ 0.000491,  0.009407,  0.419063,  0.192679,  0.112919,  0.061261,  0.042065,  0.031252,  0.021823,  0.017506,  0.011195,  0.011326,  0.006998,  0.004524,  0.006802,  0.004862,  0.004426,  0.000818,  0.005919,  0.002791,  0.000534,  0.002235,  0.001254,  0.001679,  0.000065,  0.002267,  0.001766,  0.000763,  0.001243,  0.000676,  0.001352,  0.000632,  0.000480,  0.000207,  0.001123,  0.000131,  0.000556,  0.000425,  0.000240,  0.000185,  0.000687,  0.000491,  0.000469,  0.000011,  0.000610,  0.000251,  0.000632,  0.000044,  0.001559,  0.009309,  0.000000,  0.000000,  0.000000,  0.000000,  0.000000,  0.000000,  0.000000,  0.000000,  0.000000,  0.000000,  0.000000,  0.000000,  0.000000,  0.000000,  0.000000,  0.000000,  0.000000,  0.000000,  0.000000,  0.000000,  0.000000,  0.000000,  0.000000,  0.000000,  0.000000,  0.000000,  0.000000,  0.000000,  0.000000,  0.000000,  0.000000,  0.000000,  0.000000,  0.000000,  0.000000,  0.000000,  0.000000,  0.000000,  0.000000,  0.000000,  0.000000,  0.000000,  0.000000,  0.000000,  0.000000,  0.000000,  0.000000,  0.000000,  0.000000,  0.000000,  0.000000,  0.000000,  0.000000,  0.000000,  0.000000,  0.000000,  0.000000,  0.000000,  0.000000,  0.000000,  0.000000,  0.000000,  0.000000,  0.000000,  0.000000,  0.000000,  0.000000,  0.000000,  0.000000,  0.000000,  0.000000,  0.000000,  0.000000,  0.000000,  0.000000,  0.000000,  0.000000,  0.000000,  0.000000,  0.000000,  0.000000,  0.000000,  0.000000,  0.000000,  0.000000,  0.000000,  0.000000,  0.000000,  0.000000,  0.000000,  0.000000,  0.000000,  0.000000,  0.000000,  0.000000,  0.000000,  0.000000,  0.000000,  0.000000,  0.000000,  0.000000,  0.000000,  0.000000,  0.000000,  0.000000,  0.000000,  0.000000,  0.000000,  0.000000,  0.000000,  0.000000,  0.000000,  0.000000,  0.000000,  0.000000,  0.000000,  0.000000,  0.000000,  0.000000,  0.000000,  0.000000,  0.000000,  0.000000,  0.000000,  0.000000,  0.000000,  0.000000,  0.000000,  0.000000,  0.000000,  0.000000,  0.000000,  0.000000,  0.000000,  0.000000,  0.000000,  0.000000,  0.000000,  0.000000,  0.000000,  0.000000,  0.000000,  0.000000,  0.000000,  0.000000,  0.000000,  0.000000,  0.000000,  0.000000,  0.000000,  0.000000,  0.000000,  0.000000,  0.000000,  0.000000,  0.000000,  0.000000,  0.000000,  0.000000,  0.000000,  0.000000,  0.000000,  0.000000,  0.000000,  0.000000,  0.000000,  0.000000,  0.000000,  0.000000,  0.000000,  0.000000,  0.000000,  0.000000,  0.000000,  0.000000,  0.000000,  0.000000,  0.000000,  0.000000,  0.000000,  0.000000,  0.000000,  0.000000,  0.000000,  0.000000,  0.000000,  0.000000,  0.000000,  0.000000,  0.000000,  0.000000,  0.000000,  0.000000,  0.000000,  0.000000,  0.000000,  0.000000,  0.000000,  0.000000,  0.000000,  0.000000,  0.000000,  0.000000,  0.000000,  0.000000,  0.000000,  0.000000,  0.000000,  0.000000,  0.000000,  0.000000,  0.000000,  0.000000,  0.000000,  0.000000,  0.000000,  0.000000,  0.000000,  0.000000,  0.000000,  0.000000,  0.000000,  0.000000,  0.000000,  0.000000,  0.000000,  0.000000,  0.000000,  0.000000,  0.000000,  0.000000,  0.000000,  0.000000,  0.000000,  0.000000,  0.000000,  0.000000,  0.000000,  0.000000,  0.000000,  0.000000,  0.000000,  0.000000,  0.000000,  0.000000,  0.000000,  0.000000,  0.000000,  0.000000,  0.000000,  0.000000,  0.000000,  0.000000,  0.000000,  0.000000,  0.000000,  0.000000,  0.000000,  0.000000,  0.000000,  0.000000,  0.000000,  0.000000,  0.000000,  0.000000,  0.000000,  0.000000,  0.000000,  0.000000,  0.000000,  0.000000,  0.000000,  0.000000,  0.000000,  0.000000,  0.000000,  0.000000,  0.000000,  0.000000,  0.000000,  0.000000,  0.000000,  0.000000,  0.000000,  0.000000,  0.000000,  0.000000,  0.000000,  0.000000,  0.000000,  0.000000,  0.000000,  0.000000,  0.000000,  0.000000,  0.000000,  0.000000,  0.000000,  0.000000,  0.000000,  0.000000,  0.000000,  0.000000,  0.000000,  0.000000,  0.000000,  0.000000,  0.000000,  0.000000,  0.000000,  0.000000,  0.000000,  0.000000,  0.000000,  0.000000,  0.000000,  0.000000,  0.000000,  0.000000,  0.000000,  0.000000,  0.000000,  0.000000,  0.000000,  0.000000,  0.000000,  0.000000,  0.000000,  0.000000,  0.000000,  0.000000,  0.000000,  0.000000,  0.000000,  0.000000,  0.000000,  0.000000,  0.000000,  0.000000,  0.000000,  0.000000,  0.000000,  0.000000,  0.000000,  0.000000,  0.000000,  0.000000,  0.000000,  0.000000,  0.000000,  0.000000,  0.000000,  0.000000,  0.000000,  0.000000,  0.000000,  0.000000,  0.000000,  0.000000,  0.000000,  0.000000,  0.000000,  0.000000,  0.000000,  0.000000,  0.000000,  0.000000,  0.000000,  0.000000,  0.000000,  0.000000,  0.000000,  0.000000,  0.000000,  0.000000,  0.000000,  0.000000,  0.000000,  0.000000,  0.000000,  0.000000,  0.000000,  0.000000,  0.000000,  0.000000,  0.000000,  0.000000,  0.000000,  0.000000,  0.000000,  0.000000,  0.000000,  0.000000,  0.000000,  0.000000,  0.000000,  0.000000,  0.000000,  0.000000,  0.000000,  0.000000,  0.000000,  0.000000,  0.000000,  0.000000,  0.000000,  0.000000,  0.000000,  0.000000,  0.000000,  0.000000,  0.000000,  0.000000,  0.000000,  0.000000,  0.000000,  0.000000,  0.000000,  0.000000,  0.000000,  0.000000,  0.000000,  0.000000,  0.000000,  0.000000,  0.000000,  0.000000,  0.000000,  0.000000,  0.000000,  0.000000,  0.000000,  0.000000,  0.000000,  0.000000,  0.000000,  0.000000,  0.000000,  0.000000,  0.000000,  0.000000,  0.000000,  0.000000,  0.000000,  0.000000,  0.000000,  0.000000,  0.000000,  0.000000,  0.000000 ]
checksum = 1.000000
Repeated 2 time
f3=0.425392 a3=0.574608
f4=0.195639 a4=0.378969
f5=0.107102 a5=0.271867
f6=0.065465 a6=0.206402
f7=0.043177 a7=0.163225
f8=0.030107 a8=0.133117
f9=0.021906 a9=0.111211
f10=0.016482 a10=0.094729
f11=0.012743 a11=0.081986
f12=0.010075 a12=0.071912
f13=0.008117 a13=0.063795
f14=0.006645 a14=0.057151
f15=0.005515 a15=0.051635
f16=0.004633 a16=0.047002
f17=0.003934 a17=0.043068
f18=0.003371 a18=0.039697
f19=0.002913 a19=0.036784
f20=0.002537 a20=0.034247
f21=0.002223 a21=0.032024
f22=0.001961 a22=0.030063
f23=0.001739 a23=0.028324
f24=0.001550 a24=0.026773
f25=0.001389 a25=0.025385
f26=0.001249 a26=0.024136
f27=0.001128 a27=0.023007
f28=0.001023 a28=0.021985
f29=0.000930 a29=0.021055
f30=0.000849 a30=0.020206
f31=0.000777 a31=0.019429
f32=0.000713 a32=0.018716
f33=0.000656 a33=0.018060
f34=0.000605 a34=0.017455
f35=0.000560 a35=0.016895
f36=0.000519 a36=0.016376
f37=0.000482 a37=0.015894
f38=0.000448 a38=0.015446
f39=0.000418 a39=0.015028
f40=0.000390 a40=0.014637
f41=0.000365 a41=0.014272
f42=0.000342 a42=0.013930
f43=0.000321 a43=0.013609
f44=0.000302 a44=0.013307
f45=0.000284 a45=0.013023
f46=0.000268 a46=0.012756
f47=0.000253 a47=0.012503
f48=0.000239 a48=0.012264
f49=0.000226 a49=0.012039
f50=0.012039
[ 0.425392,  0.195639,  0.107102,  0.065465,  0.043177,  0.030107,  0.021906,  0.016482,  0.012743,  0.010075,  0.008117,  0.006645,  0.005515,  0.004633,  0.003934,  0.003371,  0.002913,  0.002537,  0.002223,  0.001961,  0.001739,  0.001550,  0.001389,  0.001249,  0.001128,  0.001023,  0.000930,  0.000849,  0.000777,  0.000713,  0.000656,  0.000605,  0.000560,  0.000519,  0.000482,  0.000448,  0.000418,  0.000390,  0.000365,  0.000342,  0.000321,  0.000302,  0.000284,  0.000268,  0.000253,  0.000239,  0.000226, 0.012039]
0.012039 == 0.012039

total 92174 nodes
[ 0.000325,  0.009005,  0.417439,  0.198603,  0.105214,  0.062556,  0.042507,  0.032786,  0.017087,  0.019669,  0.014625,  0.009363,  0.004752,  0.008658,  0.005934,  0.004296,  0.005023,  0.002701,  0.002550,  0.003765,  0.001909,  0.002387,  0.000087,  0.002311,  0.003309,  0.000835,  0.000282,  0.001931,  0.001215,  0.001248,  0.000043,  0.000098,  0.001009,  0.000456,  0.000738,  0.000380,  0.000141,  0.000325,  0.000336,  0.000922,  0.000119,  0.000445,  0.000315,  0.000542,  0.000477,  0.000054,  0.000369,  0.000835,  0.000011,  0.010014,  0.000000,  0.000000,  0.000000,  0.000000,  0.000000,  0.000000,  0.000000,  0.000000,  0.000000,  0.000000,  0.000000,  0.000000,  0.000000,  0.000000,  0.000000,  0.000000,  0.000000,  0.000000,  0.000000,  0.000000,  0.000000,  0.000000,  0.000000,  0.000000,  0.000000,  0.000000,  0.000000,  0.000000,  0.000000,  0.000000,  0.000000,  0.000000,  0.000000,  0.000000,  0.000000,  0.000000,  0.000000,  0.000000,  0.000000,  0.000000,  0.000000,  0.000000,  0.000000,  0.000000,  0.000000,  0.000000,  0.000000,  0.000000,  0.000000,  0.000000,  0.000000,  0.000000,  0.000000,  0.000000,  0.000000,  0.000000,  0.000000,  0.000000,  0.000000,  0.000000,  0.000000,  0.000000,  0.000000,  0.000000,  0.000000,  0.000000,  0.000000,  0.000000,  0.000000,  0.000000,  0.000000,  0.000000,  0.000000,  0.000000,  0.000000,  0.000000,  0.000000,  0.000000,  0.000000,  0.000000,  0.000000,  0.000000,  0.000000,  0.000000,  0.000000,  0.000000,  0.000000,  0.000000,  0.000000,  0.000000,  0.000000,  0.000000,  0.000000,  0.000000,  0.000000,  0.000000,  0.000000,  0.000000,  0.000000,  0.000000,  0.000000,  0.000000,  0.000000,  0.000000,  0.000000,  0.000000,  0.000000,  0.000000,  0.000000,  0.000000,  0.000000,  0.000000,  0.000000,  0.000000,  0.000000,  0.000000,  0.000000,  0.000000,  0.000000,  0.000000,  0.000000,  0.000000,  0.000000,  0.000000,  0.000000,  0.000000,  0.000000,  0.000000,  0.000000,  0.000000,  0.000000,  0.000000,  0.000000,  0.000000,  0.000000,  0.000000,  0.000000,  0.000000,  0.000000,  0.000000,  0.000000,  0.000000,  0.000000,  0.000000,  0.000000,  0.000000,  0.000000,  0.000000,  0.000000,  0.000000,  0.000000,  0.000000,  0.000000,  0.000000,  0.000000,  0.000000,  0.000000,  0.000000,  0.000000,  0.000000,  0.000000,  0.000000,  0.000000,  0.000000,  0.000000,  0.000000,  0.000000,  0.000000,  0.000000,  0.000000,  0.000000,  0.000000,  0.000000,  0.000000,  0.000000,  0.000000,  0.000000,  0.000000,  0.000000,  0.000000,  0.000000,  0.000000,  0.000000,  0.000000,  0.000000,  0.000000,  0.000000,  0.000000,  0.000000,  0.000000,  0.000000,  0.000000,  0.000000,  0.000000,  0.000000,  0.000000,  0.000000,  0.000000,  0.000000,  0.000000,  0.000000,  0.000000,  0.000000,  0.000000,  0.000000,  0.000000,  0.000000,  0.000000,  0.000000,  0.000000,  0.000000,  0.000000,  0.000000,  0.000000,  0.000000,  0.000000,  0.000000,  0.000000,  0.000000,  0.000000,  0.000000,  0.000000,  0.000000,  0.000000,  0.000000,  0.000000,  0.000000,  0.000000,  0.000000,  0.000000,  0.000000,  0.000000,  0.000000,  0.000000,  0.000000,  0.000000,  0.000000,  0.000000,  0.000000,  0.000000,  0.000000,  0.000000,  0.000000,  0.000000,  0.000000,  0.000000,  0.000000,  0.000000,  0.000000,  0.000000,  0.000000,  0.000000,  0.000000,  0.000000,  0.000000,  0.000000,  0.000000,  0.000000,  0.000000,  0.000000,  0.000000,  0.000000,  0.000000,  0.000000,  0.000000,  0.000000,  0.000000,  0.000000,  0.000000,  0.000000,  0.000000,  0.000000,  0.000000,  0.000000,  0.000000,  0.000000,  0.000000,  0.000000,  0.000000,  0.000000,  0.000000,  0.000000,  0.000000,  0.000000,  0.000000,  0.000000,  0.000000,  0.000000,  0.000000,  0.000000,  0.000000,  0.000000,  0.000000,  0.000000,  0.000000,  0.000000,  0.000000,  0.000000,  0.000000,  0.000000,  0.000000,  0.000000,  0.000000,  0.000000,  0.000000,  0.000000,  0.000000,  0.000000,  0.000000,  0.000000,  0.000000,  0.000000,  0.000000,  0.000000,  0.000000,  0.000000,  0.000000,  0.000000,  0.000000,  0.000000,  0.000000,  0.000000,  0.000000,  0.000000,  0.000000,  0.000000,  0.000000,  0.000000,  0.000000,  0.000000,  0.000000,  0.000000,  0.000000,  0.000000,  0.000000,  0.000000,  0.000000,  0.000000,  0.000000,  0.000000,  0.000000,  0.000000,  0.000000,  0.000000,  0.000000,  0.000000,  0.000000,  0.000000,  0.000000,  0.000000,  0.000000,  0.000000,  0.000000,  0.000000,  0.000000,  0.000000,  0.000000,  0.000000,  0.000000,  0.000000,  0.000000,  0.000000,  0.000000,  0.000000,  0.000000,  0.000000,  0.000000,  0.000000,  0.000000,  0.000000,  0.000000,  0.000000,  0.000000,  0.000000,  0.000000,  0.000000,  0.000000,  0.000000,  0.000000,  0.000000,  0.000000,  0.000000,  0.000000,  0.000000,  0.000000,  0.000000,  0.000000,  0.000000,  0.000000,  0.000000,  0.000000,  0.000000,  0.000000,  0.000000,  0.000000,  0.000000,  0.000000,  0.000000,  0.000000,  0.000000,  0.000000,  0.000000,  0.000000,  0.000000,  0.000000,  0.000000,  0.000000,  0.000000,  0.000000,  0.000000,  0.000000,  0.000000,  0.000000,  0.000000,  0.000000,  0.000000,  0.000000,  0.000000,  0.000000,  0.000000,  0.000000,  0.000000,  0.000000,  0.000000,  0.000000,  0.000000,  0.000000,  0.000000,  0.000000,  0.000000,  0.000000,  0.000000,  0.000000,  0.000000,  0.000000,  0.000000,  0.000000,  0.000000,  0.000000,  0.000000,  0.000000,  0.000000,  0.000000,  0.000000,  0.000000,  0.000000,  0.000000,  0.000000,  0.000000,  0.000000 ]
checksum = 1.000000
Repeated 3 time
f3=0.425392 a3=0.574608
f4=0.195639 a4=0.378969
f5=0.107102 a5=0.271867
f6=0.065465 a6=0.206402
f7=0.043177 a7=0.163225
f8=0.030107 a8=0.133117
f9=0.021906 a9=0.111211
f10=0.016482 a10=0.094729
f11=0.012743 a11=0.081986
f12=0.010075 a12=0.071912
f13=0.008117 a13=0.063795
f14=0.006645 a14=0.057151
f15=0.005515 a15=0.051635
f16=0.004633 a16=0.047002
f17=0.003934 a17=0.043068
f18=0.003371 a18=0.039697
f19=0.002913 a19=0.036784
f20=0.002537 a20=0.034247
f21=0.002223 a21=0.032024
f22=0.001961 a22=0.030063
f23=0.001739 a23=0.028324
f24=0.001550 a24=0.026773
f25=0.001389 a25=0.025385
f26=0.001249 a26=0.024136
f27=0.001128 a27=0.023007
f28=0.001023 a28=0.021985
f29=0.000930 a29=0.021055
f30=0.000849 a30=0.020206
f31=0.000777 a31=0.019429
f32=0.000713 a32=0.018716
f33=0.000656 a33=0.018060
f34=0.000605 a34=0.017455
f35=0.000560 a35=0.016895
f36=0.000519 a36=0.016376
f37=0.000482 a37=0.015894
f38=0.000448 a38=0.015446
f39=0.000418 a39=0.015028
f40=0.000390 a40=0.014637
f41=0.000365 a41=0.014272
f42=0.000342 a42=0.013930
f43=0.000321 a43=0.013609
f44=0.000302 a44=0.013307
f45=0.000284 a45=0.013023
f46=0.000268 a46=0.012756
f47=0.000253 a47=0.012503
f48=0.000239 a48=0.012264
f49=0.000226 a49=0.012039
f50=0.012039
[ 0.425392,  0.195639,  0.107102,  0.065465,  0.043177,  0.030107,  0.021906,  0.016482,  0.012743,  0.010075,  0.008117,  0.006645,  0.005515,  0.004633,  0.003934,  0.003371,  0.002913,  0.002537,  0.002223,  0.001961,  0.001739,  0.001550,  0.001389,  0.001249,  0.001128,  0.001023,  0.000930,  0.000849,  0.000777,  0.000713,  0.000656,  0.000605,  0.000560,  0.000519,  0.000482,  0.000448,  0.000418,  0.000390,  0.000365,  0.000342,  0.000321,  0.000302,  0.000284,  0.000268,  0.000253,  0.000239,  0.000226, 0.012039]
0.012039 == 0.012039

total 91856 nodes
[ 0.000414,  0.009286,  0.418002,  0.193880,  0.110434,  0.063110,  0.045321,  0.029056,  0.018671,  0.019672,  0.010908,  0.009667,  0.009831,  0.006826,  0.004747,  0.003734,  0.002972,  0.004278,  0.002504,  0.001252,  0.003680,  0.002613,  0.001644,  0.001067,  0.002395,  0.001524,  0.000512,  0.001100,  0.000697,  0.000653,  0.001491,  0.000414,  0.000904,  0.000207,  0.000109,  0.000490,  0.001067,  0.000348,  0.001034,  0.000577,  0.000131,  0.000261,  0.000827,  0.000283,  0.000087,  0.000446,  0.000022,  0.000261,  0.000468,  0.010125,  0.000000,  0.000000,  0.000000,  0.000000,  0.000000,  0.000000,  0.000000,  0.000000,  0.000000,  0.000000,  0.000000,  0.000000,  0.000000,  0.000000,  0.000000,  0.000000,  0.000000,  0.000000,  0.000000,  0.000000,  0.000000,  0.000000,  0.000000,  0.000000,  0.000000,  0.000000,  0.000000,  0.000000,  0.000000,  0.000000,  0.000000,  0.000000,  0.000000,  0.000000,  0.000000,  0.000000,  0.000000,  0.000000,  0.000000,  0.000000,  0.000000,  0.000000,  0.000000,  0.000000,  0.000000,  0.000000,  0.000000,  0.000000,  0.000000,  0.000000,  0.000000,  0.000000,  0.000000,  0.000000,  0.000000,  0.000000,  0.000000,  0.000000,  0.000000,  0.000000,  0.000000,  0.000000,  0.000000,  0.000000,  0.000000,  0.000000,  0.000000,  0.000000,  0.000000,  0.000000,  0.000000,  0.000000,  0.000000,  0.000000,  0.000000,  0.000000,  0.000000,  0.000000,  0.000000,  0.000000,  0.000000,  0.000000,  0.000000,  0.000000,  0.000000,  0.000000,  0.000000,  0.000000,  0.000000,  0.000000,  0.000000,  0.000000,  0.000000,  0.000000,  0.000000,  0.000000,  0.000000,  0.000000,  0.000000,  0.000000,  0.000000,  0.000000,  0.000000,  0.000000,  0.000000,  0.000000,  0.000000,  0.000000,  0.000000,  0.000000,  0.000000,  0.000000,  0.000000,  0.000000,  0.000000,  0.000000,  0.000000,  0.000000,  0.000000,  0.000000,  0.000000,  0.000000,  0.000000,  0.000000,  0.000000,  0.000000,  0.000000,  0.000000,  0.000000,  0.000000,  0.000000,  0.000000,  0.000000,  0.000000,  0.000000,  0.000000,  0.000000,  0.000000,  0.000000,  0.000000,  0.000000,  0.000000,  0.000000,  0.000000,  0.000000,  0.000000,  0.000000,  0.000000,  0.000000,  0.000000,  0.000000,  0.000000,  0.000000,  0.000000,  0.000000,  0.000000,  0.000000,  0.000000,  0.000000,  0.000000,  0.000000,  0.000000,  0.000000,  0.000000,  0.000000,  0.000000,  0.000000,  0.000000,  0.000000,  0.000000,  0.000000,  0.000000,  0.000000,  0.000000,  0.000000,  0.000000,  0.000000,  0.000000,  0.000000,  0.000000,  0.000000,  0.000000,  0.000000,  0.000000,  0.000000,  0.000000,  0.000000,  0.000000,  0.000000,  0.000000,  0.000000,  0.000000,  0.000000,  0.000000,  0.000000,  0.000000,  0.000000,  0.000000,  0.000000,  0.000000,  0.000000,  0.000000,  0.000000,  0.000000,  0.000000,  0.000000,  0.000000,  0.000000,  0.000000,  0.000000,  0.000000,  0.000000,  0.000000,  0.000000,  0.000000,  0.000000,  0.000000,  0.000000,  0.000000,  0.000000,  0.000000,  0.000000,  0.000000,  0.000000,  0.000000,  0.000000,  0.000000,  0.000000,  0.000000,  0.000000,  0.000000,  0.000000,  0.000000,  0.000000,  0.000000,  0.000000,  0.000000,  0.000000,  0.000000,  0.000000,  0.000000,  0.000000,  0.000000,  0.000000,  0.000000,  0.000000,  0.000000,  0.000000,  0.000000,  0.000000,  0.000000,  0.000000,  0.000000,  0.000000,  0.000000,  0.000000,  0.000000,  0.000000,  0.000000,  0.000000,  0.000000,  0.000000,  0.000000,  0.000000,  0.000000,  0.000000,  0.000000,  0.000000,  0.000000,  0.000000,  0.000000,  0.000000,  0.000000,  0.000000,  0.000000,  0.000000,  0.000000,  0.000000,  0.000000,  0.000000,  0.000000,  0.000000,  0.000000,  0.000000,  0.000000,  0.000000,  0.000000,  0.000000,  0.000000,  0.000000,  0.000000,  0.000000,  0.000000,  0.000000,  0.000000,  0.000000,  0.000000,  0.000000,  0.000000,  0.000000,  0.000000,  0.000000,  0.000000,  0.000000,  0.000000,  0.000000,  0.000000,  0.000000,  0.000000,  0.000000,  0.000000,  0.000000,  0.000000,  0.000000,  0.000000,  0.000000,  0.000000,  0.000000,  0.000000,  0.000000,  0.000000,  0.000000,  0.000000,  0.000000,  0.000000,  0.000000,  0.000000,  0.000000,  0.000000,  0.000000,  0.000000,  0.000000,  0.000000,  0.000000,  0.000000,  0.000000,  0.000000,  0.000000,  0.000000,  0.000000,  0.000000,  0.000000,  0.000000,  0.000000,  0.000000,  0.000000,  0.000000,  0.000000,  0.000000,  0.000000,  0.000000,  0.000000,  0.000000,  0.000000,  0.000000,  0.000000,  0.000000,  0.000000,  0.000000,  0.000000,  0.000000,  0.000000,  0.000000,  0.000000,  0.000000,  0.000000,  0.000000,  0.000000,  0.000000,  0.000000,  0.000000,  0.000000,  0.000000,  0.000000,  0.000000,  0.000000,  0.000000,  0.000000,  0.000000,  0.000000,  0.000000,  0.000000,  0.000000,  0.000000,  0.000000,  0.000000,  0.000000,  0.000000,  0.000000,  0.000000,  0.000000,  0.000000,  0.000000,  0.000000,  0.000000,  0.000000,  0.000000,  0.000000,  0.000000,  0.000000,  0.000000,  0.000000,  0.000000,  0.000000,  0.000000,  0.000000,  0.000000,  0.000000,  0.000000,  0.000000,  0.000000,  0.000000,  0.000000,  0.000000,  0.000000,  0.000000,  0.000000,  0.000000,  0.000000,  0.000000,  0.000000,  0.000000,  0.000000,  0.000000,  0.000000,  0.000000,  0.000000,  0.000000,  0.000000,  0.000000,  0.000000,  0.000000,  0.000000,  0.000000,  0.000000,  0.000000,  0.000000,  0.000000,  0.000000,  0.000000,  0.000000,  0.000000,  0.000000,  0.000000,  0.000000,  0.000000,  0.000000,  0.000000,  0.000000,  0.000000 ]
checksum = 1.000000
Repeated 4 time
f3=0.425392 a3=0.574608
f4=0.195639 a4=0.378969
f5=0.107102 a5=0.271867
f6=0.065465 a6=0.206402
f7=0.043177 a7=0.163225
f8=0.030107 a8=0.133117
f9=0.021906 a9=0.111211
f10=0.016482 a10=0.094729
f11=0.012743 a11=0.081986
f12=0.010075 a12=0.071912
f13=0.008117 a13=0.063795
f14=0.006645 a14=0.057151
f15=0.005515 a15=0.051635
f16=0.004633 a16=0.047002
f17=0.003934 a17=0.043068
f18=0.003371 a18=0.039697
f19=0.002913 a19=0.036784
f20=0.002537 a20=0.034247
f21=0.002223 a21=0.032024
f22=0.001961 a22=0.030063
f23=0.001739 a23=0.028324
f24=0.001550 a24=0.026773
f25=0.001389 a25=0.025385
f26=0.001249 a26=0.024136
f27=0.001128 a27=0.023007
f28=0.001023 a28=0.021985
f29=0.000930 a29=0.021055
f30=0.000849 a30=0.020206
f31=0.000777 a31=0.019429
f32=0.000713 a32=0.018716
f33=0.000656 a33=0.018060
f34=0.000605 a34=0.017455
f35=0.000560 a35=0.016895
f36=0.000519 a36=0.016376
f37=0.000482 a37=0.015894
f38=0.000448 a38=0.015446
f39=0.000418 a39=0.015028
f40=0.000390 a40=0.014637
f41=0.000365 a41=0.014272
f42=0.000342 a42=0.013930
f43=0.000321 a43=0.013609
f44=0.000302 a44=0.013307
f45=0.000284 a45=0.013023
f46=0.000268 a46=0.012756
f47=0.000253 a47=0.012503
f48=0.000239 a48=0.012264
f49=0.000226 a49=0.012039
f50=0.012039
[ 0.425392,  0.195639,  0.107102,  0.065465,  0.043177,  0.030107,  0.021906,  0.016482,  0.012743,  0.010075,  0.008117,  0.006645,  0.005515,  0.004633,  0.003934,  0.003371,  0.002913,  0.002537,  0.002223,  0.001961,  0.001739,  0.001550,  0.001389,  0.001249,  0.001128,  0.001023,  0.000930,  0.000849,  0.000777,  0.000713,  0.000656,  0.000605,  0.000560,  0.000519,  0.000482,  0.000448,  0.000418,  0.000390,  0.000365,  0.000342,  0.000321,  0.000302,  0.000284,  0.000268,  0.000253,  0.000239,  0.000226, 0.012039]
0.012039 == 0.012039

total 91770 nodes
[ 0.000305,  0.008380,  0.418710,  0.197668,  0.099346,  0.068911,  0.047761,  0.030707,  0.013534,  0.024431,  0.009491,  0.010210,  0.007867,  0.005263,  0.004195,  0.006549,  0.003465,  0.003596,  0.000774,  0.006331,  0.000697,  0.002277,  0.001449,  0.001286,  0.001515,  0.001689,  0.000730,  0.001809,  0.001929,  0.000207,  0.001220,  0.000567,  0.000109,  0.000251,  0.001406,  0.000142,  0.000022,  0.000523,  0.000458,  0.000469,  0.000065,  0.000305,  0.000686,  0.000218,  0.000806,  0.000000,  0.000305,  0.000087,  0.001700,  0.009578,  0.000000,  0.000000,  0.000000,  0.000000,  0.000000,  0.000000,  0.000000,  0.000000,  0.000000,  0.000000,  0.000000,  0.000000,  0.000000,  0.000000,  0.000000,  0.000000,  0.000000,  0.000000,  0.000000,  0.000000,  0.000000,  0.000000,  0.000000,  0.000000,  0.000000,  0.000000,  0.000000,  0.000000,  0.000000,  0.000000,  0.000000,  0.000000,  0.000000,  0.000000,  0.000000,  0.000000,  0.000000,  0.000000,  0.000000,  0.000000,  0.000000,  0.000000,  0.000000,  0.000000,  0.000000,  0.000000,  0.000000,  0.000000,  0.000000,  0.000000,  0.000000,  0.000000,  0.000000,  0.000000,  0.000000,  0.000000,  0.000000,  0.000000,  0.000000,  0.000000,  0.000000,  0.000000,  0.000000,  0.000000,  0.000000,  0.000000,  0.000000,  0.000000,  0.000000,  0.000000,  0.000000,  0.000000,  0.000000,  0.000000,  0.000000,  0.000000,  0.000000,  0.000000,  0.000000,  0.000000,  0.000000,  0.000000,  0.000000,  0.000000,  0.000000,  0.000000,  0.000000,  0.000000,  0.000000,  0.000000,  0.000000,  0.000000,  0.000000,  0.000000,  0.000000,  0.000000,  0.000000,  0.000000,  0.000000,  0.000000,  0.000000,  0.000000,  0.000000,  0.000000,  0.000000,  0.000000,  0.000000,  0.000000,  0.000000,  0.000000,  0.000000,  0.000000,  0.000000,  0.000000,  0.000000,  0.000000,  0.000000,  0.000000,  0.000000,  0.000000,  0.000000,  0.000000,  0.000000,  0.000000,  0.000000,  0.000000,  0.000000,  0.000000,  0.000000,  0.000000,  0.000000,  0.000000,  0.000000,  0.000000,  0.000000,  0.000000,  0.000000,  0.000000,  0.000000,  0.000000,  0.000000,  0.000000,  0.000000,  0.000000,  0.000000,  0.000000,  0.000000,  0.000000,  0.000000,  0.000000,  0.000000,  0.000000,  0.000000,  0.000000,  0.000000,  0.000000,  0.000000,  0.000000,  0.000000,  0.000000,  0.000000,  0.000000,  0.000000,  0.000000,  0.000000,  0.000000,  0.000000,  0.000000,  0.000000,  0.000000,  0.000000,  0.000000,  0.000000,  0.000000,  0.000000,  0.000000,  0.000000,  0.000000,  0.000000,  0.000000,  0.000000,  0.000000,  0.000000,  0.000000,  0.000000,  0.000000,  0.000000,  0.000000,  0.000000,  0.000000,  0.000000,  0.000000,  0.000000,  0.000000,  0.000000,  0.000000,  0.000000,  0.000000,  0.000000,  0.000000,  0.000000,  0.000000,  0.000000,  0.000000,  0.000000,  0.000000,  0.000000,  0.000000,  0.000000,  0.000000,  0.000000,  0.000000,  0.000000,  0.000000,  0.000000,  0.000000,  0.000000,  0.000000,  0.000000,  0.000000,  0.000000,  0.000000,  0.000000,  0.000000,  0.000000,  0.000000,  0.000000,  0.000000,  0.000000,  0.000000,  0.000000,  0.000000,  0.000000,  0.000000,  0.000000,  0.000000,  0.000000,  0.000000,  0.000000,  0.000000,  0.000000,  0.000000,  0.000000,  0.000000,  0.000000,  0.000000,  0.000000,  0.000000,  0.000000,  0.000000,  0.000000,  0.000000,  0.000000,  0.000000,  0.000000,  0.000000,  0.000000,  0.000000,  0.000000,  0.000000,  0.000000,  0.000000,  0.000000,  0.000000,  0.000000,  0.000000,  0.000000,  0.000000,  0.000000,  0.000000,  0.000000,  0.000000,  0.000000,  0.000000,  0.000000,  0.000000,  0.000000,  0.000000,  0.000000,  0.000000,  0.000000,  0.000000,  0.000000,  0.000000,  0.000000,  0.000000,  0.000000,  0.000000,  0.000000,  0.000000,  0.000000,  0.000000,  0.000000,  0.000000,  0.000000,  0.000000,  0.000000,  0.000000,  0.000000,  0.000000,  0.000000,  0.000000,  0.000000,  0.000000,  0.000000,  0.000000,  0.000000,  0.000000,  0.000000,  0.000000,  0.000000,  0.000000,  0.000000,  0.000000,  0.000000,  0.000000,  0.000000,  0.000000,  0.000000,  0.000000,  0.000000,  0.000000,  0.000000,  0.000000,  0.000000,  0.000000,  0.000000,  0.000000,  0.000000,  0.000000,  0.000000,  0.000000,  0.000000,  0.000000,  0.000000,  0.000000,  0.000000,  0.000000,  0.000000,  0.000000,  0.000000,  0.000000,  0.000000,  0.000000,  0.000000,  0.000000,  0.000000,  0.000000,  0.000000,  0.000000,  0.000000,  0.000000,  0.000000,  0.000000,  0.000000,  0.000000,  0.000000,  0.000000,  0.000000,  0.000000,  0.000000,  0.000000,  0.000000,  0.000000,  0.000000,  0.000000,  0.000000,  0.000000,  0.000000,  0.000000,  0.000000,  0.000000,  0.000000,  0.000000,  0.000000,  0.000000,  0.000000,  0.000000,  0.000000,  0.000000,  0.000000,  0.000000,  0.000000,  0.000000,  0.000000,  0.000000,  0.000000,  0.000000,  0.000000,  0.000000,  0.000000,  0.000000,  0.000000,  0.000000,  0.000000,  0.000000,  0.000000,  0.000000,  0.000000,  0.000000,  0.000000,  0.000000,  0.000000,  0.000000,  0.000000,  0.000000,  0.000000,  0.000000,  0.000000,  0.000000,  0.000000,  0.000000,  0.000000,  0.000000,  0.000000,  0.000000,  0.000000,  0.000000,  0.000000,  0.000000,  0.000000,  0.000000,  0.000000,  0.000000,  0.000000,  0.000000,  0.000000,  0.000000,  0.000000,  0.000000,  0.000000,  0.000000,  0.000000,  0.000000,  0.000000,  0.000000,  0.000000,  0.000000,  0.000000,  0.000000,  0.000000,  0.000000,  0.000000,  0.000000,  0.000000,  0.000000,  0.000000,  0.000000,  0.000000,  0.000000 ]
checksum = 1.000000
Repeated 5 time
f3=0.425392 a3=0.574608
f4=0.195639 a4=0.378969
f5=0.107102 a5=0.271867
f6=0.065465 a6=0.206402
f7=0.043177 a7=0.163225
f8=0.030107 a8=0.133117
f9=0.021906 a9=0.111211
f10=0.016482 a10=0.094729
f11=0.012743 a11=0.081986
f12=0.010075 a12=0.071912
f13=0.008117 a13=0.063795
f14=0.006645 a14=0.057151
f15=0.005515 a15=0.051635
f16=0.004633 a16=0.047002
f17=0.003934 a17=0.043068
f18=0.003371 a18=0.039697
f19=0.002913 a19=0.036784
f20=0.002537 a20=0.034247
f21=0.002223 a21=0.032024
f22=0.001961 a22=0.030063
f23=0.001739 a23=0.028324
f24=0.001550 a24=0.026773
f25=0.001389 a25=0.025385
f26=0.001249 a26=0.024136
f27=0.001128 a27=0.023007
f28=0.001023 a28=0.021985
f29=0.000930 a29=0.021055
f30=0.000849 a30=0.020206
f31=0.000777 a31=0.019429
f32=0.000713 a32=0.018716
f33=0.000656 a33=0.018060
f34=0.000605 a34=0.017455
f35=0.000560 a35=0.016895
f36=0.000519 a36=0.016376
f37=0.000482 a37=0.015894
f38=0.000448 a38=0.015446
f39=0.000418 a39=0.015028
f40=0.000390 a40=0.014637
f41=0.000365 a41=0.014272
f42=0.000342 a42=0.013930
f43=0.000321 a43=0.013609
f44=0.000302 a44=0.013307
f45=0.000284 a45=0.013023
f46=0.000268 a46=0.012756
f47=0.000253 a47=0.012503
f48=0.000239 a48=0.012264
f49=0.000226 a49=0.012039
f50=0.012039
[ 0.425392,  0.195639,  0.107102,  0.065465,  0.043177,  0.030107,  0.021906,  0.016482,  0.012743,  0.010075,  0.008117,  0.006645,  0.005515,  0.004633,  0.003934,  0.003371,  0.002913,  0.002537,  0.002223,  0.001961,  0.001739,  0.001550,  0.001389,  0.001249,  0.001128,  0.001023,  0.000930,  0.000849,  0.000777,  0.000713,  0.000656,  0.000605,  0.000560,  0.000519,  0.000482,  0.000448,  0.000418,  0.000390,  0.000365,  0.000342,  0.000321,  0.000302,  0.000284,  0.000268,  0.000253,  0.000239,  0.000226, 0.012039]
0.012039 == 0.012039

total 92554 nodes
[ 0.000421,  0.007498,  0.418545,  0.199181,  0.102027,  0.062569,  0.047659,  0.030825,  0.022668,  0.014251,  0.015375,  0.010740,  0.006537,  0.005791,  0.004451,  0.005197,  0.003522,  0.003155,  0.002183,  0.004008,  0.002885,  0.001729,  0.000691,  0.002680,  0.000605,  0.000713,  0.001858,  0.000378,  0.001253,  0.001297,  0.001188,  0.000108,  0.000702,  0.000022,  0.000281,  0.001675,  0.000346,  0.000562,  0.000227,  0.000303,  0.000140,  0.000486,  0.000335,  0.000573,  0.000140,  0.000249,  0.000324,  0.000324,  0.002172,  0.009151,  0.000000,  0.000000,  0.000000,  0.000000,  0.000000,  0.000000,  0.000000,  0.000000,  0.000000,  0.000000,  0.000000,  0.000000,  0.000000,  0.000000,  0.000000,  0.000000,  0.000000,  0.000000,  0.000000,  0.000000,  0.000000,  0.000000,  0.000000,  0.000000,  0.000000,  0.000000,  0.000000,  0.000000,  0.000000,  0.000000,  0.000000,  0.000000,  0.000000,  0.000000,  0.000000,  0.000000,  0.000000,  0.000000,  0.000000,  0.000000,  0.000000,  0.000000,  0.000000,  0.000000,  0.000000,  0.000000,  0.000000,  0.000000,  0.000000,  0.000000,  0.000000,  0.000000,  0.000000,  0.000000,  0.000000,  0.000000,  0.000000,  0.000000,  0.000000,  0.000000,  0.000000,  0.000000,  0.000000,  0.000000,  0.000000,  0.000000,  0.000000,  0.000000,  0.000000,  0.000000,  0.000000,  0.000000,  0.000000,  0.000000,  0.000000,  0.000000,  0.000000,  0.000000,  0.000000,  0.000000,  0.000000,  0.000000,  0.000000,  0.000000,  0.000000,  0.000000,  0.000000,  0.000000,  0.000000,  0.000000,  0.000000,  0.000000,  0.000000,  0.000000,  0.000000,  0.000000,  0.000000,  0.000000,  0.000000,  0.000000,  0.000000,  0.000000,  0.000000,  0.000000,  0.000000,  0.000000,  0.000000,  0.000000,  0.000000,  0.000000,  0.000000,  0.000000,  0.000000,  0.000000,  0.000000,  0.000000,  0.000000,  0.000000,  0.000000,  0.000000,  0.000000,  0.000000,  0.000000,  0.000000,  0.000000,  0.000000,  0.000000,  0.000000,  0.000000,  0.000000,  0.000000,  0.000000,  0.000000,  0.000000,  0.000000,  0.000000,  0.000000,  0.000000,  0.000000,  0.000000,  0.000000,  0.000000,  0.000000,  0.000000,  0.000000,  0.000000,  0.000000,  0.000000,  0.000000,  0.000000,  0.000000,  0.000000,  0.000000,  0.000000,  0.000000,  0.000000,  0.000000,  0.000000,  0.000000,  0.000000,  0.000000,  0.000000,  0.000000,  0.000000,  0.000000,  0.000000,  0.000000,  0.000000,  0.000000,  0.000000,  0.000000,  0.000000,  0.000000,  0.000000,  0.000000,  0.000000,  0.000000,  0.000000,  0.000000,  0.000000,  0.000000,  0.000000,  0.000000,  0.000000,  0.000000,  0.000000,  0.000000,  0.000000,  0.000000,  0.000000,  0.000000,  0.000000,  0.000000,  0.000000,  0.000000,  0.000000,  0.000000,  0.000000,  0.000000,  0.000000,  0.000000,  0.000000,  0.000000,  0.000000,  0.000000,  0.000000,  0.000000,  0.000000,  0.000000,  0.000000,  0.000000,  0.000000,  0.000000,  0.000000,  0.000000,  0.000000,  0.000000,  0.000000,  0.000000,  0.000000,  0.000000,  0.000000,  0.000000,  0.000000,  0.000000,  0.000000,  0.000000,  0.000000,  0.000000,  0.000000,  0.000000,  0.000000,  0.000000,  0.000000,  0.000000,  0.000000,  0.000000,  0.000000,  0.000000,  0.000000,  0.000000,  0.000000,  0.000000,  0.000000,  0.000000,  0.000000,  0.000000,  0.000000,  0.000000,  0.000000,  0.000000,  0.000000,  0.000000,  0.000000,  0.000000,  0.000000,  0.000000,  0.000000,  0.000000,  0.000000,  0.000000,  0.000000,  0.000000,  0.000000,  0.000000,  0.000000,  0.000000,  0.000000,  0.000000,  0.000000,  0.000000,  0.000000,  0.000000,  0.000000,  0.000000,  0.000000,  0.000000,  0.000000,  0.000000,  0.000000,  0.000000,  0.000000,  0.000000,  0.000000,  0.000000,  0.000000,  0.000000,  0.000000,  0.000000,  0.000000,  0.000000,  0.000000,  0.000000,  0.000000,  0.000000,  0.000000,  0.000000,  0.000000,  0.000000,  0.000000,  0.000000,  0.000000,  0.000000,  0.000000,  0.000000,  0.000000,  0.000000,  0.000000,  0.000000,  0.000000,  0.000000,  0.000000,  0.000000,  0.000000,  0.000000,  0.000000,  0.000000,  0.000000,  0.000000,  0.000000,  0.000000,  0.000000,  0.000000,  0.000000,  0.000000,  0.000000,  0.000000,  0.000000,  0.000000,  0.000000,  0.000000,  0.000000,  0.000000,  0.000000,  0.000000,  0.000000,  0.000000,  0.000000,  0.000000,  0.000000,  0.000000,  0.000000,  0.000000,  0.000000,  0.000000,  0.000000,  0.000000,  0.000000,  0.000000,  0.000000,  0.000000,  0.000000,  0.000000,  0.000000,  0.000000,  0.000000,  0.000000,  0.000000,  0.000000,  0.000000,  0.000000,  0.000000,  0.000000,  0.000000,  0.000000,  0.000000,  0.000000,  0.000000,  0.000000,  0.000000,  0.000000,  0.000000,  0.000000,  0.000000,  0.000000,  0.000000,  0.000000,  0.000000,  0.000000,  0.000000,  0.000000,  0.000000,  0.000000,  0.000000,  0.000000,  0.000000,  0.000000,  0.000000,  0.000000,  0.000000,  0.000000,  0.000000,  0.000000,  0.000000,  0.000000,  0.000000,  0.000000,  0.000000,  0.000000,  0.000000,  0.000000,  0.000000,  0.000000,  0.000000,  0.000000,  0.000000,  0.000000,  0.000000,  0.000000,  0.000000,  0.000000,  0.000000,  0.000000,  0.000000,  0.000000,  0.000000,  0.000000,  0.000000,  0.000000,  0.000000,  0.000000,  0.000000,  0.000000,  0.000000,  0.000000,  0.000000,  0.000000,  0.000000,  0.000000,  0.000000,  0.000000,  0.000000,  0.000000,  0.000000,  0.000000,  0.000000,  0.000000,  0.000000,  0.000000,  0.000000,  0.000000,  0.000000,  0.000000,  0.000000,  0.000000,  0.000000,  0.000000,  0.000000,  0.000000,  0.000000 ]
checksum = 1.000000
Repeated 6 time
f3=0.425392 a3=0.574608
f4=0.195639 a4=0.378969
f5=0.107102 a5=0.271867
f6=0.065465 a6=0.206402
f7=0.043177 a7=0.163225
f8=0.030107 a8=0.133117
f9=0.021906 a9=0.111211
f10=0.016482 a10=0.094729
f11=0.012743 a11=0.081986
f12=0.010075 a12=0.071912
f13=0.008117 a13=0.063795
f14=0.006645 a14=0.057151
f15=0.005515 a15=0.051635
f16=0.004633 a16=0.047002
f17=0.003934 a17=0.043068
f18=0.003371 a18=0.039697
f19=0.002913 a19=0.036784
f20=0.002537 a20=0.034247
f21=0.002223 a21=0.032024
f22=0.001961 a22=0.030063
f23=0.001739 a23=0.028324
f24=0.001550 a24=0.026773
f25=0.001389 a25=0.025385
f26=0.001249 a26=0.024136
f27=0.001128 a27=0.023007
f28=0.001023 a28=0.021985
f29=0.000930 a29=0.021055
f30=0.000849 a30=0.020206
f31=0.000777 a31=0.019429
f32=0.000713 a32=0.018716
f33=0.000656 a33=0.018060
f34=0.000605 a34=0.017455
f35=0.000560 a35=0.016895
f36=0.000519 a36=0.016376
f37=0.000482 a37=0.015894
f38=0.000448 a38=0.015446
f39=0.000418 a39=0.015028
f40=0.000390 a40=0.014637
f41=0.000365 a41=0.014272
f42=0.000342 a42=0.013930
f43=0.000321 a43=0.013609
f44=0.000302 a44=0.013307
f45=0.000284 a45=0.013023
f46=0.000268 a46=0.012756
f47=0.000253 a47=0.012503
f48=0.000239 a48=0.012264
f49=0.000226 a49=0.012039
f50=0.012039
[ 0.425392,  0.195639,  0.107102,  0.065465,  0.043177,  0.030107,  0.021906,  0.016482,  0.012743,  0.010075,  0.008117,  0.006645,  0.005515,  0.004633,  0.003934,  0.003371,  0.002913,  0.002537,  0.002223,  0.001961,  0.001739,  0.001550,  0.001389,  0.001249,  0.001128,  0.001023,  0.000930,  0.000849,  0.000777,  0.000713,  0.000656,  0.000605,  0.000560,  0.000519,  0.000482,  0.000448,  0.000418,  0.000390,  0.000365,  0.000342,  0.000321,  0.000302,  0.000284,  0.000268,  0.000253,  0.000239,  0.000226, 0.012039]
0.012039 == 0.012039

total 92364 nodes
[ 0.000379,  0.008770,  0.414685,  0.198865,  0.108841,  0.061485,  0.045700,  0.028550,  0.024966,  0.013360,  0.013772,  0.012202,  0.006442,  0.005532,  0.006128,  0.003908,  0.004504,  0.000476,  0.005630,  0.001678,  0.002988,  0.000888,  0.003194,  0.001743,  0.000595,  0.000985,  0.000595,  0.001061,  0.002241,  0.000747,  0.000531,  0.000368,  0.002025,  0.000022,  0.000130,  0.000411,  0.001397,  0.000195,  0.000747,  0.000011,  0.000357,  0.000390,  0.000433,  0.000130,  0.000184,  0.000368,  0.000574,  0.000292,  0.000812,  0.009712,  0.000000,  0.000000,  0.000000,  0.000000,  0.000000,  0.000000,  0.000000,  0.000000,  0.000000,  0.000000,  0.000000,  0.000000,  0.000000,  0.000000,  0.000000,  0.000000,  0.000000,  0.000000,  0.000000,  0.000000,  0.000000,  0.000000,  0.000000,  0.000000,  0.000000,  0.000000,  0.000000,  0.000000,  0.000000,  0.000000,  0.000000,  0.000000,  0.000000,  0.000000,  0.000000,  0.000000,  0.000000,  0.000000,  0.000000,  0.000000,  0.000000,  0.000000,  0.000000,  0.000000,  0.000000,  0.000000,  0.000000,  0.000000,  0.000000,  0.000000,  0.000000,  0.000000,  0.000000,  0.000000,  0.000000,  0.000000,  0.000000,  0.000000,  0.000000,  0.000000,  0.000000,  0.000000,  0.000000,  0.000000,  0.000000,  0.000000,  0.000000,  0.000000,  0.000000,  0.000000,  0.000000,  0.000000,  0.000000,  0.000000,  0.000000,  0.000000,  0.000000,  0.000000,  0.000000,  0.000000,  0.000000,  0.000000,  0.000000,  0.000000,  0.000000,  0.000000,  0.000000,  0.000000,  0.000000,  0.000000,  0.000000,  0.000000,  0.000000,  0.000000,  0.000000,  0.000000,  0.000000,  0.000000,  0.000000,  0.000000,  0.000000,  0.000000,  0.000000,  0.000000,  0.000000,  0.000000,  0.000000,  0.000000,  0.000000,  0.000000,  0.000000,  0.000000,  0.000000,  0.000000,  0.000000,  0.000000,  0.000000,  0.000000,  0.000000,  0.000000,  0.000000,  0.000000,  0.000000,  0.000000,  0.000000,  0.000000,  0.000000,  0.000000,  0.000000,  0.000000,  0.000000,  0.000000,  0.000000,  0.000000,  0.000000,  0.000000,  0.000000,  0.000000,  0.000000,  0.000000,  0.000000,  0.000000,  0.000000,  0.000000,  0.000000,  0.000000,  0.000000,  0.000000,  0.000000,  0.000000,  0.000000,  0.000000,  0.000000,  0.000000,  0.000000,  0.000000,  0.000000,  0.000000,  0.000000,  0.000000,  0.000000,  0.000000,  0.000000,  0.000000,  0.000000,  0.000000,  0.000000,  0.000000,  0.000000,  0.000000,  0.000000,  0.000000,  0.000000,  0.000000,  0.000000,  0.000000,  0.000000,  0.000000,  0.000000,  0.000000,  0.000000,  0.000000,  0.000000,  0.000000,  0.000000,  0.000000,  0.000000,  0.000000,  0.000000,  0.000000,  0.000000,  0.000000,  0.000000,  0.000000,  0.000000,  0.000000,  0.000000,  0.000000,  0.000000,  0.000000,  0.000000,  0.000000,  0.000000,  0.000000,  0.000000,  0.000000,  0.000000,  0.000000,  0.000000,  0.000000,  0.000000,  0.000000,  0.000000,  0.000000,  0.000000,  0.000000,  0.000000,  0.000000,  0.000000,  0.000000,  0.000000,  0.000000,  0.000000,  0.000000,  0.000000,  0.000000,  0.000000,  0.000000,  0.000000,  0.000000,  0.000000,  0.000000,  0.000000,  0.000000,  0.000000,  0.000000,  0.000000,  0.000000,  0.000000,  0.000000,  0.000000,  0.000000,  0.000000,  0.000000,  0.000000,  0.000000,  0.000000,  0.000000,  0.000000,  0.000000,  0.000000,  0.000000,  0.000000,  0.000000,  0.000000,  0.000000,  0.000000,  0.000000,  0.000000,  0.000000,  0.000000,  0.000000,  0.000000,  0.000000,  0.000000,  0.000000,  0.000000,  0.000000,  0.000000,  0.000000,  0.000000,  0.000000,  0.000000,  0.000000,  0.000000,  0.000000,  0.000000,  0.000000,  0.000000,  0.000000,  0.000000,  0.000000,  0.000000,  0.000000,  0.000000,  0.000000,  0.000000,  0.000000,  0.000000,  0.000000,  0.000000,  0.000000,  0.000000,  0.000000,  0.000000,  0.000000,  0.000000,  0.000000,  0.000000,  0.000000,  0.000000,  0.000000,  0.000000,  0.000000,  0.000000,  0.000000,  0.000000,  0.000000,  0.000000,  0.000000,  0.000000,  0.000000,  0.000000,  0.000000,  0.000000,  0.000000,  0.000000,  0.000000,  0.000000,  0.000000,  0.000000,  0.000000,  0.000000,  0.000000,  0.000000,  0.000000,  0.000000,  0.000000,  0.000000,  0.000000,  0.000000,  0.000000,  0.000000,  0.000000,  0.000000,  0.000000,  0.000000,  0.000000,  0.000000,  0.000000,  0.000000,  0.000000,  0.000000,  0.000000,  0.000000,  0.000000,  0.000000,  0.000000,  0.000000,  0.000000,  0.000000,  0.000000,  0.000000,  0.000000,  0.000000,  0.000000,  0.000000,  0.000000,  0.000000,  0.000000,  0.000000,  0.000000,  0.000000,  0.000000,  0.000000,  0.000000,  0.000000,  0.000000,  0.000000,  0.000000,  0.000000,  0.000000,  0.000000,  0.000000,  0.000000,  0.000000,  0.000000,  0.000000,  0.000000,  0.000000,  0.000000,  0.000000,  0.000000,  0.000000,  0.000000,  0.000000,  0.000000,  0.000000,  0.000000,  0.000000,  0.000000,  0.000000,  0.000000,  0.000000,  0.000000,  0.000000,  0.000000,  0.000000,  0.000000,  0.000000,  0.000000,  0.000000,  0.000000,  0.000000,  0.000000,  0.000000,  0.000000,  0.000000,  0.000000,  0.000000,  0.000000,  0.000000,  0.000000,  0.000000,  0.000000,  0.000000,  0.000000,  0.000000,  0.000000,  0.000000,  0.000000,  0.000000,  0.000000,  0.000000,  0.000000,  0.000000,  0.000000,  0.000000,  0.000000,  0.000000,  0.000000,  0.000000,  0.000000,  0.000000,  0.000000,  0.000000,  0.000000,  0.000000,  0.000000,  0.000000,  0.000000,  0.000000,  0.000000,  0.000000,  0.000000,  0.000000,  0.000000,  0.000000,  0.000000,  0.000000 ]
checksum = 1.000000
Repeated 7 time
f3=0.425392 a3=0.574608
f4=0.195639 a4=0.378969
f5=0.107102 a5=0.271867
f6=0.065465 a6=0.206402
f7=0.043177 a7=0.163225
f8=0.030107 a8=0.133117
f9=0.021906 a9=0.111211
f10=0.016482 a10=0.094729
f11=0.012743 a11=0.081986
f12=0.010075 a12=0.071912
f13=0.008117 a13=0.063795
f14=0.006645 a14=0.057151
f15=0.005515 a15=0.051635
f16=0.004633 a16=0.047002
f17=0.003934 a17=0.043068
f18=0.003371 a18=0.039697
f19=0.002913 a19=0.036784
f20=0.002537 a20=0.034247
f21=0.002223 a21=0.032024
f22=0.001961 a22=0.030063
f23=0.001739 a23=0.028324
f24=0.001550 a24=0.026773
f25=0.001389 a25=0.025385
f26=0.001249 a26=0.024136
f27=0.001128 a27=0.023007
f28=0.001023 a28=0.021985
f29=0.000930 a29=0.021055
f30=0.000849 a30=0.020206
f31=0.000777 a31=0.019429
f32=0.000713 a32=0.018716
f33=0.000656 a33=0.018060
f34=0.000605 a34=0.017455
f35=0.000560 a35=0.016895
f36=0.000519 a36=0.016376
f37=0.000482 a37=0.015894
f38=0.000448 a38=0.015446
f39=0.000418 a39=0.015028
f40=0.000390 a40=0.014637
f41=0.000365 a41=0.014272
f42=0.000342 a42=0.013930
f43=0.000321 a43=0.013609
f44=0.000302 a44=0.013307
f45=0.000284 a45=0.013023
f46=0.000268 a46=0.012756
f47=0.000253 a47=0.012503
f48=0.000239 a48=0.012264
f49=0.000226 a49=0.012039
f50=0.012039
[ 0.425392,  0.195639,  0.107102,  0.065465,  0.043177,  0.030107,  0.021906,  0.016482,  0.012743,  0.010075,  0.008117,  0.006645,  0.005515,  0.004633,  0.003934,  0.003371,  0.002913,  0.002537,  0.002223,  0.001961,  0.001739,  0.001550,  0.001389,  0.001249,  0.001128,  0.001023,  0.000930,  0.000849,  0.000777,  0.000713,  0.000656,  0.000605,  0.000560,  0.000519,  0.000482,  0.000448,  0.000418,  0.000390,  0.000365,  0.000342,  0.000321,  0.000302,  0.000284,  0.000268,  0.000253,  0.000239,  0.000226, 0.012039]
0.012039 == 0.012039

total 91529 nodes
[ 0.000295,  0.008839,  0.416229,  0.201696,  0.101345,  0.065629,  0.047089,  0.019557,  0.030570,  0.016596,  0.013996,  0.010172,  0.004906,  0.007102,  0.005583,  0.003234,  0.006249,  0.000339,  0.003168,  0.002557,  0.002677,  0.002764,  0.001715,  0.000918,  0.002600,  0.001344,  0.000940,  0.001672,  0.000044,  0.000481,  0.000787,  0.000328,  0.001246,  0.000481,  0.000612,  0.001158,  0.001082,  0.000022,  0.000590,  0.000044,  0.000677,  0.000404,  0.000055,  0.000710,  0.000120,  0.000120,  0.000240,  0.000120,  0.003059,  0.007845,  0.000000,  0.000000,  0.000000,  0.000000,  0.000000,  0.000000,  0.000000,  0.000000,  0.000000,  0.000000,  0.000000,  0.000000,  0.000000,  0.000000,  0.000000,  0.000000,  0.000000,  0.000000,  0.000000,  0.000000,  0.000000,  0.000000,  0.000000,  0.000000,  0.000000,  0.000000,  0.000000,  0.000000,  0.000000,  0.000000,  0.000000,  0.000000,  0.000000,  0.000000,  0.000000,  0.000000,  0.000000,  0.000000,  0.000000,  0.000000,  0.000000,  0.000000,  0.000000,  0.000000,  0.000000,  0.000000,  0.000000,  0.000000,  0.000000,  0.000000,  0.000000,  0.000000,  0.000000,  0.000000,  0.000000,  0.000000,  0.000000,  0.000000,  0.000000,  0.000000,  0.000000,  0.000000,  0.000000,  0.000000,  0.000000,  0.000000,  0.000000,  0.000000,  0.000000,  0.000000,  0.000000,  0.000000,  0.000000,  0.000000,  0.000000,  0.000000,  0.000000,  0.000000,  0.000000,  0.000000,  0.000000,  0.000000,  0.000000,  0.000000,  0.000000,  0.000000,  0.000000,  0.000000,  0.000000,  0.000000,  0.000000,  0.000000,  0.000000,  0.000000,  0.000000,  0.000000,  0.000000,  0.000000,  0.000000,  0.000000,  0.000000,  0.000000,  0.000000,  0.000000,  0.000000,  0.000000,  0.000000,  0.000000,  0.000000,  0.000000,  0.000000,  0.000000,  0.000000,  0.000000,  0.000000,  0.000000,  0.000000,  0.000000,  0.000000,  0.000000,  0.000000,  0.000000,  0.000000,  0.000000,  0.000000,  0.000000,  0.000000,  0.000000,  0.000000,  0.000000,  0.000000,  0.000000,  0.000000,  0.000000,  0.000000,  0.000000,  0.000000,  0.000000,  0.000000,  0.000000,  0.000000,  0.000000,  0.000000,  0.000000,  0.000000,  0.000000,  0.000000,  0.000000,  0.000000,  0.000000,  0.000000,  0.000000,  0.000000,  0.000000,  0.000000,  0.000000,  0.000000,  0.000000,  0.000000,  0.000000,  0.000000,  0.000000,  0.000000,  0.000000,  0.000000,  0.000000,  0.000000,  0.000000,  0.000000,  0.000000,  0.000000,  0.000000,  0.000000,  0.000000,  0.000000,  0.000000,  0.000000,  0.000000,  0.000000,  0.000000,  0.000000,  0.000000,  0.000000,  0.000000,  0.000000,  0.000000,  0.000000,  0.000000,  0.000000,  0.000000,  0.000000,  0.000000,  0.000000,  0.000000,  0.000000,  0.000000,  0.000000,  0.000000,  0.000000,  0.000000,  0.000000,  0.000000,  0.000000,  0.000000,  0.000000,  0.000000,  0.000000,  0.000000,  0.000000,  0.000000,  0.000000,  0.000000,  0.000000,  0.000000,  0.000000,  0.000000,  0.000000,  0.000000,  0.000000,  0.000000,  0.000000,  0.000000,  0.000000,  0.000000,  0.000000,  0.000000,  0.000000,  0.000000,  0.000000,  0.000000,  0.000000,  0.000000,  0.000000,  0.000000,  0.000000,  0.000000,  0.000000,  0.000000,  0.000000,  0.000000,  0.000000,  0.000000,  0.000000,  0.000000,  0.000000,  0.000000,  0.000000,  0.000000,  0.000000,  0.000000,  0.000000,  0.000000,  0.000000,  0.000000,  0.000000,  0.000000,  0.000000,  0.000000,  0.000000,  0.000000,  0.000000,  0.000000,  0.000000,  0.000000,  0.000000,  0.000000,  0.000000,  0.000000,  0.000000,  0.000000,  0.000000,  0.000000,  0.000000,  0.000000,  0.000000,  0.000000,  0.000000,  0.000000,  0.000000,  0.000000,  0.000000,  0.000000,  0.000000,  0.000000,  0.000000,  0.000000,  0.000000,  0.000000,  0.000000,  0.000000,  0.000000,  0.000000,  0.000000,  0.000000,  0.000000,  0.000000,  0.000000,  0.000000,  0.000000,  0.000000,  0.000000,  0.000000,  0.000000,  0.000000,  0.000000,  0.000000,  0.000000,  0.000000,  0.000000,  0.000000,  0.000000,  0.000000,  0.000000,  0.000000,  0.000000,  0.000000,  0.000000,  0.000000,  0.000000,  0.000000,  0.000000,  0.000000,  0.000000,  0.000000,  0.000000,  0.000000,  0.000000,  0.000000,  0.000000,  0.000000,  0.000000,  0.000000,  0.000000,  0.000000,  0.000000,  0.000000,  0.000000,  0.000000,  0.000000,  0.000000,  0.000000,  0.000000,  0.000000,  0.000000,  0.000000,  0.000000,  0.000000,  0.000000,  0.000000,  0.000000,  0.000000,  0.000000,  0.000000,  0.000000,  0.000000,  0.000000,  0.000000,  0.000000,  0.000000,  0.000000,  0.000000,  0.000000,  0.000000,  0.000000,  0.000000,  0.000000,  0.000000,  0.000000,  0.000000,  0.000000,  0.000000,  0.000000,  0.000000,  0.000000,  0.000000,  0.000000,  0.000000,  0.000000,  0.000000,  0.000000,  0.000000,  0.000000,  0.000000,  0.000000,  0.000000,  0.000000,  0.000000,  0.000000,  0.000000,  0.000000,  0.000000,  0.000000,  0.000000,  0.000000,  0.000000,  0.000000,  0.000000,  0.000000,  0.000000,  0.000000,  0.000000,  0.000000,  0.000000,  0.000000,  0.000000,  0.000000,  0.000000,  0.000000,  0.000000,  0.000000,  0.000000,  0.000000,  0.000000,  0.000000,  0.000000,  0.000000,  0.000000,  0.000000,  0.000000,  0.000000,  0.000000,  0.000000,  0.000000,  0.000000,  0.000000,  0.000000,  0.000000,  0.000000,  0.000000,  0.000000,  0.000000,  0.000000,  0.000000,  0.000000,  0.000000,  0.000000,  0.000000,  0.000000,  0.000000,  0.000000,  0.000000,  0.000000,  0.000000,  0.000000,  0.000000,  0.000000,  0.000000,  0.000000,  0.000000,  0.000000 ]
checksum = 1.000000
Repeated 8 time
f3=0.425392 a3=0.574608
f4=0.195639 a4=0.378969
f5=0.107102 a5=0.271867
f6=0.065465 a6=0.206402
f7=0.043177 a7=0.163225
f8=0.030107 a8=0.133117
f9=0.021906 a9=0.111211
f10=0.016482 a10=0.094729
f11=0.012743 a11=0.081986
f12=0.010075 a12=0.071912
f13=0.008117 a13=0.063795
f14=0.006645 a14=0.057151
f15=0.005515 a15=0.051635
f16=0.004633 a16=0.047002
f17=0.003934 a17=0.043068
f18=0.003371 a18=0.039697
f19=0.002913 a19=0.036784
f20=0.002537 a20=0.034247
f21=0.002223 a21=0.032024
f22=0.001961 a22=0.030063
f23=0.001739 a23=0.028324
f24=0.001550 a24=0.026773
f25=0.001389 a25=0.025385
f26=0.001249 a26=0.024136
f27=0.001128 a27=0.023007
f28=0.001023 a28=0.021985
f29=0.000930 a29=0.021055
f30=0.000849 a30=0.020206
f31=0.000777 a31=0.019429
f32=0.000713 a32=0.018716
f33=0.000656 a33=0.018060
f34=0.000605 a34=0.017455
f35=0.000560 a35=0.016895
f36=0.000519 a36=0.016376
f37=0.000482 a37=0.015894
f38=0.000448 a38=0.015446
f39=0.000418 a39=0.015028
f40=0.000390 a40=0.014637
f41=0.000365 a41=0.014272
f42=0.000342 a42=0.013930
f43=0.000321 a43=0.013609
f44=0.000302 a44=0.013307
f45=0.000284 a45=0.013023
f46=0.000268 a46=0.012756
f47=0.000253 a47=0.012503
f48=0.000239 a48=0.012264
f49=0.000226 a49=0.012039
f50=0.012039
[ 0.425392,  0.195639,  0.107102,  0.065465,  0.043177,  0.030107,  0.021906,  0.016482,  0.012743,  0.010075,  0.008117,  0.006645,  0.005515,  0.004633,  0.003934,  0.003371,  0.002913,  0.002537,  0.002223,  0.001961,  0.001739,  0.001550,  0.001389,  0.001249,  0.001128,  0.001023,  0.000930,  0.000849,  0.000777,  0.000713,  0.000656,  0.000605,  0.000560,  0.000519,  0.000482,  0.000448,  0.000418,  0.000390,  0.000365,  0.000342,  0.000321,  0.000302,  0.000284,  0.000268,  0.000253,  0.000239,  0.000226, 0.012039]
0.012039 == 0.012039

total 92062 nodes
[ 0.000532,  0.009027,  0.421922,  0.190980,  0.107178,  0.065966,  0.045067,  0.028883,  0.021203,  0.015435,  0.013241,  0.008994,  0.007408,  0.008940,  0.002411,  0.003226,  0.007050,  0.001260,  0.002857,  0.004845,  0.002466,  0.002248,  0.000054,  0.000641,  0.004703,  0.000804,  0.000054,  0.001075,  0.000717,  0.002020,  0.000065,  0.001151,  0.000445,  0.001532,  0.000272,  0.000554,  0.000033,  0.000152,  0.001032,  0.000022,  0.001249,  0.000109,  0.000163,  0.000087,  0.000054,  0.000293,  0.000608,  0.000369,  0.001065,  0.009537,  0.000000,  0.000000,  0.000000,  0.000000,  0.000000,  0.000000,  0.000000,  0.000000,  0.000000,  0.000000,  0.000000,  0.000000,  0.000000,  0.000000,  0.000000,  0.000000,  0.000000,  0.000000,  0.000000,  0.000000,  0.000000,  0.000000,  0.000000,  0.000000,  0.000000,  0.000000,  0.000000,  0.000000,  0.000000,  0.000000,  0.000000,  0.000000,  0.000000,  0.000000,  0.000000,  0.000000,  0.000000,  0.000000,  0.000000,  0.000000,  0.000000,  0.000000,  0.000000,  0.000000,  0.000000,  0.000000,  0.000000,  0.000000,  0.000000,  0.000000,  0.000000,  0.000000,  0.000000,  0.000000,  0.000000,  0.000000,  0.000000,  0.000000,  0.000000,  0.000000,  0.000000,  0.000000,  0.000000,  0.000000,  0.000000,  0.000000,  0.000000,  0.000000,  0.000000,  0.000000,  0.000000,  0.000000,  0.000000,  0.000000,  0.000000,  0.000000,  0.000000,  0.000000,  0.000000,  0.000000,  0.000000,  0.000000,  0.000000,  0.000000,  0.000000,  0.000000,  0.000000,  0.000000,  0.000000,  0.000000,  0.000000,  0.000000,  0.000000,  0.000000,  0.000000,  0.000000,  0.000000,  0.000000,  0.000000,  0.000000,  0.000000,  0.000000,  0.000000,  0.000000,  0.000000,  0.000000,  0.000000,  0.000000,  0.000000,  0.000000,  0.000000,  0.000000,  0.000000,  0.000000,  0.000000,  0.000000,  0.000000,  0.000000,  0.000000,  0.000000,  0.000000,  0.000000,  0.000000,  0.000000,  0.000000,  0.000000,  0.000000,  0.000000,  0.000000,  0.000000,  0.000000,  0.000000,  0.000000,  0.000000,  0.000000,  0.000000,  0.000000,  0.000000,  0.000000,  0.000000,  0.000000,  0.000000,  0.000000,  0.000000,  0.000000,  0.000000,  0.000000,  0.000000,  0.000000,  0.000000,  0.000000,  0.000000,  0.000000,  0.000000,  0.000000,  0.000000,  0.000000,  0.000000,  0.000000,  0.000000,  0.000000,  0.000000,  0.000000,  0.000000,  0.000000,  0.000000,  0.000000,  0.000000,  0.000000,  0.000000,  0.000000,  0.000000,  0.000000,  0.000000,  0.000000,  0.000000,  0.000000,  0.000000,  0.000000,  0.000000,  0.000000,  0.000000,  0.000000,  0.000000,  0.000000,  0.000000,  0.000000,  0.000000,  0.000000,  0.000000,  0.000000,  0.000000,  0.000000,  0.000000,  0.000000,  0.000000,  0.000000,  0.000000,  0.000000,  0.000000,  0.000000,  0.000000,  0.000000,  0.000000,  0.000000,  0.000000,  0.000000,  0.000000,  0.000000,  0.000000,  0.000000,  0.000000,  0.000000,  0.000000,  0.000000,  0.000000,  0.000000,  0.000000,  0.000000,  0.000000,  0.000000,  0.000000,  0.000000,  0.000000,  0.000000,  0.000000,  0.000000,  0.000000,  0.000000,  0.000000,  0.000000,  0.000000,  0.000000,  0.000000,  0.000000,  0.000000,  0.000000,  0.000000,  0.000000,  0.000000,  0.000000,  0.000000,  0.000000,  0.000000,  0.000000,  0.000000,  0.000000,  0.000000,  0.000000,  0.000000,  0.000000,  0.000000,  0.000000,  0.000000,  0.000000,  0.000000,  0.000000,  0.000000,  0.000000,  0.000000,  0.000000,  0.000000,  0.000000,  0.000000,  0.000000,  0.000000,  0.000000,  0.000000,  0.000000,  0.000000,  0.000000,  0.000000,  0.000000,  0.000000,  0.000000,  0.000000,  0.000000,  0.000000,  0.000000,  0.000000,  0.000000,  0.000000,  0.000000,  0.000000,  0.000000,  0.000000,  0.000000,  0.000000,  0.000000,  0.000000,  0.000000,  0.000000,  0.000000,  0.000000,  0.000000,  0.000000,  0.000000,  0.000000,  0.000000,  0.000000,  0.000000,  0.000000,  0.000000,  0.000000,  0.000000,  0.000000,  0.000000,  0.000000,  0.000000,  0.000000,  0.000000,  0.000000,  0.000000,  0.000000,  0.000000,  0.000000,  0.000000,  0.000000,  0.000000,  0.000000,  0.000000,  0.000000,  0.000000,  0.000000,  0.000000,  0.000000,  0.000000,  0.000000,  0.000000,  0.000000,  0.000000,  0.000000,  0.000000,  0.000000,  0.000000,  0.000000,  0.000000,  0.000000,  0.000000,  0.000000,  0.000000,  0.000000,  0.000000,  0.000000,  0.000000,  0.000000,  0.000000,  0.000000,  0.000000,  0.000000,  0.000000,  0.000000,  0.000000,  0.000000,  0.000000,  0.000000,  0.000000,  0.000000,  0.000000,  0.000000,  0.000000,  0.000000,  0.000000,  0.000000,  0.000000,  0.000000,  0.000000,  0.000000,  0.000000,  0.000000,  0.000000,  0.000000,  0.000000,  0.000000,  0.000000,  0.000000,  0.000000,  0.000000,  0.000000,  0.000000,  0.000000,  0.000000,  0.000000,  0.000000,  0.000000,  0.000000,  0.000000,  0.000000,  0.000000,  0.000000,  0.000000,  0.000000,  0.000000,  0.000000,  0.000000,  0.000000,  0.000000,  0.000000,  0.000000,  0.000000,  0.000000,  0.000000,  0.000000,  0.000000,  0.000000,  0.000000,  0.000000,  0.000000,  0.000000,  0.000000,  0.000000,  0.000000,  0.000000,  0.000000,  0.000000,  0.000000,  0.000000,  0.000000,  0.000000,  0.000000,  0.000000,  0.000000,  0.000000,  0.000000,  0.000000,  0.000000,  0.000000,  0.000000,  0.000000,  0.000000,  0.000000,  0.000000,  0.000000,  0.000000,  0.000000,  0.000000,  0.000000,  0.000000,  0.000000,  0.000000,  0.000000,  0.000000,  0.000000,  0.000000,  0.000000,  0.000000,  0.000000,  0.000000,  0.000000,  0.000000 ]
checksum = 1.000000
Repeated 9 time
f3=0.425392 a3=0.574608
f4=0.195639 a4=0.378969
f5=0.107102 a5=0.271867
f6=0.065465 a6=0.206402
f7=0.043177 a7=0.163225
f8=0.030107 a8=0.133117
f9=0.021906 a9=0.111211
f10=0.016482 a10=0.094729
f11=0.012743 a11=0.081986
f12=0.010075 a12=0.071912
f13=0.008117 a13=0.063795
f14=0.006645 a14=0.057151
f15=0.005515 a15=0.051635
f16=0.004633 a16=0.047002
f17=0.003934 a17=0.043068
f18=0.003371 a18=0.039697
f19=0.002913 a19=0.036784
f20=0.002537 a20=0.034247
f21=0.002223 a21=0.032024
f22=0.001961 a22=0.030063
f23=0.001739 a23=0.028324
f24=0.001550 a24=0.026773
f25=0.001389 a25=0.025385
f26=0.001249 a26=0.024136
f27=0.001128 a27=0.023007
f28=0.001023 a28=0.021985
f29=0.000930 a29=0.021055
f30=0.000849 a30=0.020206
f31=0.000777 a31=0.019429
f32=0.000713 a32=0.018716
f33=0.000656 a33=0.018060
f34=0.000605 a34=0.017455
f35=0.000560 a35=0.016895
f36=0.000519 a36=0.016376
f37=0.000482 a37=0.015894
f38=0.000448 a38=0.015446
f39=0.000418 a39=0.015028
f40=0.000390 a40=0.014637
f41=0.000365 a41=0.014272
f42=0.000342 a42=0.013930
f43=0.000321 a43=0.013609
f44=0.000302 a44=0.013307
f45=0.000284 a45=0.013023
f46=0.000268 a46=0.012756
f47=0.000253 a47=0.012503
f48=0.000239 a48=0.012264
f49=0.000226 a49=0.012039
f50=0.012039
[ 0.425392,  0.195639,  0.107102,  0.065465,  0.043177,  0.030107,  0.021906,  0.016482,  0.012743,  0.010075,  0.008117,  0.006645,  0.005515,  0.004633,  0.003934,  0.003371,  0.002913,  0.002537,  0.002223,  0.001961,  0.001739,  0.001550,  0.001389,  0.001249,  0.001128,  0.001023,  0.000930,  0.000849,  0.000777,  0.000713,  0.000656,  0.000605,  0.000560,  0.000519,  0.000482,  0.000448,  0.000418,  0.000390,  0.000365,  0.000342,  0.000321,  0.000302,  0.000284,  0.000268,  0.000253,  0.000239,  0.000226, 0.012039]
0.012039 == 0.012039

total 91550 nodes
[ 0.000371,  0.008793,  0.416745,  0.194691,  0.108738,  0.068356,  0.043310,  0.027526,  0.023222,  0.012409,  0.016581,  0.007089,  0.008738,  0.009372,  0.001584,  0.006871,  0.003299,  0.003026,  0.003790,  0.002545,  0.001922,  0.001857,  0.000874,  0.002469,  0.001049,  0.001245,  0.000393,  0.002206,  0.000317,  0.001584,  0.000568,  0.000273,  0.001136,  0.000699,  0.000317,  0.000426,  0.000819,  0.000011,  0.000459,  0.001267,  0.000164,  0.000251,  0.000229,  0.000339,  0.000262,  0.000186,  0.000644,  0.000295,  0.001191,  0.009492,  0.000000,  0.000000,  0.000000,  0.000000,  0.000000,  0.000000,  0.000000,  0.000000,  0.000000,  0.000000,  0.000000,  0.000000,  0.000000,  0.000000,  0.000000,  0.000000,  0.000000,  0.000000,  0.000000,  0.000000,  0.000000,  0.000000,  0.000000,  0.000000,  0.000000,  0.000000,  0.000000,  0.000000,  0.000000,  0.000000,  0.000000,  0.000000,  0.000000,  0.000000,  0.000000,  0.000000,  0.000000,  0.000000,  0.000000,  0.000000,  0.000000,  0.000000,  0.000000,  0.000000,  0.000000,  0.000000,  0.000000,  0.000000,  0.000000,  0.000000,  0.000000,  0.000000,  0.000000,  0.000000,  0.000000,  0.000000,  0.000000,  0.000000,  0.000000,  0.000000,  0.000000,  0.000000,  0.000000,  0.000000,  0.000000,  0.000000,  0.000000,  0.000000,  0.000000,  0.000000,  0.000000,  0.000000,  0.000000,  0.000000,  0.000000,  0.000000,  0.000000,  0.000000,  0.000000,  0.000000,  0.000000,  0.000000,  0.000000,  0.000000,  0.000000,  0.000000,  0.000000,  0.000000,  0.000000,  0.000000,  0.000000,  0.000000,  0.000000,  0.000000,  0.000000,  0.000000,  0.000000,  0.000000,  0.000000,  0.000000,  0.000000,  0.000000,  0.000000,  0.000000,  0.000000,  0.000000,  0.000000,  0.000000,  0.000000,  0.000000,  0.000000,  0.000000,  0.000000,  0.000000,  0.000000,  0.000000,  0.000000,  0.000000,  0.000000,  0.000000,  0.000000,  0.000000,  0.000000,  0.000000,  0.000000,  0.000000,  0.000000,  0.000000,  0.000000,  0.000000,  0.000000,  0.000000,  0.000000,  0.000000,  0.000000,  0.000000,  0.000000,  0.000000,  0.000000,  0.000000,  0.000000,  0.000000,  0.000000,  0.000000,  0.000000,  0.000000,  0.000000,  0.000000,  0.000000,  0.000000,  0.000000,  0.000000,  0.000000,  0.000000,  0.000000,  0.000000,  0.000000,  0.000000,  0.000000,  0.000000,  0.000000,  0.000000,  0.000000,  0.000000,  0.000000,  0.000000,  0.000000,  0.000000,  0.000000,  0.000000,  0.000000,  0.000000,  0.000000,  0.000000,  0.000000,  0.000000,  0.000000,  0.000000,  0.000000,  0.000000,  0.000000,  0.000000,  0.000000,  0.000000,  0.000000,  0.000000,  0.000000,  0.000000,  0.000000,  0.000000,  0.000000,  0.000000,  0.000000,  0.000000,  0.000000,  0.000000,  0.000000,  0.000000,  0.000000,  0.000000,  0.000000,  0.000000,  0.000000,  0.000000,  0.000000,  0.000000,  0.000000,  0.000000,  0.000000,  0.000000,  0.000000,  0.000000,  0.000000,  0.000000,  0.000000,  0.000000,  0.000000,  0.000000,  0.000000,  0.000000,  0.000000,  0.000000,  0.000000,  0.000000,  0.000000,  0.000000,  0.000000,  0.000000,  0.000000,  0.000000,  0.000000,  0.000000,  0.000000,  0.000000,  0.000000,  0.000000,  0.000000,  0.000000,  0.000000,  0.000000,  0.000000,  0.000000,  0.000000,  0.000000,  0.000000,  0.000000,  0.000000,  0.000000,  0.000000,  0.000000,  0.000000,  0.000000,  0.000000,  0.000000,  0.000000,  0.000000,  0.000000,  0.000000,  0.000000,  0.000000,  0.000000,  0.000000,  0.000000,  0.000000,  0.000000,  0.000000,  0.000000,  0.000000,  0.000000,  0.000000,  0.000000,  0.000000,  0.000000,  0.000000,  0.000000,  0.000000,  0.000000,  0.000000,  0.000000,  0.000000,  0.000000,  0.000000,  0.000000,  0.000000,  0.000000,  0.000000,  0.000000,  0.000000,  0.000000,  0.000000,  0.000000,  0.000000,  0.000000,  0.000000,  0.000000,  0.000000,  0.000000,  0.000000,  0.000000,  0.000000,  0.000000,  0.000000,  0.000000,  0.000000,  0.000000,  0.000000,  0.000000,  0.000000,  0.000000,  0.000000,  0.000000,  0.000000,  0.000000,  0.000000,  0.000000,  0.000000,  0.000000,  0.000000,  0.000000,  0.000000,  0.000000,  0.000000,  0.000000,  0.000000,  0.000000,  0.000000,  0.000000,  0.000000,  0.000000,  0.000000,  0.000000,  0.000000,  0.000000,  0.000000,  0.000000,  0.000000,  0.000000,  0.000000,  0.000000,  0.000000,  0.000000,  0.000000,  0.000000,  0.000000,  0.000000,  0.000000,  0.000000,  0.000000,  0.000000,  0.000000,  0.000000,  0.000000,  0.000000,  0.000000,  0.000000,  0.000000,  0.000000,  0.000000,  0.000000,  0.000000,  0.000000,  0.000000,  0.000000,  0.000000,  0.000000,  0.000000,  0.000000,  0.000000,  0.000000,  0.000000,  0.000000,  0.000000,  0.000000,  0.000000,  0.000000,  0.000000,  0.000000,  0.000000,  0.000000,  0.000000,  0.000000,  0.000000,  0.000000,  0.000000,  0.000000,  0.000000,  0.000000,  0.000000,  0.000000,  0.000000,  0.000000,  0.000000,  0.000000,  0.000000,  0.000000,  0.000000,  0.000000,  0.000000,  0.000000,  0.000000,  0.000000,  0.000000,  0.000000,  0.000000,  0.000000,  0.000000,  0.000000,  0.000000,  0.000000,  0.000000,  0.000000,  0.000000,  0.000000,  0.000000,  0.000000,  0.000000,  0.000000,  0.000000,  0.000000,  0.000000,  0.000000,  0.000000,  0.000000,  0.000000,  0.000000,  0.000000,  0.000000,  0.000000,  0.000000,  0.000000,  0.000000,  0.000000,  0.000000,  0.000000,  0.000000,  0.000000,  0.000000,  0.000000,  0.000000,  0.000000,  0.000000,  0.000000,  0.000000,  0.000000,  0.000000,  0.000000,  0.000000,  0.000000,  0.000000,  0.000000 ]
checksum = 1.000000
====================
[ 0.000000,  0.000399,  0.008694,  0.417944,  0.196395,  0.106341,  0.064401,  0.044914,  0.029406,  0.021351,  0.016917,  0.013378,  0.009638,  0.007077,  0.007071,  0.004571,  0.004704,  0.004332,  0.002196,  0.003498,  0.003212,  0.002204,  0.002031,  0.001379,  0.001623,  0.001850,  0.001329,  0.000816,  0.001228,  0.001059,  0.000971,  0.000744,  0.000502,  0.000833,  0.000464,  0.000581,  0.000601,  0.000611,  0.000363,  0.000555,  0.000381,  0.000416,  0.000332,  0.000384,  0.000337,  0.000305,  0.000197,  0.000430,  0.000341,  0.001285,  0.009410,  0.000000,  0.000000,  0.000000,  0.000000,  0.000000,  0.000000,  0.000000,  0.000000,  0.000000,  0.000000,  0.000000,  0.000000,  0.000000,  0.000000,  0.000000,  0.000000,  0.000000,  0.000000,  0.000000,  0.000000,  0.000000,  0.000000,  0.000000,  0.000000,  0.000000,  0.000000,  0.000000,  0.000000,  0.000000,  0.000000,  0.000000,  0.000000,  0.000000,  0.000000,  0.000000,  0.000000,  0.000000,  0.000000,  0.000000,  0.000000,  0.000000,  0.000000,  0.000000,  0.000000,  0.000000,  0.000000,  0.000000,  0.000000,  0.000000,  0.000000 ]
f3=0.425392 a3=0.574608
f4=0.195639 a4=0.378969
f5=0.107102 a5=0.271867
f6=0.065465 a6=0.206402
f7=0.043177 a7=0.163225
f8=0.030107 a8=0.133117
f9=0.021906 a9=0.111211
f10=0.016482 a10=0.094729
f11=0.012743 a11=0.081986
f12=0.010075 a12=0.071912
f13=0.008117 a13=0.063795
f14=0.006645 a14=0.057151
f15=0.005515 a15=0.051635
f16=0.004633 a16=0.047002
f17=0.003934 a17=0.043068
f18=0.003371 a18=0.039697
f19=0.002913 a19=0.036784
f20=0.002537 a20=0.034247
f21=0.002223 a21=0.032024
f22=0.001961 a22=0.030063
f23=0.001739 a23=0.028324
f24=0.001550 a24=0.026773
f25=0.001389 a25=0.025385
f26=0.001249 a26=0.024136
f27=0.001128 a27=0.023007
f28=0.001023 a28=0.021985
f29=0.000930 a29=0.021055
f30=0.000849 a30=0.020206
f31=0.000777 a31=0.019429
f32=0.000713 a32=0.018716
f33=0.000656 a33=0.018060
f34=0.000605 a34=0.017455
f35=0.000560 a35=0.016895
f36=0.000519 a36=0.016376
f37=0.000482 a37=0.015894
f38=0.000448 a38=0.015446
f39=0.000418 a39=0.015028
f40=0.000390 a40=0.014637
f41=0.000365 a41=0.014272
f42=0.000342 a42=0.013930
f43=0.000321 a43=0.013609
f44=0.000302 a44=0.013307
f45=0.000284 a45=0.013023
f46=0.000268 a46=0.012756
f47=0.000253 a47=0.012503
f48=0.000239 a48=0.012264
f49=0.000226 a49=0.012039
f50=0.012039
[ 0.425392,  0.195639,  0.107102,  0.065465,  0.043177,  0.030107,  0.021906,  0.016482,  0.012743,  0.010075,  0.008117,  0.006645,  0.005515,  0.004633,  0.003934,  0.003371,  0.002913,  0.002537,  0.002223,  0.001961,  0.001739,  0.001550,  0.001389,  0.001249,  0.001128,  0.001023,  0.000930,  0.000849,  0.000777,  0.000713,  0.000656,  0.000605,  0.000560,  0.000519,  0.000482,  0.000448,  0.000418,  0.000390,  0.000365,  0.000342,  0.000321,  0.000302,  0.000284,  0.000268,  0.000253,  0.000239,  0.000226, 0.012039]
0.012039 == 0.012039
