Repeated 0 time
f3=0.316924 a3=0.683076
f4=0.154386 a4=0.528690
f5=0.088376 a5=0.440314
f6=0.056025 a6=0.384289
f7=0.038108 a7=0.346182
f8=0.027292 a8=0.318890
f9=0.020331 a9=0.298559
f10=0.298559
[ 0.316924,  0.154386,  0.088376,  0.056025,  0.038108,  0.027292,  0.020331, 0.298559]
0.298559 == 0.298559

total 91938 nodes
[ 0.000000,  0.000033,  0.315343,  0.154223,  0.087341,  0.057267,  0.037732,  0.031412,  0.022896,  0.293752,  0.000000,  0.000000,  0.000000,  0.000000,  0.000000,  0.000000,  0.000000,  0.000000,  0.000000,  0.000000,  0.000000,  0.000000,  0.000000,  0.000000,  0.000000,  0.000000,  0.000000,  0.000000,  0.000000,  0.000000,  0.000000,  0.000000,  0.000000,  0.000000,  0.000000,  0.000000,  0.000000,  0.000000,  0.000000,  0.000000,  0.000000,  0.000000,  0.000000,  0.000000,  0.000000,  0.000000,  0.000000,  0.000000,  0.000000,  0.000000,  0.000000,  0.000000,  0.000000,  0.000000,  0.000000,  0.000000,  0.000000,  0.000000,  0.000000,  0.000000,  0.000000,  0.000000,  0.000000,  0.000000,  0.000000,  0.000000,  0.000000,  0.000000,  0.000000,  0.000000,  0.000000,  0.000000,  0.000000,  0.000000,  0.000000,  0.000000,  0.000000,  0.000000,  0.000000,  0.000000,  0.000000,  0.000000,  0.000000,  0.000000,  0.000000,  0.000000,  0.000000,  0.000000,  0.000000,  0.000000,  0.000000,  0.000000,  0.000000,  0.000000,  0.000000,  0.000000,  0.000000,  0.000000,  0.000000,  0.000000 ]
checksum = 1.000000
Repeated 1 time
f3=0.316924 a3=0.683076
f4=0.154386 a4=0.528690
f5=0.088376 a5=0.440314
f6=0.056025 a6=0.384289
f7=0.038108 a7=0.346182
f8=0.027292 a8=0.318890
f9=0.020331 a9=0.298559
f10=0.298559
[ 0.316924,  0.154386,  0.088376,  0.056025,  0.038108,  0.027292,  0.020331, 0.298559]
0.298559 == 0.298559

total 91842 nodes
[ 0.000000,  0.000033,  0.316065,  0.150639,  0.094488,  0.055116,  0.040613,  0.026284,  0.014721,  0.302040,  0.000000,  0.000000,  0.000000,  0.000000,  0.000000,  0.000000,  0.000000,  0.000000,  0.000000,  0.000000,  0.000000,  0.000000,  0.000000,  0.000000,  0.000000,  0.000000,  0.000000,  0.000000,  0.000000,  0.000000,  0.000000,  0.000000,  0.000000,  0.000000,  0.000000,  0.000000,  0.000000,  0.000000,  0.000000,  0.000000,  0.000000,  0.000000,  0.000000,  0.000000,  0.000000,  0.000000,  0.000000,  0.000000,  0.000000,  0.000000,  0.000000,  0.000000,  0.000000,  0.000000,  0.000000,  0.000000,  0.000000,  0.000000,  0.000000,  0.000000,  0.000000,  0.000000,  0.000000,  0.000000,  0.000000,  0.000000,  0.000000,  0.000000,  0.000000,  0.000000,  0.000000,  0.000000,  0.000000,  0.000000,  0.000000,  0.000000,  0.000000,  0.000000,  0.000000,  0.000000,  0.000000,  0.000000,  0.000000,  0.000000,  0.000000,  0.000000,  0.000000,  0.000000,  0.000000,  0.000000,  0.000000,  0.000000,  0.000000,  0.000000,  0.000000,  0.000000,  0.000000,  0.000000,  0.000000,  0.000000 ]
checksum = 1.000000
Repeated 2 time
f3=0.316924 a3=0.683076
f4=0.154386 a4=0.528690
f5=0.088376 a5=0.440314
f6=0.056025 a6=0.384289
f7=0.038108 a7=0.346182
f8=0.027292 a8=0.318890
f9=0.020331 a9=0.298559
f10=0.298559
[ 0.316924,  0.154386,  0.088376,  0.056025,  0.038108,  0.027292,  0.020331, 0.298559]
0.298559 == 0.298559

total 91782 nodes
[ 0.000000,  0.000087,  0.317448,  0.148145,  0.093330,  0.057963,  0.038167,  0.029810,  0.019426,  0.295624,  0.000000,  0.000000,  0.000000,  0.000000,  0.000000,  0.000000,  0.000000,  0.000000,  0.000000,  0.000000,  0.000000,  0.000000,  0.000000,  0.000000,  0.000000,  0.000000,  0.000000,  0.000000,  0.000000,  0.000000,  0.000000,  0.000000,  0.000000,  0.000000,  0.000000,  0.000000,  0.000000,  0.000000,  0.000000,  0.000000,  0.000000,  0.000000,  0.000000,  0.000000,  0.000000,  0.000000,  0.000000,  0.000000,  0.000000,  0.000000,  0.000000,  0.000000,  0.000000,  0.000000,  0.000000,  0.000000,  0.000000,  0.000000,  0.000000,  0.000000,  0.000000,  0.000000,  0.000000,  0.000000,  0.000000,  0.000000,  0.000000,  0.000000,  0.000000,  0.000000,  0.000000,  0.000000,  0.000000,  0.000000,  0.000000,  0.000000,  0.000000,  0.000000,  0.000000,  0.000000,  0.000000,  0.000000,  0.000000,  0.000000,  0.000000,  0.000000,  0.000000,  0.000000,  0.000000,  0.000000,  0.000000,  0.000000,  0.000000,  0.000000,  0.000000,  0.000000,  0.000000,  0.000000,  0.000000,  0.000000 ]
checksum = 1.000000
Repeated 3 time
f3=0.316924 a3=0.683076
f4=0.154386 a4=0.528690
f5=0.088376 a5=0.440314
f6=0.056025 a6=0.384289
f7=0.038108 a7=0.346182
f8=0.027292 a8=0.318890
f9=0.020331 a9=0.298559
f10=0.298559
[ 0.316924,  0.154386,  0.088376,  0.056025,  0.038108,  0.027292,  0.020331, 0.298559]
0.298559 == 0.298559

total 91502 nodes
[ 0.000000,  0.000044,  0.316933,  0.151756,  0.090512,  0.060108,  0.035354,  0.026251,  0.021409,  0.297633,  0.000000,  0.000000,  0.000000,  0.000000,  0.000000,  0.000000,  0.000000,  0.000000,  0.000000,  0.000000,  0.000000,  0.000000,  0.000000,  0.000000,  0.000000,  0.000000,  0.000000,  0.000000,  0.000000,  0.000000,  0.000000,  0.000000,  0.000000,  0.000000,  0.000000,  0.000000,  0.000000,  0.000000,  0.000000,  0.000000,  0.000000,  0.000000,  0.000000,  0.000000,  0.000000,  0.000000,  0.000000,  0.000000,  0.000000,  0.000000,  0.000000,  0.000000,  0.000000,  0.000000,  0.000000,  0.000000,  0.000000,  0.000000,  0.000000,  0.000000,  0.000000,  0.000000,  0.000000,  0.000000,  0.000000,  0.000000,  0.000000,  0.000000,  0.000000,  0.000000,  0.000000,  0.000000,  0.000000,  0.000000,  0.000000,  0.000000,  0.000000,  0.000000,  0.000000,  0.000000,  0.000000,  0.000000,  0.000000,  0.000000,  0.000000,  0.000000,  0.000000,  0.000000,  0.000000,  0.000000,  0.000000,  0.000000,  0.000000,  0.000000,  0.000000,  0.000000,  0.000000,  0.000000,  0.000000,  0.000000 ]
checksum = 1.000000
Repeated 4 time
f3=0.316924 a3=0.683076
f4=0.154386 a4=0.528690
f5=0.088376 a5=0.440314
f6=0.056025 a6=0.384289
f7=0.038108 a7=0.346182
f8=0.027292 a8=0.318890
f9=0.020331 a9=0.298559
f10=0.298559
[ 0.316924,  0.154386,  0.088376,  0.056025,  0.038108,  0.027292,  0.020331, 0.298559]
0.298559 == 0.298559

total 91854 nodes
[ 0.000000,  0.000054,  0.310406,  0.161974,  0.092375,  0.052235,  0.033444,  0.033390,  0.013140,  0.302981,  0.000000,  0.000000,  0.000000,  0.000000,  0.000000,  0.000000,  0.000000,  0.000000,  0.000000,  0.000000,  0.000000,  0.000000,  0.000000,  0.000000,  0.000000,  0.000000,  0.000000,  0.000000,  0.000000,  0.000000,  0.000000,  0.000000,  0.000000,  0.000000,  0.000000,  0.000000,  0.000000,  0.000000,  0.000000,  0.000000,  0.000000,  0.000000,  0.000000,  0.000000,  0.000000,  0.000000,  0.000000,  0.000000,  0.000000,  0.000000,  0.000000,  0.000000,  0.000000,  0.000000,  0.000000,  0.000000,  0.000000,  0.000000,  0.000000,  0.000000,  0.000000,  0.000000,  0.000000,  0.000000,  0.000000,  0.000000,  0.000000,  0.000000,  0.000000,  0.000000,  0.000000,  0.000000,  0.000000,  0.000000,  0.000000,  0.000000,  0.000000,  0.000000,  0.000000,  0.000000,  0.000000,  0.000000,  0.000000,  0.000000,  0.000000,  0.000000,  0.000000,  0.000000,  0.000000,  0.000000,  0.000000,  0.000000,  0.000000,  0.000000,  0.000000,  0.000000,  0.000000,  0.000000,  0.000000,  0.000000 ]
checksum = 1.000000
Repeated 5 time
f3=0.316924 a3=0.683076
f4=0.154386 a4=0.528690
f5=0.088376 a5=0.440314
f6=0.056025 a6=0.384289
f7=0.038108 a7=0.346182
f8=0.027292 a8=0.318890
f9=0.020331 a9=0.298559
f10=0.298559
[ 0.316924,  0.154386,  0.088376,  0.056025,  0.038108,  0.027292,  0.020331, 0.298559]
0.298559 == 0.298559

total 91460 nodes
[ 0.000000,  0.000044,  0.319681,  0.149814,  0.087459,  0.055970,  0.043822,  0.027181,  0.016215,  0.299814,  0.000000,  0.000000,  0.000000,  0.000000,  0.000000,  0.000000,  0.000000,  0.000000,  0.000000,  0.000000,  0.000000,  0.000000,  0.000000,  0.000000,  0.000000,  0.000000,  0.000000,  0.000000,  0.000000,  0.000000,  0.000000,  0.000000,  0.000000,  0.000000,  0.000000,  0.000000,  0.000000,  0.000000,  0.000000,  0.000000,  0.000000,  0.000000,  0.000000,  0.000000,  0.000000,  0.000000,  0.000000,  0.000000,  0.000000,  0.000000,  0.000000,  0.000000,  0.000000,  0.000000,  0.000000,  0.000000,  0.000000,  0.000000,  0.000000,  0.000000,  0.000000,  0.000000,  0.000000,  0.000000,  0.000000,  0.000000,  0.000000,  0.000000,  0.000000,  0.000000,  0.000000,  0.000000,  0.000000,  0.000000,  0.000000,  0.000000,  0.000000,  0.000000,  0.000000,  0.000000,  0.000000,  0.000000,  0.000000,  0.000000,  0.000000,  0.000000,  0.000000,  0.000000,  0.000000,  0.000000,  0.000000,  0.000000,  0.000000,  0.000000,  0.000000,  0.000000,  0.000000,  0.000000,  0.000000,  0.000000 ]
checksum = 1.000000
Repeated 6 time
f3=0.316924 a3=0.683076
f4=0.154386 a4=0.528690
f5=0.088376 a5=0.440314
f6=0.056025 a6=0.384289
f7=0.038108 a7=0.346182
f8=0.027292 a8=0.318890
f9=0.020331 a9=0.298559
f10=0.298559
[ 0.316924,  0.154386,  0.088376,  0.056025,  0.038108,  0.027292,  0.020331, 0.298559]
0.298559 == 0.298559

total 92138 nodes
[ 0.000000,  0.000054,  0.322668,  0.152749,  0.077351,  0.069038,  0.032582,  0.022228,  0.024670,  0.298661,  0.000000,  0.000000,  0.000000,  0.000000,  0.000000,  0.000000,  0.000000,  0.000000,  0.000000,  0.000000,  0.000000,  0.000000,  0.000000,  0.000000,  0.000000,  0.000000,  0.000000,  0.000000,  0.000000,  0.000000,  0.000000,  0.000000,  0.000000,  0.000000,  0.000000,  0.000000,  0.000000,  0.000000,  0.000000,  0.000000,  0.000000,  0.000000,  0.000000,  0.000000,  0.000000,  0.000000,  0.000000,  0.000000,  0.000000,  0.000000,  0.000000,  0.000000,  0.000000,  0.000000,  0.000000,  0.000000,  0.000000,  0.000000,  0.000000,  0.000000,  0.000000,  0.000000,  0.000000,  0.000000,  0.000000,  0.000000,  0.000000,  0.000000,  0.000000,  0.000000,  0.000000,  0.000000,  0.000000,  0.000000,  0.000000,  0.000000,  0.000000,  0.000000,  0.000000,  0.000000,  0.000000,  0.000000,  0.000000,  0.000000,  0.000000,  0.000000,  0.000000,  0.000000,  0.000000,  0.000000,  0.000000,  0.000000,  0.000000,  0.000000,  0.000000,  0.000000,  0.000000,  0.000000,  0.000000,  0.000000 ]
checksum = 1.000000
Repeated 7 time
f3=0.316924 a3=0.683076
f4=0.154386 a4=0.528690
f5=0.088376 a5=0.440314
f6=0.056025 a6=0.384289
f7=0.038108 a7=0.346182
f8=0.027292 a8=0.318890
f9=0.020331 a9=0.298559
f10=0.298559
[ 0.316924,  0.154386,  0.088376,  0.056025,  0.038108,  0.027292,  0.020331, 0.298559]
0.298559 == 0.298559

total 91940 nodes
[ 0.000000,  0.000044,  0.317316,  0.153937,  0.085817,  0.059920,  0.032902,  0.029759,  0.025114,  0.295193,  0.000000,  0.000000,  0.000000,  0.000000,  0.000000,  0.000000,  0.000000,  0.000000,  0.000000,  0.000000,  0.000000,  0.000000,  0.000000,  0.000000,  0.000000,  0.000000,  0.000000,  0.000000,  0.000000,  0.000000,  0.000000,  0.000000,  0.000000,  0.000000,  0.000000,  0.000000,  0.000000,  0.000000,  0.000000,  0.000000,  0.000000,  0.000000,  0.000000,  0.000000,  0.000000,  0.000000,  0.000000,  0.000000,  0.000000,  0.000000,  0.000000,  0.000000,  0.000000,  0.000000,  0.000000,  0.000000,  0.000000,  0.000000,  0.000000,  0.000000,  0.000000,  0.000000,  0.000000,  0.000000,  0.000000,  0.000000,  0.000000,  0.000000,  0.000000,  0.000000,  0.000000,  0.000000,  0.000000,  0.000000,  0.000000,  0.000000,  0.000000,  0.000000,  0.000000,  0.000000,  0.000000,  0.000000,  0.000000,  0.000000,  0.000000,  0.000000,  0.000000,  0.000000,  0.000000,  0.000000,  0.000000,  0.000000,  0.000000,  0.000000,  0.000000,  0.000000,  0.000000,  0.000000,  0.000000,  0.000000 ]
checksum = 1.000000
Repeated 8 time
f3=0.316924 a3=0.683076
f4=0.154386 a4=0.528690
f5=0.088376 a5=0.440314
f6=0.056025 a6=0.384289
f7=0.038108 a7=0.346182
f8=0.027292 a8=0.318890
f9=0.020331 a9=0.298559
f10=0.298559
[ 0.316924,  0.154386,  0.088376,  0.056025,  0.038108,  0.027292,  0.020331, 0.298559]
0.298559 == 0.298559

total 91926 nodes
[ 0.000000,  0.000033,  0.315101,  0.149414,  0.096436,  0.057873,  0.038999,  0.022975,  0.025956,  0.293214,  0.000000,  0.000000,  0.000000,  0.000000,  0.000000,  0.000000,  0.000000,  0.000000,  0.000000,  0.000000,  0.000000,  0.000000,  0.000000,  0.000000,  0.000000,  0.000000,  0.000000,  0.000000,  0.000000,  0.000000,  0.000000,  0.000000,  0.000000,  0.000000,  0.000000,  0.000000,  0.000000,  0.000000,  0.000000,  0.000000,  0.000000,  0.000000,  0.000000,  0.000000,  0.000000,  0.000000,  0.000000,  0.000000,  0.000000,  0.000000,  0.000000,  0.000000,  0.000000,  0.000000,  0.000000,  0.000000,  0.000000,  0.000000,  0.000000,  0.000000,  0.000000,  0.000000,  0.000000,  0.000000,  0.000000,  0.000000,  0.000000,  0.000000,  0.000000,  0.000000,  0.000000,  0.000000,  0.000000,  0.000000,  0.000000,  0.000000,  0.000000,  0.000000,  0.000000,  0.000000,  0.000000,  0.000000,  0.000000,  0.000000,  0.000000,  0.000000,  0.000000,  0.000000,  0.000000,  0.000000,  0.000000,  0.000000,  0.000000,  0.000000,  0.000000,  0.000000,  0.000000,  0.000000,  0.000000,  0.000000 ]
checksum = 1.000000
Repeated 9 time
f3=0.316924 a3=0.683076
f4=0.154386 a4=0.528690
f5=0.088376 a5=0.440314
f6=0.056025 a6=0.384289
f7=0.038108 a7=0.346182
f8=0.027292 a8=0.318890
f9=0.020331 a9=0.298559
f10=0.298559
[ 0.316924,  0.154386,  0.088376,  0.056025,  0.038108,  0.027292,  0.020331, 0.298559]
0.298559 == 0.298559

total 91548 nodes
[ 0.000000,  0.000142,  0.312361,  0.156082,  0.098342,  0.050094,  0.038657,  0.025997,  0.019837,  0.298488,  0.000000,  0.000000,  0.000000,  0.000000,  0.000000,  0.000000,  0.000000,  0.000000,  0.000000,  0.000000,  0.000000,  0.000000,  0.000000,  0.000000,  0.000000,  0.000000,  0.000000,  0.000000,  0.000000,  0.000000,  0.000000,  0.000000,  0.000000,  0.000000,  0.000000,  0.000000,  0.000000,  0.000000,  0.000000,  0.000000,  0.000000,  0.000000,  0.000000,  0.000000,  0.000000,  0.000000,  0.000000,  0.000000,  0.000000,  0.000000,  0.000000,  0.000000,  0.000000,  0.000000,  0.000000,  0.000000,  0.000000,  0.000000,  0.000000,  0.000000,  0.000000,  0.000000,  0.000000,  0.000000,  0.000000,  0.000000,  0.000000,  0.000000,  0.000000,  0.000000,  0.000000,  0.000000,  0.000000,  0.000000,  0.000000,  0.000000,  0.000000,  0.000000,  0.000000,  0.000000,  0.000000,  0.000000,  0.000000,  0.000000,  0.000000,  0.000000,  0.000000,  0.000000,  0.000000,  0.000000,  0.000000,  0.000000,  0.000000,  0.000000,  0.000000,  0.000000,  0.000000,  0.000000,  0.000000,  0.000000 ]
checksum = 1.000000
====================
[ 0.000000,  0.000000,  0.000057,  0.316332,  0.152873,  0.090345,  0.057558,  0.037227,  0.027529,  0.020338,  0.297740,  0.000000,  0.000000,  0.000000,  0.000000,  0.000000,  0.000000,  0.000000,  0.000000,  0.000000,  0.000000,  0.000000,  0.000000,  0.000000,  0.000000,  0.000000,  0.000000,  0.000000,  0.000000,  0.000000,  0.000000,  0.000000,  0.000000,  0.000000,  0.000000,  0.000000,  0.000000,  0.000000,  0.000000,  0.000000,  0.000000,  0.000000,  0.000000,  0.000000,  0.000000,  0.000000,  0.000000,  0.000000,  0.000000,  0.000000,  0.000000,  0.000000,  0.000000,  0.000000,  0.000000,  0.000000,  0.000000,  0.000000,  0.000000,  0.000000,  0.000000,  0.000000,  0.000000,  0.000000,  0.000000,  0.000000,  0.000000,  0.000000,  0.000000,  0.000000,  0.000000,  0.000000,  0.000000,  0.000000,  0.000000,  0.000000,  0.000000,  0.000000,  0.000000,  0.000000,  0.000000,  0.000000,  0.000000,  0.000000,  0.000000,  0.000000,  0.000000,  0.000000,  0.000000,  0.000000,  0.000000,  0.000000,  0.000000,  0.000000,  0.000000,  0.000000,  0.000000,  0.000000,  0.000000,  0.000000,  0.000000 ]
f3=0.316924 a3=0.683076
f4=0.154386 a4=0.528690
f5=0.088376 a5=0.440314
f6=0.056025 a6=0.384289
f7=0.038108 a7=0.346182
f8=0.027292 a8=0.318890
f9=0.020331 a9=0.298559
f10=0.298559
[ 0.316924,  0.154386,  0.088376,  0.056025,  0.038108,  0.027292,  0.020331, 0.298559]
0.298559 == 0.298559
