Repeated 0 time
f3=0.348132 a3=0.651868
f4=0.146868 a4=0.505000
f5=0.075196 a5=0.429804
f6=0.043516 a6=0.386287
f7=0.027404 a7=0.358884
f8=0.018359 a8=0.340525
f9=0.012894 a9=0.327631
f10=0.327631
[ 0.348132,  0.146868,  0.075196,  0.043516,  0.027404,  0.018359,  0.012894, 0.327631]
0.327631 == 0.327631

total 92202 nodes
[ 0.000000,  0.000065,  0.347292,  0.150116,  0.071918,  0.044392,  0.019316,  0.029370,  0.011095,  0.326435,  0.000000,  0.000000,  0.000000,  0.000000,  0.000000,  0.000000,  0.000000,  0.000000,  0.000000,  0.000000,  0.000000,  0.000000,  0.000000,  0.000000,  0.000000,  0.000000,  0.000000,  0.000000,  0.000000,  0.000000,  0.000000,  0.000000,  0.000000,  0.000000,  0.000000,  0.000000,  0.000000,  0.000000,  0.000000,  0.000000,  0.000000,  0.000000,  0.000000,  0.000000,  0.000000,  0.000000,  0.000000,  0.000000,  0.000000,  0.000000,  0.000000,  0.000000,  0.000000,  0.000000,  0.000000,  0.000000,  0.000000,  0.000000,  0.000000,  0.000000,  0.000000,  0.000000,  0.000000,  0.000000,  0.000000,  0.000000,  0.000000,  0.000000,  0.000000,  0.000000,  0.000000,  0.000000,  0.000000,  0.000000,  0.000000,  0.000000,  0.000000,  0.000000,  0.000000,  0.000000,  0.000000,  0.000000,  0.000000,  0.000000,  0.000000,  0.000000,  0.000000,  0.000000,  0.000000,  0.000000,  0.000000,  0.000000,  0.000000,  0.000000,  0.000000,  0.000000,  0.000000,  0.000000,  0.000000,  0.000000 ]
checksum = 1.000000
Repeated 1 time
f3=0.348132 a3=0.651868
f4=0.146868 a4=0.505000
f5=0.075196 a5=0.429804
f6=0.043516 a6=0.386287
f7=0.027404 a7=0.358884
f8=0.018359 a8=0.340525
f9=0.012894 a9=0.327631
f10=0.327631
[ 0.348132,  0.146868,  0.075196,  0.043516,  0.027404,  0.018359,  0.012894, 0.327631]
0.327631 == 0.327631

total 91240 nodes
[ 0.000000,  0.000033,  0.347994,  0.143303,  0.078080,  0.041144,  0.034502,  0.014095,  0.016824,  0.324025,  0.000000,  0.000000,  0.000000,  0.000000,  0.000000,  0.000000,  0.000000,  0.000000,  0.000000,  0.000000,  0.000000,  0.000000,  0.000000,  0.000000,  0.000000,  0.000000,  0.000000,  0.000000,  0.000000,  0.000000,  0.000000,  0.000000,  0.000000,  0.000000,  0.000000,  0.000000,  0.000000,  0.000000,  0.000000,  0.000000,  0.000000,  0.000000,  0.000000,  0.000000,  0.000000,  0.000000,  0.000000,  0.000000,  0.000000,  0.000000,  0.000000,  0.000000,  0.000000,  0.000000,  0.000000,  0.000000,  0.000000,  0.000000,  0.000000,  0.000000,  0.000000,  0.000000,  0.000000,  0.000000,  0.000000,  0.000000,  0.000000,  0.000000,  0.000000,  0.000000,  0.000000,  0.000000,  0.000000,  0.000000,  0.000000,  0.000000,  0.000000,  0.000000,  0.000000,  0.000000,  0.000000,  0.000000,  0.000000,  0.000000,  0.000000,  0.000000,  0.000000,  0.000000,  0.000000,  0.000000,  0.000000,  0.000000,  0.000000,  0.000000,  0.000000,  0.000000,  0.000000,  0.000000,  0.000000,  0.000000 ]
checksum = 1.000000
Repeated 2 time
f3=0.348132 a3=0.651868
f4=0.146868 a4=0.505000
f5=0.075196 a5=0.429804
f6=0.043516 a6=0.386287
f7=0.027404 a7=0.358884
f8=0.018359 a8=0.340525
f9=0.012894 a9=0.327631
f10=0.327631
[ 0.348132,  0.146868,  0.075196,  0.043516,  0.027404,  0.018359,  0.012894, 0.327631]
0.327631 == 0.327631

total 92328 nodes
[ 0.000000,  0.000043,  0.343081,  0.155576,  0.066350,  0.052552,  0.021499,  0.012250,  0.025659,  0.322990,  0.000000,  0.000000,  0.000000,  0.000000,  0.000000,  0.000000,  0.000000,  0.000000,  0.000000,  0.000000,  0.000000,  0.000000,  0.000000,  0.000000,  0.000000,  0.000000,  0.000000,  0.000000,  0.000000,  0.000000,  0.000000,  0.000000,  0.000000,  0.000000,  0.000000,  0.000000,  0.000000,  0.000000,  0.000000,  0.000000,  0.000000,  0.000000,  0.000000,  0.000000,  0.000000,  0.000000,  0.000000,  0.000000,  0.000000,  0.000000,  0.000000,  0.000000,  0.000000,  0.000000,  0.000000,  0.000000,  0.000000,  0.000000,  0.000000,  0.000000,  0.000000,  0.000000,  0.000000,  0.000000,  0.000000,  0.000000,  0.000000,  0.000000,  0.000000,  0.000000,  0.000000,  0.000000,  0.000000,  0.000000,  0.000000,  0.000000,  0.000000,  0.000000,  0.000000,  0.000000,  0.000000,  0.000000,  0.000000,  0.000000,  0.000000,  0.000000,  0.000000,  0.000000,  0.000000,  0.000000,  0.000000,  0.000000,  0.000000,  0.000000,  0.000000,  0.000000,  0.000000,  0.000000,  0.000000,  0.000000 ]
checksum = 1.000000
Repeated 3 time
f3=0.348132 a3=0.651868
f4=0.146868 a4=0.505000
f5=0.075196 a5=0.429804
f6=0.043516 a6=0.386287
f7=0.027404 a7=0.358884
f8=0.018359 a8=0.340525
f9=0.012894 a9=0.327631
f10=0.327631
[ 0.348132,  0.146868,  0.075196,  0.043516,  0.027404,  0.018359,  0.012894, 0.327631]
0.327631 == 0.327631

total 91838 nodes
[ 0.000000,  0.000054,  0.345815,  0.151234,  0.071985,  0.038165,  0.034256,  0.014286,  0.015593,  0.328611,  0.000000,  0.000000,  0.000000,  0.000000,  0.000000,  0.000000,  0.000000,  0.000000,  0.000000,  0.000000,  0.000000,  0.000000,  0.000000,  0.000000,  0.000000,  0.000000,  0.000000,  0.000000,  0.000000,  0.000000,  0.000000,  0.000000,  0.000000,  0.000000,  0.000000,  0.000000,  0.000000,  0.000000,  0.000000,  0.000000,  0.000000,  0.000000,  0.000000,  0.000000,  0.000000,  0.000000,  0.000000,  0.000000,  0.000000,  0.000000,  0.000000,  0.000000,  0.000000,  0.000000,  0.000000,  0.000000,  0.000000,  0.000000,  0.000000,  0.000000,  0.000000,  0.000000,  0.000000,  0.000000,  0.000000,  0.000000,  0.000000,  0.000000,  0.000000,  0.000000,  0.000000,  0.000000,  0.000000,  0.000000,  0.000000,  0.000000,  0.000000,  0.000000,  0.000000,  0.000000,  0.000000,  0.000000,  0.000000,  0.000000,  0.000000,  0.000000,  0.000000,  0.000000,  0.000000,  0.000000,  0.000000,  0.000000,  0.000000,  0.000000,  0.000000,  0.000000,  0.000000,  0.000000,  0.000000,  0.000000 ]
checksum = 1.000000
Repeated 4 time
f3=0.348132 a3=0.651868
f4=0.146868 a4=0.505000
f5=0.075196 a5=0.429804
f6=0.043516 a6=0.386287
f7=0.027404 a7=0.358884
f8=0.018359 a8=0.340525
f9=0.012894 a9=0.327631
f10=0.327631
[ 0.348132,  0.146868,  0.075196,  0.043516,  0.027404,  0.018359,  0.012894, 0.327631]
0.327631 == 0.327631

total 91584 nodes
[ 0.000000,  0.000251,  0.352343,  0.137196,  0.078005,  0.048873,  0.025234,  0.019043,  0.010570,  0.328485,  0.000000,  0.000000,  0.000000,  0.000000,  0.000000,  0.000000,  0.000000,  0.000000,  0.000000,  0.000000,  0.000000,  0.000000,  0.000000,  0.000000,  0.000000,  0.000000,  0.000000,  0.000000,  0.000000,  0.000000,  0.000000,  0.000000,  0.000000,  0.000000,  0.000000,  0.000000,  0.000000,  0.000000,  0.000000,  0.000000,  0.000000,  0.000000,  0.000000,  0.000000,  0.000000,  0.000000,  0.000000,  0.000000,  0.000000,  0.000000,  0.000000,  0.000000,  0.000000,  0.000000,  0.000000,  0.000000,  0.000000,  0.000000,  0.000000,  0.000000,  0.000000,  0.000000,  0.000000,  0.000000,  0.000000,  0.000000,  0.000000,  0.000000,  0.000000,  0.000000,  0.000000,  0.000000,  0.000000,  0.000000,  0.000000,  0.000000,  0.000000,  0.000000,  0.000000,  0.000000,  0.000000,  0.000000,  0.000000,  0.000000,  0.000000,  0.000000,  0.000000,  0.000000,  0.000000,  0.000000,  0.000000,  0.000000,  0.000000,  0.000000,  0.000000,  0.000000,  0.000000,  0.000000,  0.000000,  0.000000 ]
checksum = 1.000000
Repeated 5 time
f3=0.348132 a3=0.651868
f4=0.146868 a4=0.505000
f5=0.075196 a5=0.429804
f6=0.043516 a6=0.386287
f7=0.027404 a7=0.358884
f8=0.018359 a8=0.340525
f9=0.012894 a9=0.327631
f10=0.327631
[ 0.348132,  0.146868,  0.075196,  0.043516,  0.027404,  0.018359,  0.012894, 0.327631]
0.327631 == 0.327631

total 92260 nodes
[ 0.000000,  0.000054,  0.345990,  0.149144,  0.078962,  0.038998,  0.026133,  0.020225,  0.016486,  0.324008,  0.000000,  0.000000,  0.000000,  0.000000,  0.000000,  0.000000,  0.000000,  0.000000,  0.000000,  0.000000,  0.000000,  0.000000,  0.000000,  0.000000,  0.000000,  0.000000,  0.000000,  0.000000,  0.000000,  0.000000,  0.000000,  0.000000,  0.000000,  0.000000,  0.000000,  0.000000,  0.000000,  0.000000,  0.000000,  0.000000,  0.000000,  0.000000,  0.000000,  0.000000,  0.000000,  0.000000,  0.000000,  0.000000,  0.000000,  0.000000,  0.000000,  0.000000,  0.000000,  0.000000,  0.000000,  0.000000,  0.000000,  0.000000,  0.000000,  0.000000,  0.000000,  0.000000,  0.000000,  0.000000,  0.000000,  0.000000,  0.000000,  0.000000,  0.000000,  0.000000,  0.000000,  0.000000,  0.000000,  0.000000,  0.000000,  0.000000,  0.000000,  0.000000,  0.000000,  0.000000,  0.000000,  0.000000,  0.000000,  0.000000,  0.000000,  0.000000,  0.000000,  0.000000,  0.000000,  0.000000,  0.000000,  0.000000,  0.000000,  0.000000,  0.000000,  0.000000,  0.000000,  0.000000,  0.000000,  0.000000 ]
checksum = 1.000000
Repeated 6 time
f3=0.348132 a3=0.651868
f4=0.146868 a4=0.505000
f5=0.075196 a5=0.429804
f6=0.043516 a6=0.386287
f7=0.027404 a7=0.358884
f8=0.018359 a8=0.340525
f9=0.012894 a9=0.327631
f10=0.327631
[ 0.348132,  0.146868,  0.075196,  0.043516,  0.027404,  0.018359,  0.012894, 0.327631]
0.327631 == 0.327631

total 91766 nodes
[ 0.000000,  0.000022,  0.348604,  0.143310,  0.080596,  0.042118,  0.023189,  0.023113,  0.013142,  0.325905,  0.000000,  0.000000,  0.000000,  0.000000,  0.000000,  0.000000,  0.000000,  0.000000,  0.000000,  0.000000,  0.000000,  0.000000,  0.000000,  0.000000,  0.000000,  0.000000,  0.000000,  0.000000,  0.000000,  0.000000,  0.000000,  0.000000,  0.000000,  0.000000,  0.000000,  0.000000,  0.000000,  0.000000,  0.000000,  0.000000,  0.000000,  0.000000,  0.000000,  0.000000,  0.000000,  0.000000,  0.000000,  0.000000,  0.000000,  0.000000,  0.000000,  0.000000,  0.000000,  0.000000,  0.000000,  0.000000,  0.000000,  0.000000,  0.000000,  0.000000,  0.000000,  0.000000,  0.000000,  0.000000,  0.000000,  0.000000,  0.000000,  0.000000,  0.000000,  0.000000,  0.000000,  0.000000,  0.000000,  0.000000,  0.000000,  0.000000,  0.000000,  0.000000,  0.000000,  0.000000,  0.000000,  0.000000,  0.000000,  0.000000,  0.000000,  0.000000,  0.000000,  0.000000,  0.000000,  0.000000,  0.000000,  0.000000,  0.000000,  0.000000,  0.000000,  0.000000,  0.000000,  0.000000,  0.000000,  0.000000 ]
checksum = 1.000000
Repeated 7 time
f3=0.348132 a3=0.651868
f4=0.146868 a4=0.505000
f5=0.075196 a5=0.429804
f6=0.043516 a6=0.386287
f7=0.027404 a7=0.358884
f8=0.018359 a8=0.340525
f9=0.012894 a9=0.327631
f10=0.327631
[ 0.348132,  0.146868,  0.075196,  0.043516,  0.027404,  0.018359,  0.012894, 0.327631]
0.327631 == 0.327631

total 92264 nodes
[ 0.000000,  0.000022,  0.355740,  0.143913,  0.069236,  0.038227,  0.033263,  0.020951,  0.010221,  0.328427,  0.000000,  0.000000,  0.000000,  0.000000,  0.000000,  0.000000,  0.000000,  0.000000,  0.000000,  0.000000,  0.000000,  0.000000,  0.000000,  0.000000,  0.000000,  0.000000,  0.000000,  0.000000,  0.000000,  0.000000,  0.000000,  0.000000,  0.000000,  0.000000,  0.000000,  0.000000,  0.000000,  0.000000,  0.000000,  0.000000,  0.000000,  0.000000,  0.000000,  0.000000,  0.000000,  0.000000,  0.000000,  0.000000,  0.000000,  0.000000,  0.000000,  0.000000,  0.000000,  0.000000,  0.000000,  0.000000,  0.000000,  0.000000,  0.000000,  0.000000,  0.000000,  0.000000,  0.000000,  0.000000,  0.000000,  0.000000,  0.000000,  0.000000,  0.000000,  0.000000,  0.000000,  0.000000,  0.000000,  0.000000,  0.000000,  0.000000,  0.000000,  0.000000,  0.000000,  0.000000,  0.000000,  0.000000,  0.000000,  0.000000,  0.000000,  0.000000,  0.000000,  0.000000,  0.000000,  0.000000,  0.000000,  0.000000,  0.000000,  0.000000,  0.000000,  0.000000,  0.000000,  0.000000,  0.000000,  0.000000 ]
checksum = 1.000000
Repeated 8 time
f3=0.348132 a3=0.651868
f4=0.146868 a4=0.505000
f5=0.075196 a5=0.429804
f6=0.043516 a6=0.386287
f7=0.027404 a7=0.358884
f8=0.018359 a8=0.340525
f9=0.012894 a9=0.327631
f10=0.327631
[ 0.348132,  0.146868,  0.075196,  0.043516,  0.027404,  0.018359,  0.012894, 0.327631]
0.327631 == 0.327631

total 91900 nodes
[ 0.000000,  0.000174,  0.351143,  0.143134,  0.079021,  0.036192,  0.031774,  0.018901,  0.010533,  0.329129,  0.000000,  0.000000,  0.000000,  0.000000,  0.000000,  0.000000,  0.000000,  0.000000,  0.000000,  0.000000,  0.000000,  0.000000,  0.000000,  0.000000,  0.000000,  0.000000,  0.000000,  0.000000,  0.000000,  0.000000,  0.000000,  0.000000,  0.000000,  0.000000,  0.000000,  0.000000,  0.000000,  0.000000,  0.000000,  0.000000,  0.000000,  0.000000,  0.000000,  0.000000,  0.000000,  0.000000,  0.000000,  0.000000,  0.000000,  0.000000,  0.000000,  0.000000,  0.000000,  0.000000,  0.000000,  0.000000,  0.000000,  0.000000,  0.000000,  0.000000,  0.000000,  0.000000,  0.000000,  0.000000,  0.000000,  0.000000,  0.000000,  0.000000,  0.000000,  0.000000,  0.000000,  0.000000,  0.000000,  0.000000,  0.000000,  0.000000,  0.000000,  0.000000,  0.000000,  0.000000,  0.000000,  0.000000,  0.000000,  0.000000,  0.000000,  0.000000,  0.000000,  0.000000,  0.000000,  0.000000,  0.000000,  0.000000,  0.000000,  0.000000,  0.000000,  0.000000,  0.000000,  0.000000,  0.000000,  0.000000 ]
checksum = 1.000000
Repeated 9 time
f3=0.348132 a3=0.651868
f4=0.146868 a4=0.505000
f5=0.075196 a5=0.429804
f6=0.043516 a6=0.386287
f7=0.027404 a7=0.358884
f8=0.018359 a8=0.340525
f9=0.012894 a9=0.327631
f10=0.327631
[ 0.348132,  0.146868,  0.075196,  0.043516,  0.027404,  0.018359,  0.012894, 0.327631]
0.327631 == 0.327631

total 92092 nodes
[ 0.000000,  0.000011,  0.346686,  0.150404,  0.070506,  0.045845,  0.026756,  0.019524,  0.014746,  0.325522,  0.000000,  0.000000,  0.000000,  0.000000,  0.000000,  0.000000,  0.000000,  0.000000,  0.000000,  0.000000,  0.000000,  0.000000,  0.000000,  0.000000,  0.000000,  0.000000,  0.000000,  0.000000,  0.000000,  0.000000,  0.000000,  0.000000,  0.000000,  0.000000,  0.000000,  0.000000,  0.000000,  0.000000,  0.000000,  0.000000,  0.000000,  0.000000,  0.000000,  0.000000,  0.000000,  0.000000,  0.000000,  0.000000,  0.000000,  0.000000,  0.000000,  0.000000,  0.000000,  0.000000,  0.000000,  0.000000,  0.000000,  0.000000,  0.000000,  0.000000,  0.000000,  0.000000,  0.000000,  0.000000,  0.000000,  0.000000,  0.000000,  0.000000,  0.000000,  0.000000,  0.000000,  0.000000,  0.000000,  0.000000,  0.000000,  0.000000,  0.000000,  0.000000,  0.000000,  0.000000,  0.000000,  0.000000,  0.000000,  0.000000,  0.000000,  0.000000,  0.000000,  0.000000,  0.000000,  0.000000,  0.000000,  0.000000,  0.000000,  0.000000,  0.000000,  0.000000,  0.000000,  0.000000,  0.000000,  0.000000 ]
checksum = 1.000000
====================
[ 0.000000,  0.000000,  0.000073,  0.348469,  0.146733,  0.074466,  0.042651,  0.027592,  0.019176,  0.014487,  0.326354,  0.000000,  0.000000,  0.000000,  0.000000,  0.000000,  0.000000,  0.000000,  0.000000,  0.000000,  0.000000,  0.000000,  0.000000,  0.000000,  0.000000,  0.000000,  0.000000,  0.000000,  0.000000,  0.000000,  0.000000,  0.000000,  0.000000,  0.000000,  0.000000,  0.000000,  0.000000,  0.000000,  0.000000,  0.000000,  0.000000,  0.000000,  0.000000,  0.000000,  0.000000,  0.000000,  0.000000,  0.000000,  0.000000,  0.000000,  0.000000,  0.000000,  0.000000,  0.000000,  0.000000,  0.000000,  0.000000,  0.000000,  0.000000,  0.000000,  0.000000,  0.000000,  0.000000,  0.000000,  0.000000,  0.000000,  0.000000,  0.000000,  0.000000,  0.000000,  0.000000,  0.000000,  0.000000,  0.000000,  0.000000,  0.000000,  0.000000,  0.000000,  0.000000,  0.000000,  0.000000,  0.000000,  0.000000,  0.000000,  0.000000,  0.000000,  0.000000,  0.000000,  0.000000,  0.000000,  0.000000,  0.000000,  0.000000,  0.000000,  0.000000,  0.000000,  0.000000,  0.000000,  0.000000,  0.000000,  0.000000 ]
f3=0.348132 a3=0.651868
f4=0.146868 a4=0.505000
f5=0.075196 a5=0.429804
f6=0.043516 a6=0.386287
f7=0.027404 a7=0.358884
f8=0.018359 a8=0.340525
f9=0.012894 a9=0.327631
f10=0.327631
[ 0.348132,  0.146868,  0.075196,  0.043516,  0.027404,  0.018359,  0.012894, 0.327631]
0.327631 == 0.327631
