Repeated 0 time
f3=0.408671 a3=0.591329
f4=0.187949 a4=0.403381
f5=0.102892 a5=0.300489
f6=0.062892 a6=0.237597
f7=0.041480 a7=0.196117
f8=0.028924 a8=0.167193
f9=0.021045 a9=0.146149
f10=0.015834 a10=0.130314
f11=0.012242 a11=0.118073
f12=0.009679 a12=0.108394
f13=0.007797 a13=0.100596
f14=0.006383 a14=0.094213
f15=0.005299 a15=0.088915
f16=0.004451 a16=0.084463
f17=0.003779 a17=0.080684
f18=0.003239 a18=0.077446
f19=0.002799 a19=0.074647
f20=0.074647
[ 0.408671,  0.187949,  0.102892,  0.062892,  0.041480,  0.028924,  0.021045,  0.015834,  0.012242,  0.009679,  0.007797,  0.006383,  0.005299,  0.004451,  0.003779,  0.003239,  0.002799, 0.074647]
0.074647 == 0.074647

total 92040 nodes
[ 0.000000,  0.000380,  0.407997,  0.187234,  0.105487,  0.058453,  0.045698,  0.030150,  0.015482,  0.019144,  0.013244,  0.007366,  0.011321,  0.004313,  0.004933,  0.002847,  0.006160,  0.004368,  0.002977,  0.072447,  0.000000,  0.000000,  0.000000,  0.000000,  0.000000,  0.000000,  0.000000,  0.000000,  0.000000,  0.000000,  0.000000,  0.000000,  0.000000,  0.000000,  0.000000,  0.000000,  0.000000,  0.000000,  0.000000,  0.000000,  0.000000,  0.000000,  0.000000,  0.000000,  0.000000,  0.000000,  0.000000,  0.000000,  0.000000,  0.000000,  0.000000,  0.000000,  0.000000,  0.000000,  0.000000,  0.000000,  0.000000,  0.000000,  0.000000,  0.000000,  0.000000,  0.000000,  0.000000,  0.000000,  0.000000,  0.000000,  0.000000,  0.000000,  0.000000,  0.000000,  0.000000,  0.000000,  0.000000,  0.000000,  0.000000,  0.000000,  0.000000,  0.000000,  0.000000,  0.000000,  0.000000,  0.000000,  0.000000,  0.000000,  0.000000,  0.000000,  0.000000,  0.000000,  0.000000,  0.000000,  0.000000,  0.000000,  0.000000,  0.000000,  0.000000,  0.000000,  0.000000,  0.000000,  0.000000,  0.000000,  0.000000,  0.000000,  0.000000,  0.000000,  0.000000,  0.000000,  0.000000,  0.000000,  0.000000,  0.000000,  0.000000,  0.000000,  0.000000,  0.000000,  0.000000,  0.000000,  0.000000,  0.000000,  0.000000,  0.000000,  0.000000,  0.000000,  0.000000,  0.000000,  0.000000,  0.000000,  0.000000,  0.000000,  0.000000,  0.000000,  0.000000,  0.000000,  0.000000,  0.000000,  0.000000,  0.000000,  0.000000,  0.000000,  0.000000,  0.000000,  0.000000,  0.000000,  0.000000,  0.000000,  0.000000,  0.000000,  0.000000,  0.000000,  0.000000,  0.000000,  0.000000,  0.000000,  0.000000,  0.000000,  0.000000,  0.000000,  0.000000,  0.000000,  0.000000,  0.000000,  0.000000,  0.000000,  0.000000,  0.000000,  0.000000,  0.000000,  0.000000,  0.000000,  0.000000,  0.000000,  0.000000,  0.000000,  0.000000,  0.000000,  0.000000,  0.000000,  0.000000,  0.000000,  0.000000,  0.000000,  0.000000,  0.000000,  0.000000,  0.000000,  0.000000,  0.000000,  0.000000,  0.000000,  0.000000,  0.000000,  0.000000,  0.000000,  0.000000,  0.000000,  0.000000,  0.000000,  0.000000,  0.000000,  0.000000,  0.000000 ]
checksum = 1.000000
Repeated 1 time
f3=0.408671 a3=0.591329
f4=0.187949 a4=0.403381
f5=0.102892 a5=0.300489
f6=0.062892 a6=0.237597
f7=0.041480 a7=0.196117
f8=0.028924 a8=0.167193
f9=0.021045 a9=0.146149
f10=0.015834 a10=0.130314
f11=0.012242 a11=0.118073
f12=0.009679 a12=0.108394
f13=0.007797 a13=0.100596
f14=0.006383 a14=0.094213
f15=0.005299 a15=0.088915
f16=0.004451 a16=0.084463
f17=0.003779 a17=0.080684
f18=0.003239 a18=0.077446
f19=0.002799 a19=0.074647
f20=0.074647
[ 0.408671,  0.187949,  0.102892,  0.062892,  0.041480,  0.028924,  0.021045,  0.015834,  0.012242,  0.009679,  0.007797,  0.006383,  0.005299,  0.004451,  0.003779,  0.003239,  0.002799, 0.074647]
0.074647 == 0.074647

total 92746 nodes
[ 0.000011,  0.000744,  0.410163,  0.187167,  0.097093,  0.061447,  0.043344,  0.031602,  0.023128,  0.013564,  0.013596,  0.012324,  0.005952,  0.004313,  0.008949,  0.003181,  0.003364,  0.005024,  0.001671,  0.073362,  0.000000,  0.000000,  0.000000,  0.000000,  0.000000,  0.000000,  0.000000,  0.000000,  0.000000,  0.000000,  0.000000,  0.000000,  0.000000,  0.000000,  0.000000,  0.000000,  0.000000,  0.000000,  0.000000,  0.000000,  0.000000,  0.000000,  0.000000,  0.000000,  0.000000,  0.000000,  0.000000,  0.000000,  0.000000,  0.000000,  0.000000,  0.000000,  0.000000,  0.000000,  0.000000,  0.000000,  0.000000,  0.000000,  0.000000,  0.000000,  0.000000,  0.000000,  0.000000,  0.000000,  0.000000,  0.000000,  0.000000,  0.000000,  0.000000,  0.000000,  0.000000,  0.000000,  0.000000,  0.000000,  0.000000,  0.000000,  0.000000,  0.000000,  0.000000,  0.000000,  0.000000,  0.000000,  0.000000,  0.000000,  0.000000,  0.000000,  0.000000,  0.000000,  0.000000,  0.000000,  0.000000,  0.000000,  0.000000,  0.000000,  0.000000,  0.000000,  0.000000,  0.000000,  0.000000,  0.000000,  0.000000,  0.000000,  0.000000,  0.000000,  0.000000,  0.000000,  0.000000,  0.000000,  0.000000,  0.000000,  0.000000,  0.000000,  0.000000,  0.000000,  0.000000,  0.000000,  0.000000,  0.000000,  0.000000,  0.000000,  0.000000,  0.000000,  0.000000,  0.000000,  0.000000,  0.000000,  0.000000,  0.000000,  0.000000,  0.000000,  0.000000,  0.000000,  0.000000,  0.000000,  0.000000,  0.000000,  0.000000,  0.000000,  0.000000,  0.000000,  0.000000,  0.000000,  0.000000,  0.000000,  0.000000,  0.000000,  0.000000,  0.000000,  0.000000,  0.000000,  0.000000,  0.000000,  0.000000,  0.000000,  0.000000,  0.000000,  0.000000,  0.000000,  0.000000,  0.000000,  0.000000,  0.000000,  0.000000,  0.000000,  0.000000,  0.000000,  0.000000,  0.000000,  0.000000,  0.000000,  0.000000,  0.000000,  0.000000,  0.000000,  0.000000,  0.000000,  0.000000,  0.000000,  0.000000,  0.000000,  0.000000,  0.000000,  0.000000,  0.000000,  0.000000,  0.000000,  0.000000,  0.000000,  0.000000,  0.000000,  0.000000,  0.000000,  0.000000,  0.000000,  0.000000,  0.000000,  0.000000,  0.000000,  0.000000,  0.000000 ]
checksum = 1.000000
Repeated 2 time
f3=0.408671 a3=0.591329
f4=0.187949 a4=0.403381
f5=0.102892 a5=0.300489
f6=0.062892 a6=0.237597
f7=0.041480 a7=0.196117
f8=0.028924 a8=0.167193
f9=0.021045 a9=0.146149
f10=0.015834 a10=0.130314
f11=0.012242 a11=0.118073
f12=0.009679 a12=0.108394
f13=0.007797 a13=0.100596
f14=0.006383 a14=0.094213
f15=0.005299 a15=0.088915
f16=0.004451 a16=0.084463
f17=0.003779 a17=0.080684
f18=0.003239 a18=0.077446
f19=0.002799 a19=0.074647
f20=0.074647
[ 0.408671,  0.187949,  0.102892,  0.062892,  0.041480,  0.028924,  0.021045,  0.015834,  0.012242,  0.009679,  0.007797,  0.006383,  0.005299,  0.004451,  0.003779,  0.003239,  0.002799, 0.074647]
0.074647 == 0.074647

total 92320 nodes
[ 0.000000,  0.000758,  0.407528,  0.190230,  0.097574,  0.067526,  0.042136,  0.029268,  0.022444,  0.012641,  0.012143,  0.012067,  0.006402,  0.004116,  0.006391,  0.004614,  0.003932,  0.001809,  0.004354,  0.074068,  0.000000,  0.000000,  0.000000,  0.000000,  0.000000,  0.000000,  0.000000,  0.000000,  0.000000,  0.000000,  0.000000,  0.000000,  0.000000,  0.000000,  0.000000,  0.000000,  0.000000,  0.000000,  0.000000,  0.000000,  0.000000,  0.000000,  0.000000,  0.000000,  0.000000,  0.000000,  0.000000,  0.000000,  0.000000,  0.000000,  0.000000,  0.000000,  0.000000,  0.000000,  0.000000,  0.000000,  0.000000,  0.000000,  0.000000,  0.000000,  0.000000,  0.000000,  0.000000,  0.000000,  0.000000,  0.000000,  0.000000,  0.000000,  0.000000,  0.000000,  0.000000,  0.000000,  0.000000,  0.000000,  0.000000,  0.000000,  0.000000,  0.000000,  0.000000,  0.000000,  0.000000,  0.000000,  0.000000,  0.000000,  0.000000,  0.000000,  0.000000,  0.000000,  0.000000,  0.000000,  0.000000,  0.000000,  0.000000,  0.000000,  0.000000,  0.000000,  0.000000,  0.000000,  0.000000,  0.000000,  0.000000,  0.000000,  0.000000,  0.000000,  0.000000,  0.000000,  0.000000,  0.000000,  0.000000,  0.000000,  0.000000,  0.000000,  0.000000,  0.000000,  0.000000,  0.000000,  0.000000,  0.000000,  0.000000,  0.000000,  0.000000,  0.000000,  0.000000,  0.000000,  0.000000,  0.000000,  0.000000,  0.000000,  0.000000,  0.000000,  0.000000,  0.000000,  0.000000,  0.000000,  0.000000,  0.000000,  0.000000,  0.000000,  0.000000,  0.000000,  0.000000,  0.000000,  0.000000,  0.000000,  0.000000,  0.000000,  0.000000,  0.000000,  0.000000,  0.000000,  0.000000,  0.000000,  0.000000,  0.000000,  0.000000,  0.000000,  0.000000,  0.000000,  0.000000,  0.000000,  0.000000,  0.000000,  0.000000,  0.000000,  0.000000,  0.000000,  0.000000,  0.000000,  0.000000,  0.000000,  0.000000,  0.000000,  0.000000,  0.000000,  0.000000,  0.000000,  0.000000,  0.000000,  0.000000,  0.000000,  0.000000,  0.000000,  0.000000,  0.000000,  0.000000,  0.000000,  0.000000,  0.000000,  0.000000,  0.000000,  0.000000,  0.000000,  0.000000,  0.000000,  0.000000,  0.000000,  0.000000,  0.000000,  0.000000,  0.000000 ]
checksum = 1.000000
Repeated 3 time
f3=0.408671 a3=0.591329
f4=0.187949 a4=0.403381
f5=0.102892 a5=0.300489
f6=0.062892 a6=0.237597
f7=0.041480 a7=0.196117
f8=0.028924 a8=0.167193
f9=0.021045 a9=0.146149
f10=0.015834 a10=0.130314
f11=0.012242 a11=0.118073
f12=0.009679 a12=0.108394
f13=0.007797 a13=0.100596
f14=0.006383 a14=0.094213
f15=0.005299 a15=0.088915
f16=0.004451 a16=0.084463
f17=0.003779 a17=0.080684
f18=0.003239 a18=0.077446
f19=0.002799 a19=0.074647
f20=0.074647
[ 0.408671,  0.187949,  0.102892,  0.062892,  0.041480,  0.028924,  0.021045,  0.015834,  0.012242,  0.009679,  0.007797,  0.006383,  0.005299,  0.004451,  0.003779,  0.003239,  0.002799, 0.074647]
0.074647 == 0.074647

total 92052 nodes
[ 0.000000,  0.000815,  0.407400,  0.189111,  0.103409,  0.055762,  0.045583,  0.033133,  0.013482,  0.017316,  0.019706,  0.006768,  0.009267,  0.006605,  0.005301,  0.000565,  0.005834,  0.001206,  0.006127,  0.072611,  0.000000,  0.000000,  0.000000,  0.000000,  0.000000,  0.000000,  0.000000,  0.000000,  0.000000,  0.000000,  0.000000,  0.000000,  0.000000,  0.000000,  0.000000,  0.000000,  0.000000,  0.000000,  0.000000,  0.000000,  0.000000,  0.000000,  0.000000,  0.000000,  0.000000,  0.000000,  0.000000,  0.000000,  0.000000,  0.000000,  0.000000,  0.000000,  0.000000,  0.000000,  0.000000,  0.000000,  0.000000,  0.000000,  0.000000,  0.000000,  0.000000,  0.000000,  0.000000,  0.000000,  0.000000,  0.000000,  0.000000,  0.000000,  0.000000,  0.000000,  0.000000,  0.000000,  0.000000,  0.000000,  0.000000,  0.000000,  0.000000,  0.000000,  0.000000,  0.000000,  0.000000,  0.000000,  0.000000,  0.000000,  0.000000,  0.000000,  0.000000,  0.000000,  0.000000,  0.000000,  0.000000,  0.000000,  0.000000,  0.000000,  0.000000,  0.000000,  0.000000,  0.000000,  0.000000,  0.000000,  0.000000,  0.000000,  0.000000,  0.000000,  0.000000,  0.000000,  0.000000,  0.000000,  0.000000,  0.000000,  0.000000,  0.000000,  0.000000,  0.000000,  0.000000,  0.000000,  0.000000,  0.000000,  0.000000,  0.000000,  0.000000,  0.000000,  0.000000,  0.000000,  0.000000,  0.000000,  0.000000,  0.000000,  0.000000,  0.000000,  0.000000,  0.000000,  0.000000,  0.000000,  0.000000,  0.000000,  0.000000,  0.000000,  0.000000,  0.000000,  0.000000,  0.000000,  0.000000,  0.000000,  0.000000,  0.000000,  0.000000,  0.000000,  0.000000,  0.000000,  0.000000,  0.000000,  0.000000,  0.000000,  0.000000,  0.000000,  0.000000,  0.000000,  0.000000,  0.000000,  0.000000,  0.000000,  0.000000,  0.000000,  0.000000,  0.000000,  0.000000,  0.000000,  0.000000,  0.000000,  0.000000,  0.000000,  0.000000,  0.000000,  0.000000,  0.000000,  0.000000,  0.000000,  0.000000,  0.000000,  0.000000,  0.000000,  0.000000,  0.000000,  0.000000,  0.000000,  0.000000,  0.000000,  0.000000,  0.000000,  0.000000,  0.000000,  0.000000,  0.000000,  0.000000,  0.000000,  0.000000,  0.000000,  0.000000,  0.000000 ]
checksum = 1.000000
Repeated 4 time
f3=0.408671 a3=0.591329
f4=0.187949 a4=0.403381
f5=0.102892 a5=0.300489
f6=0.062892 a6=0.237597
f7=0.041480 a7=0.196117
f8=0.028924 a8=0.167193
f9=0.021045 a9=0.146149
f10=0.015834 a10=0.130314
f11=0.012242 a11=0.118073
f12=0.009679 a12=0.108394
f13=0.007797 a13=0.100596
f14=0.006383 a14=0.094213
f15=0.005299 a15=0.088915
f16=0.004451 a16=0.084463
f17=0.003779 a17=0.080684
f18=0.003239 a18=0.077446
f19=0.002799 a19=0.074647
f20=0.074647
[ 0.408671,  0.187949,  0.102892,  0.062892,  0.041480,  0.028924,  0.021045,  0.015834,  0.012242,  0.009679,  0.007797,  0.006383,  0.005299,  0.004451,  0.003779,  0.003239,  0.002799, 0.074647]
0.074647 == 0.074647

total 92430 nodes
[ 0.000000,  0.000379,  0.410018,  0.189516,  0.094482,  0.066861,  0.039814,  0.027210,  0.023499,  0.017581,  0.016759,  0.007195,  0.004674,  0.002997,  0.010549,  0.006989,  0.000790,  0.003549,  0.004090,  0.073050,  0.000000,  0.000000,  0.000000,  0.000000,  0.000000,  0.000000,  0.000000,  0.000000,  0.000000,  0.000000,  0.000000,  0.000000,  0.000000,  0.000000,  0.000000,  0.000000,  0.000000,  0.000000,  0.000000,  0.000000,  0.000000,  0.000000,  0.000000,  0.000000,  0.000000,  0.000000,  0.000000,  0.000000,  0.000000,  0.000000,  0.000000,  0.000000,  0.000000,  0.000000,  0.000000,  0.000000,  0.000000,  0.000000,  0.000000,  0.000000,  0.000000,  0.000000,  0.000000,  0.000000,  0.000000,  0.000000,  0.000000,  0.000000,  0.000000,  0.000000,  0.000000,  0.000000,  0.000000,  0.000000,  0.000000,  0.000000,  0.000000,  0.000000,  0.000000,  0.000000,  0.000000,  0.000000,  0.000000,  0.000000,  0.000000,  0.000000,  0.000000,  0.000000,  0.000000,  0.000000,  0.000000,  0.000000,  0.000000,  0.000000,  0.000000,  0.000000,  0.000000,  0.000000,  0.000000,  0.000000,  0.000000,  0.000000,  0.000000,  0.000000,  0.000000,  0.000000,  0.000000,  0.000000,  0.000000,  0.000000,  0.000000,  0.000000,  0.000000,  0.000000,  0.000000,  0.000000,  0.000000,  0.000000,  0.000000,  0.000000,  0.000000,  0.000000,  0.000000,  0.000000,  0.000000,  0.000000,  0.000000,  0.000000,  0.000000,  0.000000,  0.000000,  0.000000,  0.000000,  0.000000,  0.000000,  0.000000,  0.000000,  0.000000,  0.000000,  0.000000,  0.000000,  0.000000,  0.000000,  0.000000,  0.000000,  0.000000,  0.000000,  0.000000,  0.000000,  0.000000,  0.000000,  0.000000,  0.000000,  0.000000,  0.000000,  0.000000,  0.000000,  0.000000,  0.000000,  0.000000,  0.000000,  0.000000,  0.000000,  0.000000,  0.000000,  0.000000,  0.000000,  0.000000,  0.000000,  0.000000,  0.000000,  0.000000,  0.000000,  0.000000,  0.000000,  0.000000,  0.000000,  0.000000,  0.000000,  0.000000,  0.000000,  0.000000,  0.000000,  0.000000,  0.000000,  0.000000,  0.000000,  0.000000,  0.000000,  0.000000,  0.000000,  0.000000,  0.000000,  0.000000,  0.000000,  0.000000,  0.000000,  0.000000,  0.000000,  0.000000 ]
checksum = 1.000000
Repeated 5 time
f3=0.408671 a3=0.591329
f4=0.187949 a4=0.403381
f5=0.102892 a5=0.300489
f6=0.062892 a6=0.237597
f7=0.041480 a7=0.196117
f8=0.028924 a8=0.167193
f9=0.021045 a9=0.146149
f10=0.015834 a10=0.130314
f11=0.012242 a11=0.118073
f12=0.009679 a12=0.108394
f13=0.007797 a13=0.100596
f14=0.006383 a14=0.094213
f15=0.005299 a15=0.088915
f16=0.004451 a16=0.084463
f17=0.003779 a17=0.080684
f18=0.003239 a18=0.077446
f19=0.002799 a19=0.074647
f20=0.074647
[ 0.408671,  0.187949,  0.102892,  0.062892,  0.041480,  0.028924,  0.021045,  0.015834,  0.012242,  0.009679,  0.007797,  0.006383,  0.005299,  0.004451,  0.003779,  0.003239,  0.002799, 0.074647]
0.074647 == 0.074647

total 91816 nodes
[ 0.000000,  0.000991,  0.406650,  0.190272,  0.102357,  0.065196,  0.035996,  0.030354,  0.024168,  0.013266,  0.013897,  0.010151,  0.005794,  0.006894,  0.006731,  0.003747,  0.001601,  0.004574,  0.001764,  0.075597,  0.000000,  0.000000,  0.000000,  0.000000,  0.000000,  0.000000,  0.000000,  0.000000,  0.000000,  0.000000,  0.000000,  0.000000,  0.000000,  0.000000,  0.000000,  0.000000,  0.000000,  0.000000,  0.000000,  0.000000,  0.000000,  0.000000,  0.000000,  0.000000,  0.000000,  0.000000,  0.000000,  0.000000,  0.000000,  0.000000,  0.000000,  0.000000,  0.000000,  0.000000,  0.000000,  0.000000,  0.000000,  0.000000,  0.000000,  0.000000,  0.000000,  0.000000,  0.000000,  0.000000,  0.000000,  0.000000,  0.000000,  0.000000,  0.000000,  0.000000,  0.000000,  0.000000,  0.000000,  0.000000,  0.000000,  0.000000,  0.000000,  0.000000,  0.000000,  0.000000,  0.000000,  0.000000,  0.000000,  0.000000,  0.000000,  0.000000,  0.000000,  0.000000,  0.000000,  0.000000,  0.000000,  0.000000,  0.000000,  0.000000,  0.000000,  0.000000,  0.000000,  0.000000,  0.000000,  0.000000,  0.000000,  0.000000,  0.000000,  0.000000,  0.000000,  0.000000,  0.000000,  0.000000,  0.000000,  0.000000,  0.000000,  0.000000,  0.000000,  0.000000,  0.000000,  0.000000,  0.000000,  0.000000,  0.000000,  0.000000,  0.000000,  0.000000,  0.000000,  0.000000,  0.000000,  0.000000,  0.000000,  0.000000,  0.000000,  0.000000,  0.000000,  0.000000,  0.000000,  0.000000,  0.000000,  0.000000,  0.000000,  0.000000,  0.000000,  0.000000,  0.000000,  0.000000,  0.000000,  0.000000,  0.000000,  0.000000,  0.000000,  0.000000,  0.000000,  0.000000,  0.000000,  0.000000,  0.000000,  0.000000,  0.000000,  0.000000,  0.000000,  0.000000,  0.000000,  0.000000,  0.000000,  0.000000,  0.000000,  0.000000,  0.000000,  0.000000,  0.000000,  0.000000,  0.000000,  0.000000,  0.000000,  0.000000,  0.000000,  0.000000,  0.000000,  0.000000,  0.000000,  0.000000,  0.000000,  0.000000,  0.000000,  0.000000,  0.000000,  0.000000,  0.000000,  0.000000,  0.000000,  0.000000,  0.000000,  0.000000,  0.000000,  0.000000,  0.000000,  0.000000,  0.000000,  0.000000,  0.000000,  0.000000,  0.000000,  0.000000 ]
checksum = 1.000000
Repeated 6 time
f3=0.408671 a3=0.591329
f4=0.187949 a4=0.403381
f5=0.102892 a5=0.300489
f6=0.062892 a6=0.237597
f7=0.041480 a7=0.196117
f8=0.028924 a8=0.167193
f9=0.021045 a9=0.146149
f10=0.015834 a10=0.130314
f11=0.012242 a11=0.118073
f12=0.009679 a12=0.108394
f13=0.007797 a13=0.100596
f14=0.006383 a14=0.094213
f15=0.005299 a15=0.088915
f16=0.004451 a16=0.084463
f17=0.003779 a17=0.080684
f18=0.003239 a18=0.077446
f19=0.002799 a19=0.074647
f20=0.074647
[ 0.408671,  0.187949,  0.102892,  0.062892,  0.041480,  0.028924,  0.021045,  0.015834,  0.012242,  0.009679,  0.007797,  0.006383,  0.005299,  0.004451,  0.003779,  0.003239,  0.002799, 0.074647]
0.074647 == 0.074647

total 91672 nodes
[ 0.000011,  0.000993,  0.409133,  0.186578,  0.101809,  0.067240,  0.038638,  0.028482,  0.023999,  0.010538,  0.012817,  0.011967,  0.006480,  0.006731,  0.004429,  0.006163,  0.003229,  0.004702,  0.000404,  0.075661,  0.000000,  0.000000,  0.000000,  0.000000,  0.000000,  0.000000,  0.000000,  0.000000,  0.000000,  0.000000,  0.000000,  0.000000,  0.000000,  0.000000,  0.000000,  0.000000,  0.000000,  0.000000,  0.000000,  0.000000,  0.000000,  0.000000,  0.000000,  0.000000,  0.000000,  0.000000,  0.000000,  0.000000,  0.000000,  0.000000,  0.000000,  0.000000,  0.000000,  0.000000,  0.000000,  0.000000,  0.000000,  0.000000,  0.000000,  0.000000,  0.000000,  0.000000,  0.000000,  0.000000,  0.000000,  0.000000,  0.000000,  0.000000,  0.000000,  0.000000,  0.000000,  0.000000,  0.000000,  0.000000,  0.000000,  0.000000,  0.000000,  0.000000,  0.000000,  0.000000,  0.000000,  0.000000,  0.000000,  0.000000,  0.000000,  0.000000,  0.000000,  0.000000,  0.000000,  0.000000,  0.000000,  0.000000,  0.000000,  0.000000,  0.000000,  0.000000,  0.000000,  0.000000,  0.000000,  0.000000,  0.000000,  0.000000,  0.000000,  0.000000,  0.000000,  0.000000,  0.000000,  0.000000,  0.000000,  0.000000,  0.000000,  0.000000,  0.000000,  0.000000,  0.000000,  0.000000,  0.000000,  0.000000,  0.000000,  0.000000,  0.000000,  0.000000,  0.000000,  0.000000,  0.000000,  0.000000,  0.000000,  0.000000,  0.000000,  0.000000,  0.000000,  0.000000,  0.000000,  0.000000,  0.000000,  0.000000,  0.000000,  0.000000,  0.000000,  0.000000,  0.000000,  0.000000,  0.000000,  0.000000,  0.000000,  0.000000,  0.000000,  0.000000,  0.000000,  0.000000,  0.000000,  0.000000,  0.000000,  0.000000,  0.000000,  0.000000,  0.000000,  0.000000,  0.000000,  0.000000,  0.000000,  0.000000,  0.000000,  0.000000,  0.000000,  0.000000,  0.000000,  0.000000,  0.000000,  0.000000,  0.000000,  0.000000,  0.000000,  0.000000,  0.000000,  0.000000,  0.000000,  0.000000,  0.000000,  0.000000,  0.000000,  0.000000,  0.000000,  0.000000,  0.000000,  0.000000,  0.000000,  0.000000,  0.000000,  0.000000,  0.000000,  0.000000,  0.000000,  0.000000,  0.000000,  0.000000,  0.000000,  0.000000,  0.000000,  0.000000 ]
checksum = 1.000000
Repeated 7 time
f3=0.408671 a3=0.591329
f4=0.187949 a4=0.403381
f5=0.102892 a5=0.300489
f6=0.062892 a6=0.237597
f7=0.041480 a7=0.196117
f8=0.028924 a8=0.167193
f9=0.021045 a9=0.146149
f10=0.015834 a10=0.130314
f11=0.012242 a11=0.118073
f12=0.009679 a12=0.108394
f13=0.007797 a13=0.100596
f14=0.006383 a14=0.094213
f15=0.005299 a15=0.088915
f16=0.004451 a16=0.084463
f17=0.003779 a17=0.080684
f18=0.003239 a18=0.077446
f19=0.002799 a19=0.074647
f20=0.074647
[ 0.408671,  0.187949,  0.102892,  0.062892,  0.041480,  0.028924,  0.021045,  0.015834,  0.012242,  0.009679,  0.007797,  0.006383,  0.005299,  0.004451,  0.003779,  0.003239,  0.002799, 0.074647]
0.074647 == 0.074647

total 92284 nodes
[ 0.000011,  0.000618,  0.408695,  0.190044,  0.097482,  0.071020,  0.032649,  0.034426,  0.019169,  0.017793,  0.013502,  0.008463,  0.006133,  0.004584,  0.006599,  0.004053,  0.003262,  0.004389,  0.000748,  0.076362,  0.000000,  0.000000,  0.000000,  0.000000,  0.000000,  0.000000,  0.000000,  0.000000,  0.000000,  0.000000,  0.000000,  0.000000,  0.000000,  0.000000,  0.000000,  0.000000,  0.000000,  0.000000,  0.000000,  0.000000,  0.000000,  0.000000,  0.000000,  0.000000,  0.000000,  0.000000,  0.000000,  0.000000,  0.000000,  0.000000,  0.000000,  0.000000,  0.000000,  0.000000,  0.000000,  0.000000,  0.000000,  0.000000,  0.000000,  0.000000,  0.000000,  0.000000,  0.000000,  0.000000,  0.000000,  0.000000,  0.000000,  0.000000,  0.000000,  0.000000,  0.000000,  0.000000,  0.000000,  0.000000,  0.000000,  0.000000,  0.000000,  0.000000,  0.000000,  0.000000,  0.000000,  0.000000,  0.000000,  0.000000,  0.000000,  0.000000,  0.000000,  0.000000,  0.000000,  0.000000,  0.000000,  0.000000,  0.000000,  0.000000,  0.000000,  0.000000,  0.000000,  0.000000,  0.000000,  0.000000,  0.000000,  0.000000,  0.000000,  0.000000,  0.000000,  0.000000,  0.000000,  0.000000,  0.000000,  0.000000,  0.000000,  0.000000,  0.000000,  0.000000,  0.000000,  0.000000,  0.000000,  0.000000,  0.000000,  0.000000,  0.000000,  0.000000,  0.000000,  0.000000,  0.000000,  0.000000,  0.000000,  0.000000,  0.000000,  0.000000,  0.000000,  0.000000,  0.000000,  0.000000,  0.000000,  0.000000,  0.000000,  0.000000,  0.000000,  0.000000,  0.000000,  0.000000,  0.000000,  0.000000,  0.000000,  0.000000,  0.000000,  0.000000,  0.000000,  0.000000,  0.000000,  0.000000,  0.000000,  0.000000,  0.000000,  0.000000,  0.000000,  0.000000,  0.000000,  0.000000,  0.000000,  0.000000,  0.000000,  0.000000,  0.000000,  0.000000,  0.000000,  0.000000,  0.000000,  0.000000,  0.000000,  0.000000,  0.000000,  0.000000,  0.000000,  0.000000,  0.000000,  0.000000,  0.000000,  0.000000,  0.000000,  0.000000,  0.000000,  0.000000,  0.000000,  0.000000,  0.000000,  0.000000,  0.000000,  0.000000,  0.000000,  0.000000,  0.000000,  0.000000,  0.000000,  0.000000,  0.000000,  0.000000,  0.000000,  0.000000 ]
checksum = 1.000000
Repeated 8 time
f3=0.408671 a3=0.591329
f4=0.187949 a4=0.403381
f5=0.102892 a5=0.300489
f6=0.062892 a6=0.237597
f7=0.041480 a7=0.196117
f8=0.028924 a8=0.167193
f9=0.021045 a9=0.146149
f10=0.015834 a10=0.130314
f11=0.012242 a11=0.118073
f12=0.009679 a12=0.108394
f13=0.007797 a13=0.100596
f14=0.006383 a14=0.094213
f15=0.005299 a15=0.088915
f16=0.004451 a16=0.084463
f17=0.003779 a17=0.080684
f18=0.003239 a18=0.077446
f19=0.002799 a19=0.074647
f20=0.074647
[ 0.408671,  0.187949,  0.102892,  0.062892,  0.041480,  0.028924,  0.021045,  0.015834,  0.012242,  0.009679,  0.007797,  0.006383,  0.005299,  0.004451,  0.003779,  0.003239,  0.002799, 0.074647]
0.074647 == 0.074647

total 92156 nodes
[ 0.000000,  0.000694,  0.404694,  0.186933,  0.107264,  0.063610,  0.039932,  0.026195,  0.025815,  0.016179,  0.008789,  0.011687,  0.007531,  0.007129,  0.003570,  0.003776,  0.006825,  0.001248,  0.002637,  0.075492,  0.000000,  0.000000,  0.000000,  0.000000,  0.000000,  0.000000,  0.000000,  0.000000,  0.000000,  0.000000,  0.000000,  0.000000,  0.000000,  0.000000,  0.000000,  0.000000,  0.000000,  0.000000,  0.000000,  0.000000,  0.000000,  0.000000,  0.000000,  0.000000,  0.000000,  0.000000,  0.000000,  0.000000,  0.000000,  0.000000,  0.000000,  0.000000,  0.000000,  0.000000,  0.000000,  0.000000,  0.000000,  0.000000,  0.000000,  0.000000,  0.000000,  0.000000,  0.000000,  0.000000,  0.000000,  0.000000,  0.000000,  0.000000,  0.000000,  0.000000,  0.000000,  0.000000,  0.000000,  0.000000,  0.000000,  0.000000,  0.000000,  0.000000,  0.000000,  0.000000,  0.000000,  0.000000,  0.000000,  0.000000,  0.000000,  0.000000,  0.000000,  0.000000,  0.000000,  0.000000,  0.000000,  0.000000,  0.000000,  0.000000,  0.000000,  0.000000,  0.000000,  0.000000,  0.000000,  0.000000,  0.000000,  0.000000,  0.000000,  0.000000,  0.000000,  0.000000,  0.000000,  0.000000,  0.000000,  0.000000,  0.000000,  0.000000,  0.000000,  0.000000,  0.000000,  0.000000,  0.000000,  0.000000,  0.000000,  0.000000,  0.000000,  0.000000,  0.000000,  0.000000,  0.000000,  0.000000,  0.000000,  0.000000,  0.000000,  0.000000,  0.000000,  0.000000,  0.000000,  0.000000,  0.000000,  0.000000,  0.000000,  0.000000,  0.000000,  0.000000,  0.000000,  0.000000,  0.000000,  0.000000,  0.000000,  0.000000,  0.000000,  0.000000,  0.000000,  0.000000,  0.000000,  0.000000,  0.000000,  0.000000,  0.000000,  0.000000,  0.000000,  0.000000,  0.000000,  0.000000,  0.000000,  0.000000,  0.000000,  0.000000,  0.000000,  0.000000,  0.000000,  0.000000,  0.000000,  0.000000,  0.000000,  0.000000,  0.000000,  0.000000,  0.000000,  0.000000,  0.000000,  0.000000,  0.000000,  0.000000,  0.000000,  0.000000,  0.000000,  0.000000,  0.000000,  0.000000,  0.000000,  0.000000,  0.000000,  0.000000,  0.000000,  0.000000,  0.000000,  0.000000,  0.000000,  0.000000,  0.000000,  0.000000,  0.000000,  0.000000 ]
checksum = 1.000000
Repeated 9 time
f3=0.408671 a3=0.591329
f4=0.187949 a4=0.403381
f5=0.102892 a5=0.300489
f6=0.062892 a6=0.237597
f7=0.041480 a7=0.196117
f8=0.028924 a8=0.167193
f9=0.021045 a9=0.146149
f10=0.015834 a10=0.130314
f11=0.012242 a11=0.118073
f12=0.009679 a12=0.108394
f13=0.007797 a13=0.100596
f14=0.006383 a14=0.094213
f15=0.005299 a15=0.088915
f16=0.004451 a16=0.084463
f17=0.003779 a17=0.080684
f18=0.003239 a18=0.077446
f19=0.002799 a19=0.074647
f20=0.074647
[ 0.408671,  0.187949,  0.102892,  0.062892,  0.041480,  0.028924,  0.021045,  0.015834,  0.012242,  0.009679,  0.007797,  0.006383,  0.005299,  0.004451,  0.003779,  0.003239,  0.002799, 0.074647]
0.074647 == 0.074647

total 91522 nodes
[ 0.000000,  0.000426,  0.403477,  0.192303,  0.102937,  0.063132,  0.038734,  0.031064,  0.019208,  0.019329,  0.010358,  0.013527,  0.008337,  0.003016,  0.005572,  0.006927,  0.000524,  0.004119,  0.004545,  0.072463,  0.000000,  0.000000,  0.000000,  0.000000,  0.000000,  0.000000,  0.000000,  0.000000,  0.000000,  0.000000,  0.000000,  0.000000,  0.000000,  0.000000,  0.000000,  0.000000,  0.000000,  0.000000,  0.000000,  0.000000,  0.000000,  0.000000,  0.000000,  0.000000,  0.000000,  0.000000,  0.000000,  0.000000,  0.000000,  0.000000,  0.000000,  0.000000,  0.000000,  0.000000,  0.000000,  0.000000,  0.000000,  0.000000,  0.000000,  0.000000,  0.000000,  0.000000,  0.000000,  0.000000,  0.000000,  0.000000,  0.000000,  0.000000,  0.000000,  0.000000,  0.000000,  0.000000,  0.000000,  0.000000,  0.000000,  0.000000,  0.000000,  0.000000,  0.000000,  0.000000,  0.000000,  0.000000,  0.000000,  0.000000,  0.000000,  0.000000,  0.000000,  0.000000,  0.000000,  0.000000,  0.000000,  0.000000,  0.000000,  0.000000,  0.000000,  0.000000,  0.000000,  0.000000,  0.000000,  0.000000,  0.000000,  0.000000,  0.000000,  0.000000,  0.000000,  0.000000,  0.000000,  0.000000,  0.000000,  0.000000,  0.000000,  0.000000,  0.000000,  0.000000,  0.000000,  0.000000,  0.000000,  0.000000,  0.000000,  0.000000,  0.000000,  0.000000,  0.000000,  0.000000,  0.000000,  0.000000,  0.000000,  0.000000,  0.000000,  0.000000,  0.000000,  0.000000,  0.000000,  0.000000,  0.000000,  0.000000,  0.000000,  0.000000,  0.000000,  0.000000,  0.000000,  0.000000,  0.000000,  0.000000,  0.000000,  0.000000,  0.000000,  0.000000,  0.000000,  0.000000,  0.000000,  0.000000,  0.000000,  0.000000,  0.000000,  0.000000,  0.000000,  0.000000,  0.000000,  0.000000,  0.000000,  0.000000,  0.000000,  0.000000,  0.000000,  0.000000,  0.000000,  0.000000,  0.000000,  0.000000,  0.000000,  0.000000,  0.000000,  0.000000,  0.000000,  0.000000,  0.000000,  0.000000,  0.000000,  0.000000,  0.000000,  0.000000,  0.000000,  0.000000,  0.000000,  0.000000,  0.000000,  0.000000,  0.000000,  0.000000,  0.000000,  0.000000,  0.000000,  0.000000,  0.000000,  0.000000,  0.000000,  0.000000,  0.000000,  0.000000 ]
checksum = 1.000000
====================
[ 0.000000,  0.000003,  0.000680,  0.407576,  0.188939,  0.100989,  0.064025,  0.040252,  0.030188,  0.021039,  0.015735,  0.013481,  0.010151,  0.007189,  0.005070,  0.006302,  0.004286,  0.003552,  0.003499,  0.002932,  0.074111,  0.000000,  0.000000,  0.000000,  0.000000,  0.000000,  0.000000,  0.000000,  0.000000,  0.000000,  0.000000,  0.000000,  0.000000,  0.000000,  0.000000,  0.000000,  0.000000,  0.000000,  0.000000,  0.000000,  0.000000,  0.000000,  0.000000,  0.000000,  0.000000,  0.000000,  0.000000,  0.000000,  0.000000,  0.000000,  0.000000,  0.000000,  0.000000,  0.000000,  0.000000,  0.000000,  0.000000,  0.000000,  0.000000,  0.000000,  0.000000,  0.000000,  0.000000,  0.000000,  0.000000,  0.000000,  0.000000,  0.000000,  0.000000,  0.000000,  0.000000,  0.000000,  0.000000,  0.000000,  0.000000,  0.000000,  0.000000,  0.000000,  0.000000,  0.000000,  0.000000,  0.000000,  0.000000,  0.000000,  0.000000,  0.000000,  0.000000,  0.000000,  0.000000,  0.000000,  0.000000,  0.000000,  0.000000,  0.000000,  0.000000,  0.000000,  0.000000,  0.000000,  0.000000,  0.000000,  0.000000 ]
f3=0.408671 a3=0.591329
f4=0.187949 a4=0.403381
f5=0.102892 a5=0.300489
f6=0.062892 a6=0.237597
f7=0.041480 a7=0.196117
f8=0.028924 a8=0.167193
f9=0.021045 a9=0.146149
f10=0.015834 a10=0.130314
f11=0.012242 a11=0.118073
f12=0.009679 a12=0.108394
f13=0.007797 a13=0.100596
f14=0.006383 a14=0.094213
f15=0.005299 a15=0.088915
f16=0.004451 a16=0.084463
f17=0.003779 a17=0.080684
f18=0.003239 a18=0.077446
f19=0.002799 a19=0.074647
f20=0.074647
[ 0.408671,  0.187949,  0.102892,  0.062892,  0.041480,  0.028924,  0.021045,  0.015834,  0.012242,  0.009679,  0.007797,  0.006383,  0.005299,  0.004451,  0.003779,  0.003239,  0.002799, 0.074647]
0.074647 == 0.074647
