Repeated 0 time
f3=0.469917 a3=0.530083
f4=0.198246 a4=0.331837
f5=0.101502 a5=0.230335
f6=0.058740 a6=0.171595
f7=0.036991 a7=0.134605
f8=0.024781 a8=0.109824
f9=0.017404 a9=0.092420
f10=0.012688 a10=0.079732
f11=0.009532 a11=0.070199
f12=0.007342 a12=0.062857
f13=0.005775 a13=0.057082
f14=0.004624 a14=0.052458
f15=0.003759 a15=0.048699
f16=0.003098 a16=0.045601
f17=0.002582 a17=0.043019
f18=0.002176 a18=0.040843
f19=0.001850 a19=0.038993
f20=0.001586 a20=0.037407
f21=0.001370 a21=0.036037
f22=0.001192 a22=0.034846
f23=0.001043 a23=0.033803
f24=0.000918 a24=0.032885
f25=0.000812 a25=0.032073
f26=0.000722 a26=0.031351
f27=0.000645 a27=0.030707
f28=0.000578 a28=0.030129
f29=0.000520 a29=0.029608
f30=0.000470 a30=0.029139
f31=0.000426 a31=0.028713
f32=0.000387 a32=0.028325
f33=0.000353 a33=0.027972
f34=0.000323 a34=0.027650
f35=0.000296 a35=0.027354
f36=0.000272 a36=0.027082
f37=0.000250 a37=0.026831
f38=0.000231 a38=0.026600
f39=0.000214 a39=0.026386
f40=0.000198 a40=0.026188
f41=0.000184 a41=0.026004
f42=0.000171 a42=0.025833
f43=0.000160 a43=0.025673
f44=0.000149 a44=0.025524
f45=0.000139 a45=0.025385
f46=0.000130 a46=0.025254
f47=0.000122 a47=0.025132
f48=0.000115 a48=0.025017
f49=0.000108 a49=0.024910
f50=0.024910
[ 0.469917,  0.198246,  0.101502,  0.058740,  0.036991,  0.024781,  0.017404,  0.012688,  0.009532,  0.007342,  0.005775,  0.004624,  0.003759,  0.003098,  0.002582,  0.002176,  0.001850,  0.001586,  0.001370,  0.001192,  0.001043,  0.000918,  0.000812,  0.000722,  0.000645,  0.000578,  0.000520,  0.000470,  0.000426,  0.000387,  0.000353,  0.000323,  0.000296,  0.000272,  0.000250,  0.000231,  0.000214,  0.000198,  0.000184,  0.000171,  0.000160,  0.000149,  0.000139,  0.000130,  0.000122,  0.000115,  0.000108, 0.024910]
0.024910 == 0.024910

total 92099 nodes
[ 0.002725,  0.028773,  0.454533,  0.187744,  0.102900,  0.054376,  0.036700,  0.025592,  0.017383,  0.010988,  0.011184,  0.004083,  0.005114,  0.008491,  0.003464,  0.002128,  0.001846,  0.000945,  0.002074,  0.002780,  0.000152,  0.002139,  0.001933,  0.000326,  0.000706,  0.001075,  0.001933,  0.000651,  0.000749,  0.000760,  0.000326,  0.000022,  0.000141,  0.000510,  0.000347,  0.000575,  0.000239,  0.000011,  0.000988,  0.000597,  0.000358,  0.000337,  0.000185,  0.000152,  0.000109,  0.000109,  0.000271,  0.000130,  0.003876,  0.016471,  0.000000,  0.000000,  0.000000,  0.000000,  0.000000,  0.000000,  0.000000,  0.000000,  0.000000,  0.000000,  0.000000,  0.000000,  0.000000,  0.000000,  0.000000,  0.000000,  0.000000,  0.000000,  0.000000,  0.000000,  0.000000,  0.000000,  0.000000,  0.000000,  0.000000,  0.000000,  0.000000,  0.000000,  0.000000,  0.000000,  0.000000,  0.000000,  0.000000,  0.000000,  0.000000,  0.000000,  0.000000,  0.000000,  0.000000,  0.000000,  0.000000,  0.000000,  0.000000,  0.000000,  0.000000,  0.000000,  0.000000,  0.000000,  0.000000,  0.000000,  0.000000,  0.000000,  0.000000,  0.000000,  0.000000,  0.000000,  0.000000,  0.000000,  0.000000,  0.000000,  0.000000,  0.000000,  0.000000,  0.000000,  0.000000,  0.000000,  0.000000,  0.000000,  0.000000,  0.000000,  0.000000,  0.000000,  0.000000,  0.000000,  0.000000,  0.000000,  0.000000,  0.000000,  0.000000,  0.000000,  0.000000,  0.000000,  0.000000,  0.000000,  0.000000,  0.000000,  0.000000,  0.000000,  0.000000,  0.000000,  0.000000,  0.000000,  0.000000,  0.000000,  0.000000,  0.000000,  0.000000,  0.000000,  0.000000,  0.000000,  0.000000,  0.000000,  0.000000,  0.000000,  0.000000,  0.000000,  0.000000,  0.000000,  0.000000,  0.000000,  0.000000,  0.000000,  0.000000,  0.000000,  0.000000,  0.000000,  0.000000,  0.000000,  0.000000,  0.000000,  0.000000,  0.000000,  0.000000,  0.000000,  0.000000,  0.000000,  0.000000,  0.000000,  0.000000,  0.000000,  0.000000,  0.000000,  0.000000,  0.000000,  0.000000,  0.000000,  0.000000,  0.000000,  0.000000,  0.000000,  0.000000,  0.000000,  0.000000,  0.000000,  0.000000,  0.000000,  0.000000,  0.000000,  0.000000,  0.000000,  0.000000,  0.000000,  0.000000,  0.000000,  0.000000,  0.000000,  0.000000,  0.000000,  0.000000,  0.000000,  0.000000,  0.000000,  0.000000,  0.000000,  0.000000,  0.000000,  0.000000,  0.000000,  0.000000,  0.000000,  0.000000,  0.000000,  0.000000,  0.000000,  0.000000,  0.000000,  0.000000,  0.000000,  0.000000,  0.000000,  0.000000,  0.000000,  0.000000,  0.000000,  0.000000,  0.000000,  0.000000,  0.000000,  0.000000,  0.000000,  0.000000,  0.000000,  0.000000,  0.000000,  0.000000,  0.000000,  0.000000,  0.000000,  0.000000,  0.000000,  0.000000,  0.000000,  0.000000,  0.000000,  0.000000,  0.000000,  0.000000,  0.000000,  0.000000,  0.000000,  0.000000,  0.000000,  0.000000,  0.000000,  0.000000,  0.000000,  0.000000,  0.000000,  0.000000,  0.000000,  0.000000,  0.000000,  0.000000,  0.000000,  0.000000,  0.000000,  0.000000,  0.000000,  0.000000,  0.000000,  0.000000,  0.000000,  0.000000,  0.000000,  0.000000,  0.000000,  0.000000,  0.000000,  0.000000,  0.000000,  0.000000,  0.000000,  0.000000,  0.000000,  0.000000,  0.000000,  0.000000,  0.000000,  0.000000,  0.000000,  0.000000,  0.000000,  0.000000,  0.000000,  0.000000,  0.000000,  0.000000,  0.000000,  0.000000,  0.000000,  0.000000,  0.000000,  0.000000,  0.000000,  0.000000,  0.000000,  0.000000,  0.000000,  0.000000,  0.000000,  0.000000,  0.000000,  0.000000,  0.000000,  0.000000,  0.000000,  0.000000,  0.000000,  0.000000,  0.000000,  0.000000,  0.000000,  0.000000,  0.000000,  0.000000,  0.000000,  0.000000,  0.000000,  0.000000,  0.000000,  0.000000,  0.000000,  0.000000,  0.000000,  0.000000,  0.000000,  0.000000,  0.000000,  0.000000,  0.000000,  0.000000,  0.000000,  0.000000,  0.000000,  0.000000,  0.000000,  0.000000,  0.000000,  0.000000,  0.000000,  0.000000,  0.000000,  0.000000,  0.000000,  0.000000,  0.000000,  0.000000,  0.000000,  0.000000,  0.000000,  0.000000,  0.000000,  0.000000,  0.000000,  0.000000,  0.000000,  0.000000,  0.000000,  0.000000,  0.000000,  0.000000,  0.000000,  0.000000,  0.000000,  0.000000,  0.000000,  0.000000,  0.000000,  0.000000,  0.000000,  0.000000,  0.000000,  0.000000,  0.000000,  0.000000,  0.000000,  0.000000,  0.000000,  0.000000,  0.000000,  0.000000,  0.000000,  0.000000,  0.000000,  0.000000,  0.000000,  0.000000,  0.000000,  0.000000,  0.000000,  0.000000,  0.000000,  0.000000,  0.000000,  0.000000,  0.000000,  0.000000,  0.000000,  0.000000,  0.000000,  0.000000,  0.000000,  0.000000,  0.000000,  0.000000,  0.000000,  0.000000,  0.000000,  0.000000,  0.000000,  0.000000,  0.000000,  0.000000,  0.000000,  0.000000,  0.000000,  0.000000,  0.000000,  0.000000,  0.000000,  0.000000,  0.000000,  0.000000,  0.000000,  0.000000,  0.000000,  0.000000,  0.000000,  0.000000,  0.000000,  0.000000,  0.000000,  0.000000,  0.000000,  0.000000,  0.000000,  0.000000,  0.000000,  0.000000,  0.000000,  0.000000,  0.000000,  0.000000,  0.000000,  0.000000,  0.000000,  0.000000,  0.000000,  0.000000,  0.000000,  0.000000,  0.000000,  0.000000,  0.000000,  0.000000,  0.000000,  0.000000,  0.000000,  0.000000,  0.000000,  0.000000,  0.000000,  0.000000,  0.000000,  0.000000,  0.000000,  0.000000,  0.000000,  0.000000,  0.000000,  0.000000,  0.000000,  0.000000,  0.000000,  0.000000,  0.000000,  0.000000,  0.000000,  0.000000,  0.000000 ]
checksum = 1.000000
Repeated 1 time
f3=0.469917 a3=0.530083
f4=0.198246 a4=0.331837
f5=0.101502 a5=0.230335
f6=0.058740 a6=0.171595
f7=0.036991 a7=0.134605
f8=0.024781 a8=0.109824
f9=0.017404 a9=0.092420
f10=0.012688 a10=0.079732
f11=0.009532 a11=0.070199
f12=0.007342 a12=0.062857
f13=0.005775 a13=0.057082
f14=0.004624 a14=0.052458
f15=0.003759 a15=0.048699
f16=0.003098 a16=0.045601
f17=0.002582 a17=0.043019
f18=0.002176 a18=0.040843
f19=0.001850 a19=0.038993
f20=0.001586 a20=0.037407
f21=0.001370 a21=0.036037
f22=0.001192 a22=0.034846
f23=0.001043 a23=0.033803
f24=0.000918 a24=0.032885
f25=0.000812 a25=0.032073
f26=0.000722 a26=0.031351
f27=0.000645 a27=0.030707
f28=0.000578 a28=0.030129
f29=0.000520 a29=0.029608
f30=0.000470 a30=0.029139
f31=0.000426 a31=0.028713
f32=0.000387 a32=0.028325
f33=0.000353 a33=0.027972
f34=0.000323 a34=0.027650
f35=0.000296 a35=0.027354
f36=0.000272 a36=0.027082
f37=0.000250 a37=0.026831
f38=0.000231 a38=0.026600
f39=0.000214 a39=0.026386
f40=0.000198 a40=0.026188
f41=0.000184 a41=0.026004
f42=0.000171 a42=0.025833
f43=0.000160 a43=0.025673
f44=0.000149 a44=0.025524
f45=0.000139 a45=0.025385
f46=0.000130 a46=0.025254
f47=0.000122 a47=0.025132
f48=0.000115 a48=0.025017
f49=0.000108 a49=0.024910
f50=0.024910
[ 0.469917,  0.198246,  0.101502,  0.058740,  0.036991,  0.024781,  0.017404,  0.012688,  0.009532,  0.007342,  0.005775,  0.004624,  0.003759,  0.003098,  0.002582,  0.002176,  0.001850,  0.001586,  0.001370,  0.001192,  0.001043,  0.000918,  0.000812,  0.000722,  0.000645,  0.000578,  0.000520,  0.000470,  0.000426,  0.000387,  0.000353,  0.000323,  0.000296,  0.000272,  0.000250,  0.000231,  0.000214,  0.000198,  0.000184,  0.000171,  0.000160,  0.000149,  0.000139,  0.000130,  0.000122,  0.000115,  0.000108, 0.024910]
0.024910 == 0.024910

total 92136 nodes
[ 0.002627,  0.025701,  0.453308,  0.194853,  0.095989,  0.064340,  0.031812,  0.021132,  0.021892,  0.009888,  0.011711,  0.004906,  0.007608,  0.005644,  0.000336,  0.001552,  0.004103,  0.001889,  0.001910,  0.002865,  0.000336,  0.002268,  0.001758,  0.000293,  0.000890,  0.001986,  0.000065,  0.000293,  0.000510,  0.000684,  0.000847,  0.000011,  0.000228,  0.000944,  0.000651,  0.000087,  0.000412,  0.000033,  0.000087,  0.000152,  0.000391,  0.000195,  0.000467,  0.000250,  0.000119,  0.000716,  0.000716,  0.000228,  0.002800,  0.017518,  0.000000,  0.000000,  0.000000,  0.000000,  0.000000,  0.000000,  0.000000,  0.000000,  0.000000,  0.000000,  0.000000,  0.000000,  0.000000,  0.000000,  0.000000,  0.000000,  0.000000,  0.000000,  0.000000,  0.000000,  0.000000,  0.000000,  0.000000,  0.000000,  0.000000,  0.000000,  0.000000,  0.000000,  0.000000,  0.000000,  0.000000,  0.000000,  0.000000,  0.000000,  0.000000,  0.000000,  0.000000,  0.000000,  0.000000,  0.000000,  0.000000,  0.000000,  0.000000,  0.000000,  0.000000,  0.000000,  0.000000,  0.000000,  0.000000,  0.000000,  0.000000,  0.000000,  0.000000,  0.000000,  0.000000,  0.000000,  0.000000,  0.000000,  0.000000,  0.000000,  0.000000,  0.000000,  0.000000,  0.000000,  0.000000,  0.000000,  0.000000,  0.000000,  0.000000,  0.000000,  0.000000,  0.000000,  0.000000,  0.000000,  0.000000,  0.000000,  0.000000,  0.000000,  0.000000,  0.000000,  0.000000,  0.000000,  0.000000,  0.000000,  0.000000,  0.000000,  0.000000,  0.000000,  0.000000,  0.000000,  0.000000,  0.000000,  0.000000,  0.000000,  0.000000,  0.000000,  0.000000,  0.000000,  0.000000,  0.000000,  0.000000,  0.000000,  0.000000,  0.000000,  0.000000,  0.000000,  0.000000,  0.000000,  0.000000,  0.000000,  0.000000,  0.000000,  0.000000,  0.000000,  0.000000,  0.000000,  0.000000,  0.000000,  0.000000,  0.000000,  0.000000,  0.000000,  0.000000,  0.000000,  0.000000,  0.000000,  0.000000,  0.000000,  0.000000,  0.000000,  0.000000,  0.000000,  0.000000,  0.000000,  0.000000,  0.000000,  0.000000,  0.000000,  0.000000,  0.000000,  0.000000,  0.000000,  0.000000,  0.000000,  0.000000,  0.000000,  0.000000,  0.000000,  0.000000,  0.000000,  0.000000,  0.000000,  0.000000,  0.000000,  0.000000,  0.000000,  0.000000,  0.000000,  0.000000,  0.000000,  0.000000,  0.000000,  0.000000,  0.000000,  0.000000,  0.000000,  0.000000,  0.000000,  0.000000,  0.000000,  0.000000,  0.000000,  0.000000,  0.000000,  0.000000,  0.000000,  0.000000,  0.000000,  0.000000,  0.000000,  0.000000,  0.000000,  0.000000,  0.000000,  0.000000,  0.000000,  0.000000,  0.000000,  0.000000,  0.000000,  0.000000,  0.000000,  0.000000,  0.000000,  0.000000,  0.000000,  0.000000,  0.000000,  0.000000,  0.000000,  0.000000,  0.000000,  0.000000,  0.000000,  0.000000,  0.000000,  0.000000,  0.000000,  0.000000,  0.000000,  0.000000,  0.000000,  0.000000,  0.000000,  0.000000,  0.000000,  0.000000,  0.000000,  0.000000,  0.000000,  0.000000,  0.000000,  0.000000,  0.000000,  0.000000,  0.000000,  0.000000,  0.000000,  0.000000,  0.000000,  0.000000,  0.000000,  0.000000,  0.000000,  0.000000,  0.000000,  0.000000,  0.000000,  0.000000,  0.000000,  0.000000,  0.000000,  0.000000,  0.000000,  0.000000,  0.000000,  0.000000,  0.000000,  0.000000,  0.000000,  0.000000,  0.000000,  0.000000,  0.000000,  0.000000,  0.000000,  0.000000,  0.000000,  0.000000,  0.000000,  0.000000,  0.000000,  0.000000,  0.000000,  0.000000,  0.000000,  0.000000,  0.000000,  0.000000,  0.000000,  0.000000,  0.000000,  0.000000,  0.000000,  0.000000,  0.000000,  0.000000,  0.000000,  0.000000,  0.000000,  0.000000,  0.000000,  0.000000,  0.000000,  0.000000,  0.000000,  0.000000,  0.000000,  0.000000,  0.000000,  0.000000,  0.000000,  0.000000,  0.000000,  0.000000,  0.000000,  0.000000,  0.000000,  0.000000,  0.000000,  0.000000,  0.000000,  0.000000,  0.000000,  0.000000,  0.000000,  0.000000,  0.000000,  0.000000,  0.000000,  0.000000,  0.000000,  0.000000,  0.000000,  0.000000,  0.000000,  0.000000,  0.000000,  0.000000,  0.000000,  0.000000,  0.000000,  0.000000,  0.000000,  0.000000,  0.000000,  0.000000,  0.000000,  0.000000,  0.000000,  0.000000,  0.000000,  0.000000,  0.000000,  0.000000,  0.000000,  0.000000,  0.000000,  0.000000,  0.000000,  0.000000,  0.000000,  0.000000,  0.000000,  0.000000,  0.000000,  0.000000,  0.000000,  0.000000,  0.000000,  0.000000,  0.000000,  0.000000,  0.000000,  0.000000,  0.000000,  0.000000,  0.000000,  0.000000,  0.000000,  0.000000,  0.000000,  0.000000,  0.000000,  0.000000,  0.000000,  0.000000,  0.000000,  0.000000,  0.000000,  0.000000,  0.000000,  0.000000,  0.000000,  0.000000,  0.000000,  0.000000,  0.000000,  0.000000,  0.000000,  0.000000,  0.000000,  0.000000,  0.000000,  0.000000,  0.000000,  0.000000,  0.000000,  0.000000,  0.000000,  0.000000,  0.000000,  0.000000,  0.000000,  0.000000,  0.000000,  0.000000,  0.000000,  0.000000,  0.000000,  0.000000,  0.000000,  0.000000,  0.000000,  0.000000,  0.000000,  0.000000,  0.000000,  0.000000,  0.000000,  0.000000,  0.000000,  0.000000,  0.000000,  0.000000,  0.000000,  0.000000,  0.000000,  0.000000,  0.000000,  0.000000,  0.000000,  0.000000,  0.000000,  0.000000,  0.000000,  0.000000,  0.000000,  0.000000,  0.000000,  0.000000,  0.000000,  0.000000,  0.000000,  0.000000,  0.000000,  0.000000,  0.000000,  0.000000,  0.000000,  0.000000,  0.000000,  0.000000,  0.000000,  0.000000,  0.000000,  0.000000,  0.000000,  0.000000,  0.000000 ]
checksum = 1.000000
Repeated 2 time
f3=0.469917 a3=0.530083
f4=0.198246 a4=0.331837
f5=0.101502 a5=0.230335
f6=0.058740 a6=0.171595
f7=0.036991 a7=0.134605
f8=0.024781 a8=0.109824
f9=0.017404 a9=0.092420
f10=0.012688 a10=0.079732
f11=0.009532 a11=0.070199
f12=0.007342 a12=0.062857
f13=0.005775 a13=0.057082
f14=0.004624 a14=0.052458
f15=0.003759 a15=0.048699
f16=0.003098 a16=0.045601
f17=0.002582 a17=0.043019
f18=0.002176 a18=0.040843
f19=0.001850 a19=0.038993
f20=0.001586 a20=0.037407
f21=0.001370 a21=0.036037
f22=0.001192 a22=0.034846
f23=0.001043 a23=0.033803
f24=0.000918 a24=0.032885
f25=0.000812 a25=0.032073
f26=0.000722 a26=0.031351
f27=0.000645 a27=0.030707
f28=0.000578 a28=0.030129
f29=0.000520 a29=0.029608
f30=0.000470 a30=0.029139
f31=0.000426 a31=0.028713
f32=0.000387 a32=0.028325
f33=0.000353 a33=0.027972
f34=0.000323 a34=0.027650
f35=0.000296 a35=0.027354
f36=0.000272 a36=0.027082
f37=0.000250 a37=0.026831
f38=0.000231 a38=0.026600
f39=0.000214 a39=0.026386
f40=0.000198 a40=0.026188
f41=0.000184 a41=0.026004
f42=0.000171 a42=0.025833
f43=0.000160 a43=0.025673
f44=0.000149 a44=0.025524
f45=0.000139 a45=0.025385
f46=0.000130 a46=0.025254
f47=0.000122 a47=0.025132
f48=0.000115 a48=0.025017
f49=0.000108 a49=0.024910
f50=0.024910
[ 0.469917,  0.198246,  0.101502,  0.058740,  0.036991,  0.024781,  0.017404,  0.012688,  0.009532,  0.007342,  0.005775,  0.004624,  0.003759,  0.003098,  0.002582,  0.002176,  0.001850,  0.001586,  0.001370,  0.001192,  0.001043,  0.000918,  0.000812,  0.000722,  0.000645,  0.000578,  0.000520,  0.000470,  0.000426,  0.000387,  0.000353,  0.000323,  0.000296,  0.000272,  0.000250,  0.000231,  0.000214,  0.000198,  0.000184,  0.000171,  0.000160,  0.000149,  0.000139,  0.000130,  0.000122,  0.000115,  0.000108, 0.024910]
0.024910 == 0.024910

total 92161 nodes
[ 0.002300,  0.026573,  0.460043,  0.192543,  0.091329,  0.060828,  0.040408,  0.017242,  0.019336,  0.010981,  0.007769,  0.008659,  0.006771,  0.003559,  0.004091,  0.002029,  0.003407,  0.003190,  0.001682,  0.000781,  0.000694,  0.002528,  0.000781,  0.001584,  0.000163,  0.000835,  0.000358,  0.000477,  0.000304,  0.001204,  0.000890,  0.001432,  0.000206,  0.000673,  0.000195,  0.000033,  0.000304,  0.000109,  0.000597,  0.000239,  0.000521,  0.000282,  0.000456,  0.000119,  0.000163,  0.000109,  0.000293,  0.000043,  0.004481,  0.016406,  0.000000,  0.000000,  0.000000,  0.000000,  0.000000,  0.000000,  0.000000,  0.000000,  0.000000,  0.000000,  0.000000,  0.000000,  0.000000,  0.000000,  0.000000,  0.000000,  0.000000,  0.000000,  0.000000,  0.000000,  0.000000,  0.000000,  0.000000,  0.000000,  0.000000,  0.000000,  0.000000,  0.000000,  0.000000,  0.000000,  0.000000,  0.000000,  0.000000,  0.000000,  0.000000,  0.000000,  0.000000,  0.000000,  0.000000,  0.000000,  0.000000,  0.000000,  0.000000,  0.000000,  0.000000,  0.000000,  0.000000,  0.000000,  0.000000,  0.000000,  0.000000,  0.000000,  0.000000,  0.000000,  0.000000,  0.000000,  0.000000,  0.000000,  0.000000,  0.000000,  0.000000,  0.000000,  0.000000,  0.000000,  0.000000,  0.000000,  0.000000,  0.000000,  0.000000,  0.000000,  0.000000,  0.000000,  0.000000,  0.000000,  0.000000,  0.000000,  0.000000,  0.000000,  0.000000,  0.000000,  0.000000,  0.000000,  0.000000,  0.000000,  0.000000,  0.000000,  0.000000,  0.000000,  0.000000,  0.000000,  0.000000,  0.000000,  0.000000,  0.000000,  0.000000,  0.000000,  0.000000,  0.000000,  0.000000,  0.000000,  0.000000,  0.000000,  0.000000,  0.000000,  0.000000,  0.000000,  0.000000,  0.000000,  0.000000,  0.000000,  0.000000,  0.000000,  0.000000,  0.000000,  0.000000,  0.000000,  0.000000,  0.000000,  0.000000,  0.000000,  0.000000,  0.000000,  0.000000,  0.000000,  0.000000,  0.000000,  0.000000,  0.000000,  0.000000,  0.000000,  0.000000,  0.000000,  0.000000,  0.000000,  0.000000,  0.000000,  0.000000,  0.000000,  0.000000,  0.000000,  0.000000,  0.000000,  0.000000,  0.000000,  0.000000,  0.000000,  0.000000,  0.000000,  0.000000,  0.000000,  0.000000,  0.000000,  0.000000,  0.000000,  0.000000,  0.000000,  0.000000,  0.000000,  0.000000,  0.000000,  0.000000,  0.000000,  0.000000,  0.000000,  0.000000,  0.000000,  0.000000,  0.000000,  0.000000,  0.000000,  0.000000,  0.000000,  0.000000,  0.000000,  0.000000,  0.000000,  0.000000,  0.000000,  0.000000,  0.000000,  0.000000,  0.000000,  0.000000,  0.000000,  0.000000,  0.000000,  0.000000,  0.000000,  0.000000,  0.000000,  0.000000,  0.000000,  0.000000,  0.000000,  0.000000,  0.000000,  0.000000,  0.000000,  0.000000,  0.000000,  0.000000,  0.000000,  0.000000,  0.000000,  0.000000,  0.000000,  0.000000,  0.000000,  0.000000,  0.000000,  0.000000,  0.000000,  0.000000,  0.000000,  0.000000,  0.000000,  0.000000,  0.000000,  0.000000,  0.000000,  0.000000,  0.000000,  0.000000,  0.000000,  0.000000,  0.000000,  0.000000,  0.000000,  0.000000,  0.000000,  0.000000,  0.000000,  0.000000,  0.000000,  0.000000,  0.000000,  0.000000,  0.000000,  0.000000,  0.000000,  0.000000,  0.000000,  0.000000,  0.000000,  0.000000,  0.000000,  0.000000,  0.000000,  0.000000,  0.000000,  0.000000,  0.000000,  0.000000,  0.000000,  0.000000,  0.000000,  0.000000,  0.000000,  0.000000,  0.000000,  0.000000,  0.000000,  0.000000,  0.000000,  0.000000,  0.000000,  0.000000,  0.000000,  0.000000,  0.000000,  0.000000,  0.000000,  0.000000,  0.000000,  0.000000,  0.000000,  0.000000,  0.000000,  0.000000,  0.000000,  0.000000,  0.000000,  0.000000,  0.000000,  0.000000,  0.000000,  0.000000,  0.000000,  0.000000,  0.000000,  0.000000,  0.000000,  0.000000,  0.000000,  0.000000,  0.000000,  0.000000,  0.000000,  0.000000,  0.000000,  0.000000,  0.000000,  0.000000,  0.000000,  0.000000,  0.000000,  0.000000,  0.000000,  0.000000,  0.000000,  0.000000,  0.000000,  0.000000,  0.000000,  0.000000,  0.000000,  0.000000,  0.000000,  0.000000,  0.000000,  0.000000,  0.000000,  0.000000,  0.000000,  0.000000,  0.000000,  0.000000,  0.000000,  0.000000,  0.000000,  0.000000,  0.000000,  0.000000,  0.000000,  0.000000,  0.000000,  0.000000,  0.000000,  0.000000,  0.000000,  0.000000,  0.000000,  0.000000,  0.000000,  0.000000,  0.000000,  0.000000,  0.000000,  0.000000,  0.000000,  0.000000,  0.000000,  0.000000,  0.000000,  0.000000,  0.000000,  0.000000,  0.000000,  0.000000,  0.000000,  0.000000,  0.000000,  0.000000,  0.000000,  0.000000,  0.000000,  0.000000,  0.000000,  0.000000,  0.000000,  0.000000,  0.000000,  0.000000,  0.000000,  0.000000,  0.000000,  0.000000,  0.000000,  0.000000,  0.000000,  0.000000,  0.000000,  0.000000,  0.000000,  0.000000,  0.000000,  0.000000,  0.000000,  0.000000,  0.000000,  0.000000,  0.000000,  0.000000,  0.000000,  0.000000,  0.000000,  0.000000,  0.000000,  0.000000,  0.000000,  0.000000,  0.000000,  0.000000,  0.000000,  0.000000,  0.000000,  0.000000,  0.000000,  0.000000,  0.000000,  0.000000,  0.000000,  0.000000,  0.000000,  0.000000,  0.000000,  0.000000,  0.000000,  0.000000,  0.000000,  0.000000,  0.000000,  0.000000,  0.000000,  0.000000,  0.000000,  0.000000,  0.000000,  0.000000,  0.000000,  0.000000,  0.000000,  0.000000,  0.000000,  0.000000,  0.000000,  0.000000,  0.000000,  0.000000,  0.000000,  0.000000,  0.000000,  0.000000,  0.000000,  0.000000,  0.000000,  0.000000,  0.000000,  0.000000,  0.000000 ]
checksum = 1.000000
Repeated 3 time
f3=0.469917 a3=0.530083
f4=0.198246 a4=0.331837
f5=0.101502 a5=0.230335
f6=0.058740 a6=0.171595
f7=0.036991 a7=0.134605
f8=0.024781 a8=0.109824
f9=0.017404 a9=0.092420
f10=0.012688 a10=0.079732
f11=0.009532 a11=0.070199
f12=0.007342 a12=0.062857
f13=0.005775 a13=0.057082
f14=0.004624 a14=0.052458
f15=0.003759 a15=0.048699
f16=0.003098 a16=0.045601
f17=0.002582 a17=0.043019
f18=0.002176 a18=0.040843
f19=0.001850 a19=0.038993
f20=0.001586 a20=0.037407
f21=0.001370 a21=0.036037
f22=0.001192 a22=0.034846
f23=0.001043 a23=0.033803
f24=0.000918 a24=0.032885
f25=0.000812 a25=0.032073
f26=0.000722 a26=0.031351
f27=0.000645 a27=0.030707
f28=0.000578 a28=0.030129
f29=0.000520 a29=0.029608
f30=0.000470 a30=0.029139
f31=0.000426 a31=0.028713
f32=0.000387 a32=0.028325
f33=0.000353 a33=0.027972
f34=0.000323 a34=0.027650
f35=0.000296 a35=0.027354
f36=0.000272 a36=0.027082
f37=0.000250 a37=0.026831
f38=0.000231 a38=0.026600
f39=0.000214 a39=0.026386
f40=0.000198 a40=0.026188
f41=0.000184 a41=0.026004
f42=0.000171 a42=0.025833
f43=0.000160 a43=0.025673
f44=0.000149 a44=0.025524
f45=0.000139 a45=0.025385
f46=0.000130 a46=0.025254
f47=0.000122 a47=0.025132
f48=0.000115 a48=0.025017
f49=0.000108 a49=0.024910
f50=0.024910
[ 0.469917,  0.198246,  0.101502,  0.058740,  0.036991,  0.024781,  0.017404,  0.012688,  0.009532,  0.007342,  0.005775,  0.004624,  0.003759,  0.003098,  0.002582,  0.002176,  0.001850,  0.001586,  0.001370,  0.001192,  0.001043,  0.000918,  0.000812,  0.000722,  0.000645,  0.000578,  0.000520,  0.000470,  0.000426,  0.000387,  0.000353,  0.000323,  0.000296,  0.000272,  0.000250,  0.000231,  0.000214,  0.000198,  0.000184,  0.000171,  0.000160,  0.000149,  0.000139,  0.000130,  0.000122,  0.000115,  0.000108, 0.024910]
0.024910 == 0.024910

total 92510 nodes
[ 0.001967,  0.024884,  0.455508,  0.190758,  0.099297,  0.062934,  0.032461,  0.024235,  0.018506,  0.010647,  0.011718,  0.004648,  0.005308,  0.005524,  0.003881,  0.001740,  0.004324,  0.000130,  0.000162,  0.005124,  0.001221,  0.000086,  0.001665,  0.001762,  0.000822,  0.001049,  0.001016,  0.000357,  0.000659,  0.000130,  0.000313,  0.001200,  0.000368,  0.000162,  0.000616,  0.000346,  0.000703,  0.000335,  0.000486,  0.000303,  0.000162,  0.000195,  0.000530,  0.000043,  0.000054,  0.000043,  0.000216,  0.000530,  0.003870,  0.017004,  0.000000,  0.000000,  0.000000,  0.000000,  0.000000,  0.000000,  0.000000,  0.000000,  0.000000,  0.000000,  0.000000,  0.000000,  0.000000,  0.000000,  0.000000,  0.000000,  0.000000,  0.000000,  0.000000,  0.000000,  0.000000,  0.000000,  0.000000,  0.000000,  0.000000,  0.000000,  0.000000,  0.000000,  0.000000,  0.000000,  0.000000,  0.000000,  0.000000,  0.000000,  0.000000,  0.000000,  0.000000,  0.000000,  0.000000,  0.000000,  0.000000,  0.000000,  0.000000,  0.000000,  0.000000,  0.000000,  0.000000,  0.000000,  0.000000,  0.000000,  0.000000,  0.000000,  0.000000,  0.000000,  0.000000,  0.000000,  0.000000,  0.000000,  0.000000,  0.000000,  0.000000,  0.000000,  0.000000,  0.000000,  0.000000,  0.000000,  0.000000,  0.000000,  0.000000,  0.000000,  0.000000,  0.000000,  0.000000,  0.000000,  0.000000,  0.000000,  0.000000,  0.000000,  0.000000,  0.000000,  0.000000,  0.000000,  0.000000,  0.000000,  0.000000,  0.000000,  0.000000,  0.000000,  0.000000,  0.000000,  0.000000,  0.000000,  0.000000,  0.000000,  0.000000,  0.000000,  0.000000,  0.000000,  0.000000,  0.000000,  0.000000,  0.000000,  0.000000,  0.000000,  0.000000,  0.000000,  0.000000,  0.000000,  0.000000,  0.000000,  0.000000,  0.000000,  0.000000,  0.000000,  0.000000,  0.000000,  0.000000,  0.000000,  0.000000,  0.000000,  0.000000,  0.000000,  0.000000,  0.000000,  0.000000,  0.000000,  0.000000,  0.000000,  0.000000,  0.000000,  0.000000,  0.000000,  0.000000,  0.000000,  0.000000,  0.000000,  0.000000,  0.000000,  0.000000,  0.000000,  0.000000,  0.000000,  0.000000,  0.000000,  0.000000,  0.000000,  0.000000,  0.000000,  0.000000,  0.000000,  0.000000,  0.000000,  0.000000,  0.000000,  0.000000,  0.000000,  0.000000,  0.000000,  0.000000,  0.000000,  0.000000,  0.000000,  0.000000,  0.000000,  0.000000,  0.000000,  0.000000,  0.000000,  0.000000,  0.000000,  0.000000,  0.000000,  0.000000,  0.000000,  0.000000,  0.000000,  0.000000,  0.000000,  0.000000,  0.000000,  0.000000,  0.000000,  0.000000,  0.000000,  0.000000,  0.000000,  0.000000,  0.000000,  0.000000,  0.000000,  0.000000,  0.000000,  0.000000,  0.000000,  0.000000,  0.000000,  0.000000,  0.000000,  0.000000,  0.000000,  0.000000,  0.000000,  0.000000,  0.000000,  0.000000,  0.000000,  0.000000,  0.000000,  0.000000,  0.000000,  0.000000,  0.000000,  0.000000,  0.000000,  0.000000,  0.000000,  0.000000,  0.000000,  0.000000,  0.000000,  0.000000,  0.000000,  0.000000,  0.000000,  0.000000,  0.000000,  0.000000,  0.000000,  0.000000,  0.000000,  0.000000,  0.000000,  0.000000,  0.000000,  0.000000,  0.000000,  0.000000,  0.000000,  0.000000,  0.000000,  0.000000,  0.000000,  0.000000,  0.000000,  0.000000,  0.000000,  0.000000,  0.000000,  0.000000,  0.000000,  0.000000,  0.000000,  0.000000,  0.000000,  0.000000,  0.000000,  0.000000,  0.000000,  0.000000,  0.000000,  0.000000,  0.000000,  0.000000,  0.000000,  0.000000,  0.000000,  0.000000,  0.000000,  0.000000,  0.000000,  0.000000,  0.000000,  0.000000,  0.000000,  0.000000,  0.000000,  0.000000,  0.000000,  0.000000,  0.000000,  0.000000,  0.000000,  0.000000,  0.000000,  0.000000,  0.000000,  0.000000,  0.000000,  0.000000,  0.000000,  0.000000,  0.000000,  0.000000,  0.000000,  0.000000,  0.000000,  0.000000,  0.000000,  0.000000,  0.000000,  0.000000,  0.000000,  0.000000,  0.000000,  0.000000,  0.000000,  0.000000,  0.000000,  0.000000,  0.000000,  0.000000,  0.000000,  0.000000,  0.000000,  0.000000,  0.000000,  0.000000,  0.000000,  0.000000,  0.000000,  0.000000,  0.000000,  0.000000,  0.000000,  0.000000,  0.000000,  0.000000,  0.000000,  0.000000,  0.000000,  0.000000,  0.000000,  0.000000,  0.000000,  0.000000,  0.000000,  0.000000,  0.000000,  0.000000,  0.000000,  0.000000,  0.000000,  0.000000,  0.000000,  0.000000,  0.000000,  0.000000,  0.000000,  0.000000,  0.000000,  0.000000,  0.000000,  0.000000,  0.000000,  0.000000,  0.000000,  0.000000,  0.000000,  0.000000,  0.000000,  0.000000,  0.000000,  0.000000,  0.000000,  0.000000,  0.000000,  0.000000,  0.000000,  0.000000,  0.000000,  0.000000,  0.000000,  0.000000,  0.000000,  0.000000,  0.000000,  0.000000,  0.000000,  0.000000,  0.000000,  0.000000,  0.000000,  0.000000,  0.000000,  0.000000,  0.000000,  0.000000,  0.000000,  0.000000,  0.000000,  0.000000,  0.000000,  0.000000,  0.000000,  0.000000,  0.000000,  0.000000,  0.000000,  0.000000,  0.000000,  0.000000,  0.000000,  0.000000,  0.000000,  0.000000,  0.000000,  0.000000,  0.000000,  0.000000,  0.000000,  0.000000,  0.000000,  0.000000,  0.000000,  0.000000,  0.000000,  0.000000,  0.000000,  0.000000,  0.000000,  0.000000,  0.000000,  0.000000,  0.000000,  0.000000,  0.000000,  0.000000,  0.000000,  0.000000,  0.000000,  0.000000,  0.000000,  0.000000,  0.000000,  0.000000,  0.000000,  0.000000,  0.000000,  0.000000,  0.000000,  0.000000,  0.000000,  0.000000,  0.000000,  0.000000,  0.000000,  0.000000,  0.000000,  0.000000,  0.000000 ]
checksum = 1.000000
Repeated 4 time
f3=0.469917 a3=0.530083
f4=0.198246 a4=0.331837
f5=0.101502 a5=0.230335
f6=0.058740 a6=0.171595
f7=0.036991 a7=0.134605
f8=0.024781 a8=0.109824
f9=0.017404 a9=0.092420
f10=0.012688 a10=0.079732
f11=0.009532 a11=0.070199
f12=0.007342 a12=0.062857
f13=0.005775 a13=0.057082
f14=0.004624 a14=0.052458
f15=0.003759 a15=0.048699
f16=0.003098 a16=0.045601
f17=0.002582 a17=0.043019
f18=0.002176 a18=0.040843
f19=0.001850 a19=0.038993
f20=0.001586 a20=0.037407
f21=0.001370 a21=0.036037
f22=0.001192 a22=0.034846
f23=0.001043 a23=0.033803
f24=0.000918 a24=0.032885
f25=0.000812 a25=0.032073
f26=0.000722 a26=0.031351
f27=0.000645 a27=0.030707
f28=0.000578 a28=0.030129
f29=0.000520 a29=0.029608
f30=0.000470 a30=0.029139
f31=0.000426 a31=0.028713
f32=0.000387 a32=0.028325
f33=0.000353 a33=0.027972
f34=0.000323 a34=0.027650
f35=0.000296 a35=0.027354
f36=0.000272 a36=0.027082
f37=0.000250 a37=0.026831
f38=0.000231 a38=0.026600
f39=0.000214 a39=0.026386
f40=0.000198 a40=0.026188
f41=0.000184 a41=0.026004
f42=0.000171 a42=0.025833
f43=0.000160 a43=0.025673
f44=0.000149 a44=0.025524
f45=0.000139 a45=0.025385
f46=0.000130 a46=0.025254
f47=0.000122 a47=0.025132
f48=0.000115 a48=0.025017
f49=0.000108 a49=0.024910
f50=0.024910
[ 0.469917,  0.198246,  0.101502,  0.058740,  0.036991,  0.024781,  0.017404,  0.012688,  0.009532,  0.007342,  0.005775,  0.004624,  0.003759,  0.003098,  0.002582,  0.002176,  0.001850,  0.001586,  0.001370,  0.001192,  0.001043,  0.000918,  0.000812,  0.000722,  0.000645,  0.000578,  0.000520,  0.000470,  0.000426,  0.000387,  0.000353,  0.000323,  0.000296,  0.000272,  0.000250,  0.000231,  0.000214,  0.000198,  0.000184,  0.000171,  0.000160,  0.000149,  0.000139,  0.000130,  0.000122,  0.000115,  0.000108, 0.024910]
0.024910 == 0.024910

total 91504 nodes
[ 0.002218,  0.025103,  0.459280,  0.192013,  0.091340,  0.064270,  0.033463,  0.026633,  0.016141,  0.012371,  0.007934,  0.009235,  0.003158,  0.003781,  0.006841,  0.002535,  0.000557,  0.002240,  0.002983,  0.000645,  0.003497,  0.001202,  0.001016,  0.000612,  0.001104,  0.000164,  0.000295,  0.001322,  0.000033,  0.000612,  0.000295,  0.000820,  0.000022,  0.000470,  0.000066,  0.000787,  0.000874,  0.000328,  0.000382,  0.000109,  0.000656,  0.000229,  0.000219,  0.000098,  0.000044,  0.000339,  0.000262,  0.000426,  0.004360,  0.016611,  0.000000,  0.000000,  0.000000,  0.000000,  0.000000,  0.000000,  0.000000,  0.000000,  0.000000,  0.000000,  0.000000,  0.000000,  0.000000,  0.000000,  0.000000,  0.000000,  0.000000,  0.000000,  0.000000,  0.000000,  0.000000,  0.000000,  0.000000,  0.000000,  0.000000,  0.000000,  0.000000,  0.000000,  0.000000,  0.000000,  0.000000,  0.000000,  0.000000,  0.000000,  0.000000,  0.000000,  0.000000,  0.000000,  0.000000,  0.000000,  0.000000,  0.000000,  0.000000,  0.000000,  0.000000,  0.000000,  0.000000,  0.000000,  0.000000,  0.000000,  0.000000,  0.000000,  0.000000,  0.000000,  0.000000,  0.000000,  0.000000,  0.000000,  0.000000,  0.000000,  0.000000,  0.000000,  0.000000,  0.000000,  0.000000,  0.000000,  0.000000,  0.000000,  0.000000,  0.000000,  0.000000,  0.000000,  0.000000,  0.000000,  0.000000,  0.000000,  0.000000,  0.000000,  0.000000,  0.000000,  0.000000,  0.000000,  0.000000,  0.000000,  0.000000,  0.000000,  0.000000,  0.000000,  0.000000,  0.000000,  0.000000,  0.000000,  0.000000,  0.000000,  0.000000,  0.000000,  0.000000,  0.000000,  0.000000,  0.000000,  0.000000,  0.000000,  0.000000,  0.000000,  0.000000,  0.000000,  0.000000,  0.000000,  0.000000,  0.000000,  0.000000,  0.000000,  0.000000,  0.000000,  0.000000,  0.000000,  0.000000,  0.000000,  0.000000,  0.000000,  0.000000,  0.000000,  0.000000,  0.000000,  0.000000,  0.000000,  0.000000,  0.000000,  0.000000,  0.000000,  0.000000,  0.000000,  0.000000,  0.000000,  0.000000,  0.000000,  0.000000,  0.000000,  0.000000,  0.000000,  0.000000,  0.000000,  0.000000,  0.000000,  0.000000,  0.000000,  0.000000,  0.000000,  0.000000,  0.000000,  0.000000,  0.000000,  0.000000,  0.000000,  0.000000,  0.000000,  0.000000,  0.000000,  0.000000,  0.000000,  0.000000,  0.000000,  0.000000,  0.000000,  0.000000,  0.000000,  0.000000,  0.000000,  0.000000,  0.000000,  0.000000,  0.000000,  0.000000,  0.000000,  0.000000,  0.000000,  0.000000,  0.000000,  0.000000,  0.000000,  0.000000,  0.000000,  0.000000,  0.000000,  0.000000,  0.000000,  0.000000,  0.000000,  0.000000,  0.000000,  0.000000,  0.000000,  0.000000,  0.000000,  0.000000,  0.000000,  0.000000,  0.000000,  0.000000,  0.000000,  0.000000,  0.000000,  0.000000,  0.000000,  0.000000,  0.000000,  0.000000,  0.000000,  0.000000,  0.000000,  0.000000,  0.000000,  0.000000,  0.000000,  0.000000,  0.000000,  0.000000,  0.000000,  0.000000,  0.000000,  0.000000,  0.000000,  0.000000,  0.000000,  0.000000,  0.000000,  0.000000,  0.000000,  0.000000,  0.000000,  0.000000,  0.000000,  0.000000,  0.000000,  0.000000,  0.000000,  0.000000,  0.000000,  0.000000,  0.000000,  0.000000,  0.000000,  0.000000,  0.000000,  0.000000,  0.000000,  0.000000,  0.000000,  0.000000,  0.000000,  0.000000,  0.000000,  0.000000,  0.000000,  0.000000,  0.000000,  0.000000,  0.000000,  0.000000,  0.000000,  0.000000,  0.000000,  0.000000,  0.000000,  0.000000,  0.000000,  0.000000,  0.000000,  0.000000,  0.000000,  0.000000,  0.000000,  0.000000,  0.000000,  0.000000,  0.000000,  0.000000,  0.000000,  0.000000,  0.000000,  0.000000,  0.000000,  0.000000,  0.000000,  0.000000,  0.000000,  0.000000,  0.000000,  0.000000,  0.000000,  0.000000,  0.000000,  0.000000,  0.000000,  0.000000,  0.000000,  0.000000,  0.000000,  0.000000,  0.000000,  0.000000,  0.000000,  0.000000,  0.000000,  0.000000,  0.000000,  0.000000,  0.000000,  0.000000,  0.000000,  0.000000,  0.000000,  0.000000,  0.000000,  0.000000,  0.000000,  0.000000,  0.000000,  0.000000,  0.000000,  0.000000,  0.000000,  0.000000,  0.000000,  0.000000,  0.000000,  0.000000,  0.000000,  0.000000,  0.000000,  0.000000,  0.000000,  0.000000,  0.000000,  0.000000,  0.000000,  0.000000,  0.000000,  0.000000,  0.000000,  0.000000,  0.000000,  0.000000,  0.000000,  0.000000,  0.000000,  0.000000,  0.000000,  0.000000,  0.000000,  0.000000,  0.000000,  0.000000,  0.000000,  0.000000,  0.000000,  0.000000,  0.000000,  0.000000,  0.000000,  0.000000,  0.000000,  0.000000,  0.000000,  0.000000,  0.000000,  0.000000,  0.000000,  0.000000,  0.000000,  0.000000,  0.000000,  0.000000,  0.000000,  0.000000,  0.000000,  0.000000,  0.000000,  0.000000,  0.000000,  0.000000,  0.000000,  0.000000,  0.000000,  0.000000,  0.000000,  0.000000,  0.000000,  0.000000,  0.000000,  0.000000,  0.000000,  0.000000,  0.000000,  0.000000,  0.000000,  0.000000,  0.000000,  0.000000,  0.000000,  0.000000,  0.000000,  0.000000,  0.000000,  0.000000,  0.000000,  0.000000,  0.000000,  0.000000,  0.000000,  0.000000,  0.000000,  0.000000,  0.000000,  0.000000,  0.000000,  0.000000,  0.000000,  0.000000,  0.000000,  0.000000,  0.000000,  0.000000,  0.000000,  0.000000,  0.000000,  0.000000,  0.000000,  0.000000,  0.000000,  0.000000,  0.000000,  0.000000,  0.000000,  0.000000,  0.000000,  0.000000,  0.000000,  0.000000,  0.000000,  0.000000,  0.000000,  0.000000,  0.000000,  0.000000,  0.000000,  0.000000,  0.000000,  0.000000,  0.000000 ]
checksum = 1.000000
Repeated 5 time
f3=0.469917 a3=0.530083
f4=0.198246 a4=0.331837
f5=0.101502 a5=0.230335
f6=0.058740 a6=0.171595
f7=0.036991 a7=0.134605
f8=0.024781 a8=0.109824
f9=0.017404 a9=0.092420
f10=0.012688 a10=0.079732
f11=0.009532 a11=0.070199
f12=0.007342 a12=0.062857
f13=0.005775 a13=0.057082
f14=0.004624 a14=0.052458
f15=0.003759 a15=0.048699
f16=0.003098 a16=0.045601
f17=0.002582 a17=0.043019
f18=0.002176 a18=0.040843
f19=0.001850 a19=0.038993
f20=0.001586 a20=0.037407
f21=0.001370 a21=0.036037
f22=0.001192 a22=0.034846
f23=0.001043 a23=0.033803
f24=0.000918 a24=0.032885
f25=0.000812 a25=0.032073
f26=0.000722 a26=0.031351
f27=0.000645 a27=0.030707
f28=0.000578 a28=0.030129
f29=0.000520 a29=0.029608
f30=0.000470 a30=0.029139
f31=0.000426 a31=0.028713
f32=0.000387 a32=0.028325
f33=0.000353 a33=0.027972
f34=0.000323 a34=0.027650
f35=0.000296 a35=0.027354
f36=0.000272 a36=0.027082
f37=0.000250 a37=0.026831
f38=0.000231 a38=0.026600
f39=0.000214 a39=0.026386
f40=0.000198 a40=0.026188
f41=0.000184 a41=0.026004
f42=0.000171 a42=0.025833
f43=0.000160 a43=0.025673
f44=0.000149 a44=0.025524
f45=0.000139 a45=0.025385
f46=0.000130 a46=0.025254
f47=0.000122 a47=0.025132
f48=0.000115 a48=0.025017
f49=0.000108 a49=0.024910
f50=0.024910
[ 0.469917,  0.198246,  0.101502,  0.058740,  0.036991,  0.024781,  0.017404,  0.012688,  0.009532,  0.007342,  0.005775,  0.004624,  0.003759,  0.003098,  0.002582,  0.002176,  0.001850,  0.001586,  0.001370,  0.001192,  0.001043,  0.000918,  0.000812,  0.000722,  0.000645,  0.000578,  0.000520,  0.000470,  0.000426,  0.000387,  0.000353,  0.000323,  0.000296,  0.000272,  0.000250,  0.000231,  0.000214,  0.000198,  0.000184,  0.000171,  0.000160,  0.000149,  0.000139,  0.000130,  0.000122,  0.000115,  0.000108, 0.024910]
0.024910 == 0.024910

total 92257 nodes
[ 0.002005,  0.027478,  0.452031,  0.199107,  0.095440,  0.052679,  0.040571,  0.022296,  0.021223,  0.010189,  0.008802,  0.008444,  0.001030,  0.005268,  0.004130,  0.004325,  0.003382,  0.001507,  0.002688,  0.001561,  0.002547,  0.000206,  0.000759,  0.001615,  0.000726,  0.000195,  0.001171,  0.000228,  0.000705,  0.000629,  0.000889,  0.000249,  0.000369,  0.000911,  0.000119,  0.000260,  0.000466,  0.000347,  0.000173,  0.000694,  0.000304,  0.000098,  0.000596,  0.000108,  0.000043,  0.000141,  0.000119,  0.000163,  0.003458,  0.017560,  0.000000,  0.000000,  0.000000,  0.000000,  0.000000,  0.000000,  0.000000,  0.000000,  0.000000,  0.000000,  0.000000,  0.000000,  0.000000,  0.000000,  0.000000,  0.000000,  0.000000,  0.000000,  0.000000,  0.000000,  0.000000,  0.000000,  0.000000,  0.000000,  0.000000,  0.000000,  0.000000,  0.000000,  0.000000,  0.000000,  0.000000,  0.000000,  0.000000,  0.000000,  0.000000,  0.000000,  0.000000,  0.000000,  0.000000,  0.000000,  0.000000,  0.000000,  0.000000,  0.000000,  0.000000,  0.000000,  0.000000,  0.000000,  0.000000,  0.000000,  0.000000,  0.000000,  0.000000,  0.000000,  0.000000,  0.000000,  0.000000,  0.000000,  0.000000,  0.000000,  0.000000,  0.000000,  0.000000,  0.000000,  0.000000,  0.000000,  0.000000,  0.000000,  0.000000,  0.000000,  0.000000,  0.000000,  0.000000,  0.000000,  0.000000,  0.000000,  0.000000,  0.000000,  0.000000,  0.000000,  0.000000,  0.000000,  0.000000,  0.000000,  0.000000,  0.000000,  0.000000,  0.000000,  0.000000,  0.000000,  0.000000,  0.000000,  0.000000,  0.000000,  0.000000,  0.000000,  0.000000,  0.000000,  0.000000,  0.000000,  0.000000,  0.000000,  0.000000,  0.000000,  0.000000,  0.000000,  0.000000,  0.000000,  0.000000,  0.000000,  0.000000,  0.000000,  0.000000,  0.000000,  0.000000,  0.000000,  0.000000,  0.000000,  0.000000,  0.000000,  0.000000,  0.000000,  0.000000,  0.000000,  0.000000,  0.000000,  0.000000,  0.000000,  0.000000,  0.000000,  0.000000,  0.000000,  0.000000,  0.000000,  0.000000,  0.000000,  0.000000,  0.000000,  0.000000,  0.000000,  0.000000,  0.000000,  0.000000,  0.000000,  0.000000,  0.000000,  0.000000,  0.000000,  0.000000,  0.000000,  0.000000,  0.000000,  0.000000,  0.000000,  0.000000,  0.000000,  0.000000,  0.000000,  0.000000,  0.000000,  0.000000,  0.000000,  0.000000,  0.000000,  0.000000,  0.000000,  0.000000,  0.000000,  0.000000,  0.000000,  0.000000,  0.000000,  0.000000,  0.000000,  0.000000,  0.000000,  0.000000,  0.000000,  0.000000,  0.000000,  0.000000,  0.000000,  0.000000,  0.000000,  0.000000,  0.000000,  0.000000,  0.000000,  0.000000,  0.000000,  0.000000,  0.000000,  0.000000,  0.000000,  0.000000,  0.000000,  0.000000,  0.000000,  0.000000,  0.000000,  0.000000,  0.000000,  0.000000,  0.000000,  0.000000,  0.000000,  0.000000,  0.000000,  0.000000,  0.000000,  0.000000,  0.000000,  0.000000,  0.000000,  0.000000,  0.000000,  0.000000,  0.000000,  0.000000,  0.000000,  0.000000,  0.000000,  0.000000,  0.000000,  0.000000,  0.000000,  0.000000,  0.000000,  0.000000,  0.000000,  0.000000,  0.000000,  0.000000,  0.000000,  0.000000,  0.000000,  0.000000,  0.000000,  0.000000,  0.000000,  0.000000,  0.000000,  0.000000,  0.000000,  0.000000,  0.000000,  0.000000,  0.000000,  0.000000,  0.000000,  0.000000,  0.000000,  0.000000,  0.000000,  0.000000,  0.000000,  0.000000,  0.000000,  0.000000,  0.000000,  0.000000,  0.000000,  0.000000,  0.000000,  0.000000,  0.000000,  0.000000,  0.000000,  0.000000,  0.000000,  0.000000,  0.000000,  0.000000,  0.000000,  0.000000,  0.000000,  0.000000,  0.000000,  0.000000,  0.000000,  0.000000,  0.000000,  0.000000,  0.000000,  0.000000,  0.000000,  0.000000,  0.000000,  0.000000,  0.000000,  0.000000,  0.000000,  0.000000,  0.000000,  0.000000,  0.000000,  0.000000,  0.000000,  0.000000,  0.000000,  0.000000,  0.000000,  0.000000,  0.000000,  0.000000,  0.000000,  0.000000,  0.000000,  0.000000,  0.000000,  0.000000,  0.000000,  0.000000,  0.000000,  0.000000,  0.000000,  0.000000,  0.000000,  0.000000,  0.000000,  0.000000,  0.000000,  0.000000,  0.000000,  0.000000,  0.000000,  0.000000,  0.000000,  0.000000,  0.000000,  0.000000,  0.000000,  0.000000,  0.000000,  0.000000,  0.000000,  0.000000,  0.000000,  0.000000,  0.000000,  0.000000,  0.000000,  0.000000,  0.000000,  0.000000,  0.000000,  0.000000,  0.000000,  0.000000,  0.000000,  0.000000,  0.000000,  0.000000,  0.000000,  0.000000,  0.000000,  0.000000,  0.000000,  0.000000,  0.000000,  0.000000,  0.000000,  0.000000,  0.000000,  0.000000,  0.000000,  0.000000,  0.000000,  0.000000,  0.000000,  0.000000,  0.000000,  0.000000,  0.000000,  0.000000,  0.000000,  0.000000,  0.000000,  0.000000,  0.000000,  0.000000,  0.000000,  0.000000,  0.000000,  0.000000,  0.000000,  0.000000,  0.000000,  0.000000,  0.000000,  0.000000,  0.000000,  0.000000,  0.000000,  0.000000,  0.000000,  0.000000,  0.000000,  0.000000,  0.000000,  0.000000,  0.000000,  0.000000,  0.000000,  0.000000,  0.000000,  0.000000,  0.000000,  0.000000,  0.000000,  0.000000,  0.000000,  0.000000,  0.000000,  0.000000,  0.000000,  0.000000,  0.000000,  0.000000,  0.000000,  0.000000,  0.000000,  0.000000,  0.000000,  0.000000,  0.000000,  0.000000,  0.000000,  0.000000,  0.000000,  0.000000,  0.000000,  0.000000,  0.000000,  0.000000,  0.000000,  0.000000,  0.000000,  0.000000,  0.000000,  0.000000,  0.000000,  0.000000,  0.000000,  0.000000,  0.000000,  0.000000,  0.000000,  0.000000,  0.000000 ]
checksum = 1.000000
Repeated 6 time
f3=0.469917 a3=0.530083
f4=0.198246 a4=0.331837
f5=0.101502 a5=0.230335
f6=0.058740 a6=0.171595
f7=0.036991 a7=0.134605
f8=0.024781 a8=0.109824
f9=0.017404 a9=0.092420
f10=0.012688 a10=0.079732
f11=0.009532 a11=0.070199
f12=0.007342 a12=0.062857
f13=0.005775 a13=0.057082
f14=0.004624 a14=0.052458
f15=0.003759 a15=0.048699
f16=0.003098 a16=0.045601
f17=0.002582 a17=0.043019
f18=0.002176 a18=0.040843
f19=0.001850 a19=0.038993
f20=0.001586 a20=0.037407
f21=0.001370 a21=0.036037
f22=0.001192 a22=0.034846
f23=0.001043 a23=0.033803
f24=0.000918 a24=0.032885
f25=0.000812 a25=0.032073
f26=0.000722 a26=0.031351
f27=0.000645 a27=0.030707
f28=0.000578 a28=0.030129
f29=0.000520 a29=0.029608
f30=0.000470 a30=0.029139
f31=0.000426 a31=0.028713
f32=0.000387 a32=0.028325
f33=0.000353 a33=0.027972
f34=0.000323 a34=0.027650
f35=0.000296 a35=0.027354
f36=0.000272 a36=0.027082
f37=0.000250 a37=0.026831
f38=0.000231 a38=0.026600
f39=0.000214 a39=0.026386
f40=0.000198 a40=0.026188
f41=0.000184 a41=0.026004
f42=0.000171 a42=0.025833
f43=0.000160 a43=0.025673
f44=0.000149 a44=0.025524
f45=0.000139 a45=0.025385
f46=0.000130 a46=0.025254
f47=0.000122 a47=0.025132
f48=0.000115 a48=0.025017
f49=0.000108 a49=0.024910
f50=0.024910
[ 0.469917,  0.198246,  0.101502,  0.058740,  0.036991,  0.024781,  0.017404,  0.012688,  0.009532,  0.007342,  0.005775,  0.004624,  0.003759,  0.003098,  0.002582,  0.002176,  0.001850,  0.001586,  0.001370,  0.001192,  0.001043,  0.000918,  0.000812,  0.000722,  0.000645,  0.000578,  0.000520,  0.000470,  0.000426,  0.000387,  0.000353,  0.000323,  0.000296,  0.000272,  0.000250,  0.000231,  0.000214,  0.000198,  0.000184,  0.000171,  0.000160,  0.000149,  0.000139,  0.000130,  0.000122,  0.000115,  0.000108, 0.024910]
0.024910 == 0.024910

total 92120 nodes
[ 0.002193,  0.026314,  0.452084,  0.193964,  0.100185,  0.059520,  0.035410,  0.022688,  0.019095,  0.007414,  0.008977,  0.009412,  0.007903,  0.003615,  0.003267,  0.003615,  0.001129,  0.003278,  0.002453,  0.000923,  0.001509,  0.000413,  0.002149,  0.001020,  0.002073,  0.000879,  0.000163,  0.000076,  0.000782,  0.001053,  0.000054,  0.000912,  0.000271,  0.000825,  0.000000,  0.000022,  0.000467,  0.000434,  0.000423,  0.000304,  0.000195,  0.000033,  0.000380,  0.000022,  0.000076,  0.000847,  0.000054,  0.000738,  0.002649,  0.017738,  0.000000,  0.000000,  0.000000,  0.000000,  0.000000,  0.000000,  0.000000,  0.000000,  0.000000,  0.000000,  0.000000,  0.000000,  0.000000,  0.000000,  0.000000,  0.000000,  0.000000,  0.000000,  0.000000,  0.000000,  0.000000,  0.000000,  0.000000,  0.000000,  0.000000,  0.000000,  0.000000,  0.000000,  0.000000,  0.000000,  0.000000,  0.000000,  0.000000,  0.000000,  0.000000,  0.000000,  0.000000,  0.000000,  0.000000,  0.000000,  0.000000,  0.000000,  0.000000,  0.000000,  0.000000,  0.000000,  0.000000,  0.000000,  0.000000,  0.000000,  0.000000,  0.000000,  0.000000,  0.000000,  0.000000,  0.000000,  0.000000,  0.000000,  0.000000,  0.000000,  0.000000,  0.000000,  0.000000,  0.000000,  0.000000,  0.000000,  0.000000,  0.000000,  0.000000,  0.000000,  0.000000,  0.000000,  0.000000,  0.000000,  0.000000,  0.000000,  0.000000,  0.000000,  0.000000,  0.000000,  0.000000,  0.000000,  0.000000,  0.000000,  0.000000,  0.000000,  0.000000,  0.000000,  0.000000,  0.000000,  0.000000,  0.000000,  0.000000,  0.000000,  0.000000,  0.000000,  0.000000,  0.000000,  0.000000,  0.000000,  0.000000,  0.000000,  0.000000,  0.000000,  0.000000,  0.000000,  0.000000,  0.000000,  0.000000,  0.000000,  0.000000,  0.000000,  0.000000,  0.000000,  0.000000,  0.000000,  0.000000,  0.000000,  0.000000,  0.000000,  0.000000,  0.000000,  0.000000,  0.000000,  0.000000,  0.000000,  0.000000,  0.000000,  0.000000,  0.000000,  0.000000,  0.000000,  0.000000,  0.000000,  0.000000,  0.000000,  0.000000,  0.000000,  0.000000,  0.000000,  0.000000,  0.000000,  0.000000,  0.000000,  0.000000,  0.000000,  0.000000,  0.000000,  0.000000,  0.000000,  0.000000,  0.000000,  0.000000,  0.000000,  0.000000,  0.000000,  0.000000,  0.000000,  0.000000,  0.000000,  0.000000,  0.000000,  0.000000,  0.000000,  0.000000,  0.000000,  0.000000,  0.000000,  0.000000,  0.000000,  0.000000,  0.000000,  0.000000,  0.000000,  0.000000,  0.000000,  0.000000,  0.000000,  0.000000,  0.000000,  0.000000,  0.000000,  0.000000,  0.000000,  0.000000,  0.000000,  0.000000,  0.000000,  0.000000,  0.000000,  0.000000,  0.000000,  0.000000,  0.000000,  0.000000,  0.000000,  0.000000,  0.000000,  0.000000,  0.000000,  0.000000,  0.000000,  0.000000,  0.000000,  0.000000,  0.000000,  0.000000,  0.000000,  0.000000,  0.000000,  0.000000,  0.000000,  0.000000,  0.000000,  0.000000,  0.000000,  0.000000,  0.000000,  0.000000,  0.000000,  0.000000,  0.000000,  0.000000,  0.000000,  0.000000,  0.000000,  0.000000,  0.000000,  0.000000,  0.000000,  0.000000,  0.000000,  0.000000,  0.000000,  0.000000,  0.000000,  0.000000,  0.000000,  0.000000,  0.000000,  0.000000,  0.000000,  0.000000,  0.000000,  0.000000,  0.000000,  0.000000,  0.000000,  0.000000,  0.000000,  0.000000,  0.000000,  0.000000,  0.000000,  0.000000,  0.000000,  0.000000,  0.000000,  0.000000,  0.000000,  0.000000,  0.000000,  0.000000,  0.000000,  0.000000,  0.000000,  0.000000,  0.000000,  0.000000,  0.000000,  0.000000,  0.000000,  0.000000,  0.000000,  0.000000,  0.000000,  0.000000,  0.000000,  0.000000,  0.000000,  0.000000,  0.000000,  0.000000,  0.000000,  0.000000,  0.000000,  0.000000,  0.000000,  0.000000,  0.000000,  0.000000,  0.000000,  0.000000,  0.000000,  0.000000,  0.000000,  0.000000,  0.000000,  0.000000,  0.000000,  0.000000,  0.000000,  0.000000,  0.000000,  0.000000,  0.000000,  0.000000,  0.000000,  0.000000,  0.000000,  0.000000,  0.000000,  0.000000,  0.000000,  0.000000,  0.000000,  0.000000,  0.000000,  0.000000,  0.000000,  0.000000,  0.000000,  0.000000,  0.000000,  0.000000,  0.000000,  0.000000,  0.000000,  0.000000,  0.000000,  0.000000,  0.000000,  0.000000,  0.000000,  0.000000,  0.000000,  0.000000,  0.000000,  0.000000,  0.000000,  0.000000,  0.000000,  0.000000,  0.000000,  0.000000,  0.000000,  0.000000,  0.000000,  0.000000,  0.000000,  0.000000,  0.000000,  0.000000,  0.000000,  0.000000,  0.000000,  0.000000,  0.000000,  0.000000,  0.000000,  0.000000,  0.000000,  0.000000,  0.000000,  0.000000,  0.000000,  0.000000,  0.000000,  0.000000,  0.000000,  0.000000,  0.000000,  0.000000,  0.000000,  0.000000,  0.000000,  0.000000,  0.000000,  0.000000,  0.000000,  0.000000,  0.000000,  0.000000,  0.000000,  0.000000,  0.000000,  0.000000,  0.000000,  0.000000,  0.000000,  0.000000,  0.000000,  0.000000,  0.000000,  0.000000,  0.000000,  0.000000,  0.000000,  0.000000,  0.000000,  0.000000,  0.000000,  0.000000,  0.000000,  0.000000,  0.000000,  0.000000,  0.000000,  0.000000,  0.000000,  0.000000,  0.000000,  0.000000,  0.000000,  0.000000,  0.000000,  0.000000,  0.000000,  0.000000,  0.000000,  0.000000,  0.000000,  0.000000,  0.000000,  0.000000,  0.000000,  0.000000,  0.000000,  0.000000,  0.000000,  0.000000,  0.000000,  0.000000,  0.000000,  0.000000,  0.000000,  0.000000,  0.000000,  0.000000,  0.000000,  0.000000,  0.000000,  0.000000,  0.000000,  0.000000,  0.000000,  0.000000,  0.000000,  0.000000,  0.000000 ]
checksum = 1.000000
Repeated 7 time
f3=0.469917 a3=0.530083
f4=0.198246 a4=0.331837
f5=0.101502 a5=0.230335
f6=0.058740 a6=0.171595
f7=0.036991 a7=0.134605
f8=0.024781 a8=0.109824
f9=0.017404 a9=0.092420
f10=0.012688 a10=0.079732
f11=0.009532 a11=0.070199
f12=0.007342 a12=0.062857
f13=0.005775 a13=0.057082
f14=0.004624 a14=0.052458
f15=0.003759 a15=0.048699
f16=0.003098 a16=0.045601
f17=0.002582 a17=0.043019
f18=0.002176 a18=0.040843
f19=0.001850 a19=0.038993
f20=0.001586 a20=0.037407
f21=0.001370 a21=0.036037
f22=0.001192 a22=0.034846
f23=0.001043 a23=0.033803
f24=0.000918 a24=0.032885
f25=0.000812 a25=0.032073
f26=0.000722 a26=0.031351
f27=0.000645 a27=0.030707
f28=0.000578 a28=0.030129
f29=0.000520 a29=0.029608
f30=0.000470 a30=0.029139
f31=0.000426 a31=0.028713
f32=0.000387 a32=0.028325
f33=0.000353 a33=0.027972
f34=0.000323 a34=0.027650
f35=0.000296 a35=0.027354
f36=0.000272 a36=0.027082
f37=0.000250 a37=0.026831
f38=0.000231 a38=0.026600
f39=0.000214 a39=0.026386
f40=0.000198 a40=0.026188
f41=0.000184 a41=0.026004
f42=0.000171 a42=0.025833
f43=0.000160 a43=0.025673
f44=0.000149 a44=0.025524
f45=0.000139 a45=0.025385
f46=0.000130 a46=0.025254
f47=0.000122 a47=0.025132
f48=0.000115 a48=0.025017
f49=0.000108 a49=0.024910
f50=0.024910
[ 0.469917,  0.198246,  0.101502,  0.058740,  0.036991,  0.024781,  0.017404,  0.012688,  0.009532,  0.007342,  0.005775,  0.004624,  0.003759,  0.003098,  0.002582,  0.002176,  0.001850,  0.001586,  0.001370,  0.001192,  0.001043,  0.000918,  0.000812,  0.000722,  0.000645,  0.000578,  0.000520,  0.000470,  0.000426,  0.000387,  0.000353,  0.000323,  0.000296,  0.000272,  0.000250,  0.000231,  0.000214,  0.000198,  0.000184,  0.000171,  0.000160,  0.000149,  0.000139,  0.000130,  0.000122,  0.000115,  0.000108, 0.024910]
0.024910 == 0.024910

total 91561 nodes
[ 0.002370,  0.027850,  0.457444,  0.187733,  0.103505,  0.049792,  0.042322,  0.021024,  0.016066,  0.014657,  0.006477,  0.011850,  0.000481,  0.005341,  0.004380,  0.005450,  0.002239,  0.001933,  0.002097,  0.002021,  0.000339,  0.002283,  0.000808,  0.000175,  0.000983,  0.000044,  0.001595,  0.000917,  0.000972,  0.000579,  0.000317,  0.000633,  0.000076,  0.000349,  0.000459,  0.000601,  0.000721,  0.000066,  0.000044,  0.000382,  0.000251,  0.000066,  0.000066,  0.000765,  0.000164,  0.000535,  0.000109,  0.000360,  0.004052,  0.016262,  0.000000,  0.000000,  0.000000,  0.000000,  0.000000,  0.000000,  0.000000,  0.000000,  0.000000,  0.000000,  0.000000,  0.000000,  0.000000,  0.000000,  0.000000,  0.000000,  0.000000,  0.000000,  0.000000,  0.000000,  0.000000,  0.000000,  0.000000,  0.000000,  0.000000,  0.000000,  0.000000,  0.000000,  0.000000,  0.000000,  0.000000,  0.000000,  0.000000,  0.000000,  0.000000,  0.000000,  0.000000,  0.000000,  0.000000,  0.000000,  0.000000,  0.000000,  0.000000,  0.000000,  0.000000,  0.000000,  0.000000,  0.000000,  0.000000,  0.000000,  0.000000,  0.000000,  0.000000,  0.000000,  0.000000,  0.000000,  0.000000,  0.000000,  0.000000,  0.000000,  0.000000,  0.000000,  0.000000,  0.000000,  0.000000,  0.000000,  0.000000,  0.000000,  0.000000,  0.000000,  0.000000,  0.000000,  0.000000,  0.000000,  0.000000,  0.000000,  0.000000,  0.000000,  0.000000,  0.000000,  0.000000,  0.000000,  0.000000,  0.000000,  0.000000,  0.000000,  0.000000,  0.000000,  0.000000,  0.000000,  0.000000,  0.000000,  0.000000,  0.000000,  0.000000,  0.000000,  0.000000,  0.000000,  0.000000,  0.000000,  0.000000,  0.000000,  0.000000,  0.000000,  0.000000,  0.000000,  0.000000,  0.000000,  0.000000,  0.000000,  0.000000,  0.000000,  0.000000,  0.000000,  0.000000,  0.000000,  0.000000,  0.000000,  0.000000,  0.000000,  0.000000,  0.000000,  0.000000,  0.000000,  0.000000,  0.000000,  0.000000,  0.000000,  0.000000,  0.000000,  0.000000,  0.000000,  0.000000,  0.000000,  0.000000,  0.000000,  0.000000,  0.000000,  0.000000,  0.000000,  0.000000,  0.000000,  0.000000,  0.000000,  0.000000,  0.000000,  0.000000,  0.000000,  0.000000,  0.000000,  0.000000,  0.000000,  0.000000,  0.000000,  0.000000,  0.000000,  0.000000,  0.000000,  0.000000,  0.000000,  0.000000,  0.000000,  0.000000,  0.000000,  0.000000,  0.000000,  0.000000,  0.000000,  0.000000,  0.000000,  0.000000,  0.000000,  0.000000,  0.000000,  0.000000,  0.000000,  0.000000,  0.000000,  0.000000,  0.000000,  0.000000,  0.000000,  0.000000,  0.000000,  0.000000,  0.000000,  0.000000,  0.000000,  0.000000,  0.000000,  0.000000,  0.000000,  0.000000,  0.000000,  0.000000,  0.000000,  0.000000,  0.000000,  0.000000,  0.000000,  0.000000,  0.000000,  0.000000,  0.000000,  0.000000,  0.000000,  0.000000,  0.000000,  0.000000,  0.000000,  0.000000,  0.000000,  0.000000,  0.000000,  0.000000,  0.000000,  0.000000,  0.000000,  0.000000,  0.000000,  0.000000,  0.000000,  0.000000,  0.000000,  0.000000,  0.000000,  0.000000,  0.000000,  0.000000,  0.000000,  0.000000,  0.000000,  0.000000,  0.000000,  0.000000,  0.000000,  0.000000,  0.000000,  0.000000,  0.000000,  0.000000,  0.000000,  0.000000,  0.000000,  0.000000,  0.000000,  0.000000,  0.000000,  0.000000,  0.000000,  0.000000,  0.000000,  0.000000,  0.000000,  0.000000,  0.000000,  0.000000,  0.000000,  0.000000,  0.000000,  0.000000,  0.000000,  0.000000,  0.000000,  0.000000,  0.000000,  0.000000,  0.000000,  0.000000,  0.000000,  0.000000,  0.000000,  0.000000,  0.000000,  0.000000,  0.000000,  0.000000,  0.000000,  0.000000,  0.000000,  0.000000,  0.000000,  0.000000,  0.000000,  0.000000,  0.000000,  0.000000,  0.000000,  0.000000,  0.000000,  0.000000,  0.000000,  0.000000,  0.000000,  0.000000,  0.000000,  0.000000,  0.000000,  0.000000,  0.000000,  0.000000,  0.000000,  0.000000,  0.000000,  0.000000,  0.000000,  0.000000,  0.000000,  0.000000,  0.000000,  0.000000,  0.000000,  0.000000,  0.000000,  0.000000,  0.000000,  0.000000,  0.000000,  0.000000,  0.000000,  0.000000,  0.000000,  0.000000,  0.000000,  0.000000,  0.000000,  0.000000,  0.000000,  0.000000,  0.000000,  0.000000,  0.000000,  0.000000,  0.000000,  0.000000,  0.000000,  0.000000,  0.000000,  0.000000,  0.000000,  0.000000,  0.000000,  0.000000,  0.000000,  0.000000,  0.000000,  0.000000,  0.000000,  0.000000,  0.000000,  0.000000,  0.000000,  0.000000,  0.000000,  0.000000,  0.000000,  0.000000,  0.000000,  0.000000,  0.000000,  0.000000,  0.000000,  0.000000,  0.000000,  0.000000,  0.000000,  0.000000,  0.000000,  0.000000,  0.000000,  0.000000,  0.000000,  0.000000,  0.000000,  0.000000,  0.000000,  0.000000,  0.000000,  0.000000,  0.000000,  0.000000,  0.000000,  0.000000,  0.000000,  0.000000,  0.000000,  0.000000,  0.000000,  0.000000,  0.000000,  0.000000,  0.000000,  0.000000,  0.000000,  0.000000,  0.000000,  0.000000,  0.000000,  0.000000,  0.000000,  0.000000,  0.000000,  0.000000,  0.000000,  0.000000,  0.000000,  0.000000,  0.000000,  0.000000,  0.000000,  0.000000,  0.000000,  0.000000,  0.000000,  0.000000,  0.000000,  0.000000,  0.000000,  0.000000,  0.000000,  0.000000,  0.000000,  0.000000,  0.000000,  0.000000,  0.000000,  0.000000,  0.000000,  0.000000,  0.000000,  0.000000,  0.000000,  0.000000,  0.000000,  0.000000,  0.000000,  0.000000,  0.000000,  0.000000,  0.000000,  0.000000,  0.000000,  0.000000,  0.000000,  0.000000,  0.000000,  0.000000,  0.000000,  0.000000,  0.000000 ]
checksum = 1.000000
Repeated 8 time
f3=0.469917 a3=0.530083
f4=0.198246 a4=0.331837
f5=0.101502 a5=0.230335
f6=0.058740 a6=0.171595
f7=0.036991 a7=0.134605
f8=0.024781 a8=0.109824
f9=0.017404 a9=0.092420
f10=0.012688 a10=0.079732
f11=0.009532 a11=0.070199
f12=0.007342 a12=0.062857
f13=0.005775 a13=0.057082
f14=0.004624 a14=0.052458
f15=0.003759 a15=0.048699
f16=0.003098 a16=0.045601
f17=0.002582 a17=0.043019
f18=0.002176 a18=0.040843
f19=0.001850 a19=0.038993
f20=0.001586 a20=0.037407
f21=0.001370 a21=0.036037
f22=0.001192 a22=0.034846
f23=0.001043 a23=0.033803
f24=0.000918 a24=0.032885
f25=0.000812 a25=0.032073
f26=0.000722 a26=0.031351
f27=0.000645 a27=0.030707
f28=0.000578 a28=0.030129
f29=0.000520 a29=0.029608
f30=0.000470 a30=0.029139
f31=0.000426 a31=0.028713
f32=0.000387 a32=0.028325
f33=0.000353 a33=0.027972
f34=0.000323 a34=0.027650
f35=0.000296 a35=0.027354
f36=0.000272 a36=0.027082
f37=0.000250 a37=0.026831
f38=0.000231 a38=0.026600
f39=0.000214 a39=0.026386
f40=0.000198 a40=0.026188
f41=0.000184 a41=0.026004
f42=0.000171 a42=0.025833
f43=0.000160 a43=0.025673
f44=0.000149 a44=0.025524
f45=0.000139 a45=0.025385
f46=0.000130 a46=0.025254
f47=0.000122 a47=0.025132
f48=0.000115 a48=0.025017
f49=0.000108 a49=0.024910
f50=0.024910
[ 0.469917,  0.198246,  0.101502,  0.058740,  0.036991,  0.024781,  0.017404,  0.012688,  0.009532,  0.007342,  0.005775,  0.004624,  0.003759,  0.003098,  0.002582,  0.002176,  0.001850,  0.001586,  0.001370,  0.001192,  0.001043,  0.000918,  0.000812,  0.000722,  0.000645,  0.000578,  0.000520,  0.000470,  0.000426,  0.000387,  0.000353,  0.000323,  0.000296,  0.000272,  0.000250,  0.000231,  0.000214,  0.000198,  0.000184,  0.000171,  0.000160,  0.000149,  0.000139,  0.000130,  0.000122,  0.000115,  0.000108, 0.024910]
0.024910 == 0.024910

total 92015 nodes
[ 0.002532,  0.028050,  0.454622,  0.191480,  0.094648,  0.063261,  0.033875,  0.022909,  0.017649,  0.010129,  0.010846,  0.010716,  0.001239,  0.008031,  0.002978,  0.001576,  0.001217,  0.003369,  0.001978,  0.002891,  0.001391,  0.002043,  0.000565,  0.001706,  0.000033,  0.000141,  0.001315,  0.000206,  0.000380,  0.000880,  0.001098,  0.000152,  0.000989,  0.000163,  0.000413,  0.000283,  0.000522,  0.000782,  0.000206,  0.000326,  0.000348,  0.000304,  0.000359,  0.000141,  0.000065,  0.000033,  0.000533,  0.001098,  0.003336,  0.016193,  0.000000,  0.000000,  0.000000,  0.000000,  0.000000,  0.000000,  0.000000,  0.000000,  0.000000,  0.000000,  0.000000,  0.000000,  0.000000,  0.000000,  0.000000,  0.000000,  0.000000,  0.000000,  0.000000,  0.000000,  0.000000,  0.000000,  0.000000,  0.000000,  0.000000,  0.000000,  0.000000,  0.000000,  0.000000,  0.000000,  0.000000,  0.000000,  0.000000,  0.000000,  0.000000,  0.000000,  0.000000,  0.000000,  0.000000,  0.000000,  0.000000,  0.000000,  0.000000,  0.000000,  0.000000,  0.000000,  0.000000,  0.000000,  0.000000,  0.000000,  0.000000,  0.000000,  0.000000,  0.000000,  0.000000,  0.000000,  0.000000,  0.000000,  0.000000,  0.000000,  0.000000,  0.000000,  0.000000,  0.000000,  0.000000,  0.000000,  0.000000,  0.000000,  0.000000,  0.000000,  0.000000,  0.000000,  0.000000,  0.000000,  0.000000,  0.000000,  0.000000,  0.000000,  0.000000,  0.000000,  0.000000,  0.000000,  0.000000,  0.000000,  0.000000,  0.000000,  0.000000,  0.000000,  0.000000,  0.000000,  0.000000,  0.000000,  0.000000,  0.000000,  0.000000,  0.000000,  0.000000,  0.000000,  0.000000,  0.000000,  0.000000,  0.000000,  0.000000,  0.000000,  0.000000,  0.000000,  0.000000,  0.000000,  0.000000,  0.000000,  0.000000,  0.000000,  0.000000,  0.000000,  0.000000,  0.000000,  0.000000,  0.000000,  0.000000,  0.000000,  0.000000,  0.000000,  0.000000,  0.000000,  0.000000,  0.000000,  0.000000,  0.000000,  0.000000,  0.000000,  0.000000,  0.000000,  0.000000,  0.000000,  0.000000,  0.000000,  0.000000,  0.000000,  0.000000,  0.000000,  0.000000,  0.000000,  0.000000,  0.000000,  0.000000,  0.000000,  0.000000,  0.000000,  0.000000,  0.000000,  0.000000,  0.000000,  0.000000,  0.000000,  0.000000,  0.000000,  0.000000,  0.000000,  0.000000,  0.000000,  0.000000,  0.000000,  0.000000,  0.000000,  0.000000,  0.000000,  0.000000,  0.000000,  0.000000,  0.000000,  0.000000,  0.000000,  0.000000,  0.000000,  0.000000,  0.000000,  0.000000,  0.000000,  0.000000,  0.000000,  0.000000,  0.000000,  0.000000,  0.000000,  0.000000,  0.000000,  0.000000,  0.000000,  0.000000,  0.000000,  0.000000,  0.000000,  0.000000,  0.000000,  0.000000,  0.000000,  0.000000,  0.000000,  0.000000,  0.000000,  0.000000,  0.000000,  0.000000,  0.000000,  0.000000,  0.000000,  0.000000,  0.000000,  0.000000,  0.000000,  0.000000,  0.000000,  0.000000,  0.000000,  0.000000,  0.000000,  0.000000,  0.000000,  0.000000,  0.000000,  0.000000,  0.000000,  0.000000,  0.000000,  0.000000,  0.000000,  0.000000,  0.000000,  0.000000,  0.000000,  0.000000,  0.000000,  0.000000,  0.000000,  0.000000,  0.000000,  0.000000,  0.000000,  0.000000,  0.000000,  0.000000,  0.000000,  0.000000,  0.000000,  0.000000,  0.000000,  0.000000,  0.000000,  0.000000,  0.000000,  0.000000,  0.000000,  0.000000,  0.000000,  0.000000,  0.000000,  0.000000,  0.000000,  0.000000,  0.000000,  0.000000,  0.000000,  0.000000,  0.000000,  0.000000,  0.000000,  0.000000,  0.000000,  0.000000,  0.000000,  0.000000,  0.000000,  0.000000,  0.000000,  0.000000,  0.000000,  0.000000,  0.000000,  0.000000,  0.000000,  0.000000,  0.000000,  0.000000,  0.000000,  0.000000,  0.000000,  0.000000,  0.000000,  0.000000,  0.000000,  0.000000,  0.000000,  0.000000,  0.000000,  0.000000,  0.000000,  0.000000,  0.000000,  0.000000,  0.000000,  0.000000,  0.000000,  0.000000,  0.000000,  0.000000,  0.000000,  0.000000,  0.000000,  0.000000,  0.000000,  0.000000,  0.000000,  0.000000,  0.000000,  0.000000,  0.000000,  0.000000,  0.000000,  0.000000,  0.000000,  0.000000,  0.000000,  0.000000,  0.000000,  0.000000,  0.000000,  0.000000,  0.000000,  0.000000,  0.000000,  0.000000,  0.000000,  0.000000,  0.000000,  0.000000,  0.000000,  0.000000,  0.000000,  0.000000,  0.000000,  0.000000,  0.000000,  0.000000,  0.000000,  0.000000,  0.000000,  0.000000,  0.000000,  0.000000,  0.000000,  0.000000,  0.000000,  0.000000,  0.000000,  0.000000,  0.000000,  0.000000,  0.000000,  0.000000,  0.000000,  0.000000,  0.000000,  0.000000,  0.000000,  0.000000,  0.000000,  0.000000,  0.000000,  0.000000,  0.000000,  0.000000,  0.000000,  0.000000,  0.000000,  0.000000,  0.000000,  0.000000,  0.000000,  0.000000,  0.000000,  0.000000,  0.000000,  0.000000,  0.000000,  0.000000,  0.000000,  0.000000,  0.000000,  0.000000,  0.000000,  0.000000,  0.000000,  0.000000,  0.000000,  0.000000,  0.000000,  0.000000,  0.000000,  0.000000,  0.000000,  0.000000,  0.000000,  0.000000,  0.000000,  0.000000,  0.000000,  0.000000,  0.000000,  0.000000,  0.000000,  0.000000,  0.000000,  0.000000,  0.000000,  0.000000,  0.000000,  0.000000,  0.000000,  0.000000,  0.000000,  0.000000,  0.000000,  0.000000,  0.000000,  0.000000,  0.000000,  0.000000,  0.000000,  0.000000,  0.000000,  0.000000,  0.000000,  0.000000,  0.000000,  0.000000,  0.000000,  0.000000,  0.000000,  0.000000,  0.000000,  0.000000,  0.000000,  0.000000,  0.000000,  0.000000,  0.000000,  0.000000,  0.000000,  0.000000,  0.000000 ]
checksum = 1.000000
Repeated 9 time
f3=0.469917 a3=0.530083
f4=0.198246 a4=0.331837
f5=0.101502 a5=0.230335
f6=0.058740 a6=0.171595
f7=0.036991 a7=0.134605
f8=0.024781 a8=0.109824
f9=0.017404 a9=0.092420
f10=0.012688 a10=0.079732
f11=0.009532 a11=0.070199
f12=0.007342 a12=0.062857
f13=0.005775 a13=0.057082
f14=0.004624 a14=0.052458
f15=0.003759 a15=0.048699
f16=0.003098 a16=0.045601
f17=0.002582 a17=0.043019
f18=0.002176 a18=0.040843
f19=0.001850 a19=0.038993
f20=0.001586 a20=0.037407
f21=0.001370 a21=0.036037
f22=0.001192 a22=0.034846
f23=0.001043 a23=0.033803
f24=0.000918 a24=0.032885
f25=0.000812 a25=0.032073
f26=0.000722 a26=0.031351
f27=0.000645 a27=0.030707
f28=0.000578 a28=0.030129
f29=0.000520 a29=0.029608
f30=0.000470 a30=0.029139
f31=0.000426 a31=0.028713
f32=0.000387 a32=0.028325
f33=0.000353 a33=0.027972
f34=0.000323 a34=0.027650
f35=0.000296 a35=0.027354
f36=0.000272 a36=0.027082
f37=0.000250 a37=0.026831
f38=0.000231 a38=0.026600
f39=0.000214 a39=0.026386
f40=0.000198 a40=0.026188
f41=0.000184 a41=0.026004
f42=0.000171 a42=0.025833
f43=0.000160 a43=0.025673
f44=0.000149 a44=0.025524
f45=0.000139 a45=0.025385
f46=0.000130 a46=0.025254
f47=0.000122 a47=0.025132
f48=0.000115 a48=0.025017
f49=0.000108 a49=0.024910
f50=0.024910
[ 0.469917,  0.198246,  0.101502,  0.058740,  0.036991,  0.024781,  0.017404,  0.012688,  0.009532,  0.007342,  0.005775,  0.004624,  0.003759,  0.003098,  0.002582,  0.002176,  0.001850,  0.001586,  0.001370,  0.001192,  0.001043,  0.000918,  0.000812,  0.000722,  0.000645,  0.000578,  0.000520,  0.000470,  0.000426,  0.000387,  0.000353,  0.000323,  0.000296,  0.000272,  0.000250,  0.000231,  0.000214,  0.000198,  0.000184,  0.000171,  0.000160,  0.000149,  0.000139,  0.000130,  0.000122,  0.000115,  0.000108, 0.024910]
0.024910 == 0.024910

total 91814 nodes
[ 0.002396,  0.029473,  0.450999,  0.189013,  0.096870,  0.062703,  0.037739,  0.022676,  0.015335,  0.014823,  0.007962,  0.008572,  0.007199,  0.004466,  0.000958,  0.005130,  0.002015,  0.001666,  0.002004,  0.002843,  0.002320,  0.000860,  0.000937,  0.000980,  0.000512,  0.000000,  0.001797,  0.000283,  0.000555,  0.000904,  0.000044,  0.000948,  0.000283,  0.000370,  0.000000,  0.000871,  0.000065,  0.000316,  0.000163,  0.000054,  0.000534,  0.000131,  0.000523,  0.000305,  0.000120,  0.000120,  0.000120,  0.000305,  0.003747,  0.016991,  0.000000,  0.000000,  0.000000,  0.000000,  0.000000,  0.000000,  0.000000,  0.000000,  0.000000,  0.000000,  0.000000,  0.000000,  0.000000,  0.000000,  0.000000,  0.000000,  0.000000,  0.000000,  0.000000,  0.000000,  0.000000,  0.000000,  0.000000,  0.000000,  0.000000,  0.000000,  0.000000,  0.000000,  0.000000,  0.000000,  0.000000,  0.000000,  0.000000,  0.000000,  0.000000,  0.000000,  0.000000,  0.000000,  0.000000,  0.000000,  0.000000,  0.000000,  0.000000,  0.000000,  0.000000,  0.000000,  0.000000,  0.000000,  0.000000,  0.000000,  0.000000,  0.000000,  0.000000,  0.000000,  0.000000,  0.000000,  0.000000,  0.000000,  0.000000,  0.000000,  0.000000,  0.000000,  0.000000,  0.000000,  0.000000,  0.000000,  0.000000,  0.000000,  0.000000,  0.000000,  0.000000,  0.000000,  0.000000,  0.000000,  0.000000,  0.000000,  0.000000,  0.000000,  0.000000,  0.000000,  0.000000,  0.000000,  0.000000,  0.000000,  0.000000,  0.000000,  0.000000,  0.000000,  0.000000,  0.000000,  0.000000,  0.000000,  0.000000,  0.000000,  0.000000,  0.000000,  0.000000,  0.000000,  0.000000,  0.000000,  0.000000,  0.000000,  0.000000,  0.000000,  0.000000,  0.000000,  0.000000,  0.000000,  0.000000,  0.000000,  0.000000,  0.000000,  0.000000,  0.000000,  0.000000,  0.000000,  0.000000,  0.000000,  0.000000,  0.000000,  0.000000,  0.000000,  0.000000,  0.000000,  0.000000,  0.000000,  0.000000,  0.000000,  0.000000,  0.000000,  0.000000,  0.000000,  0.000000,  0.000000,  0.000000,  0.000000,  0.000000,  0.000000,  0.000000,  0.000000,  0.000000,  0.000000,  0.000000,  0.000000,  0.000000,  0.000000,  0.000000,  0.000000,  0.000000,  0.000000,  0.000000,  0.000000,  0.000000,  0.000000,  0.000000,  0.000000,  0.000000,  0.000000,  0.000000,  0.000000,  0.000000,  0.000000,  0.000000,  0.000000,  0.000000,  0.000000,  0.000000,  0.000000,  0.000000,  0.000000,  0.000000,  0.000000,  0.000000,  0.000000,  0.000000,  0.000000,  0.000000,  0.000000,  0.000000,  0.000000,  0.000000,  0.000000,  0.000000,  0.000000,  0.000000,  0.000000,  0.000000,  0.000000,  0.000000,  0.000000,  0.000000,  0.000000,  0.000000,  0.000000,  0.000000,  0.000000,  0.000000,  0.000000,  0.000000,  0.000000,  0.000000,  0.000000,  0.000000,  0.000000,  0.000000,  0.000000,  0.000000,  0.000000,  0.000000,  0.000000,  0.000000,  0.000000,  0.000000,  0.000000,  0.000000,  0.000000,  0.000000,  0.000000,  0.000000,  0.000000,  0.000000,  0.000000,  0.000000,  0.000000,  0.000000,  0.000000,  0.000000,  0.000000,  0.000000,  0.000000,  0.000000,  0.000000,  0.000000,  0.000000,  0.000000,  0.000000,  0.000000,  0.000000,  0.000000,  0.000000,  0.000000,  0.000000,  0.000000,  0.000000,  0.000000,  0.000000,  0.000000,  0.000000,  0.000000,  0.000000,  0.000000,  0.000000,  0.000000,  0.000000,  0.000000,  0.000000,  0.000000,  0.000000,  0.000000,  0.000000,  0.000000,  0.000000,  0.000000,  0.000000,  0.000000,  0.000000,  0.000000,  0.000000,  0.000000,  0.000000,  0.000000,  0.000000,  0.000000,  0.000000,  0.000000,  0.000000,  0.000000,  0.000000,  0.000000,  0.000000,  0.000000,  0.000000,  0.000000,  0.000000,  0.000000,  0.000000,  0.000000,  0.000000,  0.000000,  0.000000,  0.000000,  0.000000,  0.000000,  0.000000,  0.000000,  0.000000,  0.000000,  0.000000,  0.000000,  0.000000,  0.000000,  0.000000,  0.000000,  0.000000,  0.000000,  0.000000,  0.000000,  0.000000,  0.000000,  0.000000,  0.000000,  0.000000,  0.000000,  0.000000,  0.000000,  0.000000,  0.000000,  0.000000,  0.000000,  0.000000,  0.000000,  0.000000,  0.000000,  0.000000,  0.000000,  0.000000,  0.000000,  0.000000,  0.000000,  0.000000,  0.000000,  0.000000,  0.000000,  0.000000,  0.000000,  0.000000,  0.000000,  0.000000,  0.000000,  0.000000,  0.000000,  0.000000,  0.000000,  0.000000,  0.000000,  0.000000,  0.000000,  0.000000,  0.000000,  0.000000,  0.000000,  0.000000,  0.000000,  0.000000,  0.000000,  0.000000,  0.000000,  0.000000,  0.000000,  0.000000,  0.000000,  0.000000,  0.000000,  0.000000,  0.000000,  0.000000,  0.000000,  0.000000,  0.000000,  0.000000,  0.000000,  0.000000,  0.000000,  0.000000,  0.000000,  0.000000,  0.000000,  0.000000,  0.000000,  0.000000,  0.000000,  0.000000,  0.000000,  0.000000,  0.000000,  0.000000,  0.000000,  0.000000,  0.000000,  0.000000,  0.000000,  0.000000,  0.000000,  0.000000,  0.000000,  0.000000,  0.000000,  0.000000,  0.000000,  0.000000,  0.000000,  0.000000,  0.000000,  0.000000,  0.000000,  0.000000,  0.000000,  0.000000,  0.000000,  0.000000,  0.000000,  0.000000,  0.000000,  0.000000,  0.000000,  0.000000,  0.000000,  0.000000,  0.000000,  0.000000,  0.000000,  0.000000,  0.000000,  0.000000,  0.000000,  0.000000,  0.000000,  0.000000,  0.000000,  0.000000,  0.000000,  0.000000,  0.000000,  0.000000,  0.000000,  0.000000,  0.000000,  0.000000,  0.000000,  0.000000,  0.000000,  0.000000,  0.000000,  0.000000,  0.000000,  0.000000,  0.000000,  0.000000,  0.000000,  0.000000 ]
checksum = 1.000000
====================
[ 0.000000,  0.002333,  0.027020,  0.454985,  0.191921,  0.097150,  0.059470,  0.036476,  0.022643,  0.018263,  0.011209,  0.009338,  0.008052,  0.004581,  0.005372,  0.003433,  0.003008,  0.002422,  0.002015,  0.002003,  0.002243,  0.001401,  0.001403,  0.001237,  0.001007,  0.000801,  0.000637,  0.000971,  0.000481,  0.000565,  0.000743,  0.000507,  0.000638,  0.000295,  0.000538,  0.000287,  0.000386,  0.000477,  0.000276,  0.000355,  0.000316,  0.000372,  0.000187,  0.000378,  0.000200,  0.000096,  0.000299,  0.000269,  0.000402,  0.003663,  0.016875,  0.000000,  0.000000,  0.000000,  0.000000,  0.000000,  0.000000,  0.000000,  0.000000,  0.000000,  0.000000,  0.000000,  0.000000,  0.000000,  0.000000,  0.000000,  0.000000,  0.000000,  0.000000,  0.000000,  0.000000,  0.000000,  0.000000,  0.000000,  0.000000,  0.000000,  0.000000,  0.000000,  0.000000,  0.000000,  0.000000,  0.000000,  0.000000,  0.000000,  0.000000,  0.000000,  0.000000,  0.000000,  0.000000,  0.000000,  0.000000,  0.000000,  0.000000,  0.000000,  0.000000,  0.000000,  0.000000,  0.000000,  0.000000,  0.000000,  0.000000 ]
f3=0.469917 a3=0.530083
f4=0.198246 a4=0.331837
f5=0.101502 a5=0.230335
f6=0.058740 a6=0.171595
f7=0.036991 a7=0.134605
f8=0.024781 a8=0.109824
f9=0.017404 a9=0.092420
f10=0.012688 a10=0.079732
f11=0.009532 a11=0.070199
f12=0.007342 a12=0.062857
f13=0.005775 a13=0.057082
f14=0.004624 a14=0.052458
f15=0.003759 a15=0.048699
f16=0.003098 a16=0.045601
f17=0.002582 a17=0.043019
f18=0.002176 a18=0.040843
f19=0.001850 a19=0.038993
f20=0.001586 a20=0.037407
f21=0.001370 a21=0.036037
f22=0.001192 a22=0.034846
f23=0.001043 a23=0.033803
f24=0.000918 a24=0.032885
f25=0.000812 a25=0.032073
f26=0.000722 a26=0.031351
f27=0.000645 a27=0.030707
f28=0.000578 a28=0.030129
f29=0.000520 a29=0.029608
f30=0.000470 a30=0.029139
f31=0.000426 a31=0.028713
f32=0.000387 a32=0.028325
f33=0.000353 a33=0.027972
f34=0.000323 a34=0.027650
f35=0.000296 a35=0.027354
f36=0.000272 a36=0.027082
f37=0.000250 a37=0.026831
f38=0.000231 a38=0.026600
f39=0.000214 a39=0.026386
f40=0.000198 a40=0.026188
f41=0.000184 a41=0.026004
f42=0.000171 a42=0.025833
f43=0.000160 a43=0.025673
f44=0.000149 a44=0.025524
f45=0.000139 a45=0.025385
f46=0.000130 a46=0.025254
f47=0.000122 a47=0.025132
f48=0.000115 a48=0.025017
f49=0.000108 a49=0.024910
f50=0.024910
[ 0.469917,  0.198246,  0.101502,  0.058740,  0.036991,  0.024781,  0.017404,  0.012688,  0.009532,  0.007342,  0.005775,  0.004624,  0.003759,  0.003098,  0.002582,  0.002176,  0.001850,  0.001586,  0.001370,  0.001192,  0.001043,  0.000918,  0.000812,  0.000722,  0.000645,  0.000578,  0.000520,  0.000470,  0.000426,  0.000387,  0.000353,  0.000323,  0.000296,  0.000272,  0.000250,  0.000231,  0.000214,  0.000198,  0.000184,  0.000171,  0.000160,  0.000149,  0.000139,  0.000130,  0.000122,  0.000115,  0.000108, 0.024910]
0.024910 == 0.024910
