Repeated 0 time
f2=0.519581 a2=0.480419
f3=0.188549 a3=0.291869
f4=0.091850 a4=0.200020
f5=0.052578 a5=0.147442
f6=0.033331 a6=0.114111
f7=0.022672 a7=0.091439
f8=0.016237 a8=0.075202
f9=0.012095 a9=0.063106
f10=0.009295 a10=0.053812
f11=0.007324 a11=0.046488
f12=0.005892 a12=0.040596
f13=0.004824 a13=0.035772
f14=0.004008 a14=0.031764
f15=0.003373 a15=0.028392
f16=0.002870 a16=0.025521
f17=0.002467 a17=0.023055
f18=0.002138 a18=0.020916
f19=0.001868 a19=0.019049
f20=0.001643 a20=0.017405
f21=0.001454 a21=0.015951
f22=0.001295 a22=0.014656
f23=0.001159 a23=0.013498
f24=0.001042 a24=0.012456
f25=0.000941 a25=0.011516
f26=0.000853 a26=0.010663
f27=0.000776 a27=0.009887
f28=0.000708 a28=0.009179
f29=0.000649 a29=0.008530
f30=0.000596 a30=0.007933
f31=0.000549 a31=0.007384
f32=0.000507 a32=0.006877
f33=0.000470 a33=0.006407
f34=0.000436 a34=0.005971
f35=0.000406 a35=0.005565
f36=0.000378 a36=0.005187
f37=0.000353 a37=0.004834
f38=0.000330 a38=0.004504
f39=0.000309 a39=0.004195
f40=0.000290 a40=0.003904
f41=0.000273 a41=0.003631
f42=0.000257 a42=0.003374
f43=0.000242 a43=0.003132
f44=0.000229 a44=0.002903
f45=0.000216 a45=0.002686
f46=0.000205 a46=0.002482
f47=0.000194 a47=0.002287
f48=0.000184 a48=0.002103
f49=0.000175 a49=0.001928
f50=0.001928
[ 0.519581,  0.188549,  0.091850,  0.052578,  0.033331,  0.022672,  0.016237,  0.012095,  0.009295,  0.007324,  0.005892,  0.004824,  0.004008,  0.003373,  0.002870,  0.002467,  0.002138,  0.001868,  0.001643,  0.001454,  0.001295,  0.001159,  0.001042,  0.000941,  0.000853,  0.000776,  0.000708,  0.000649,  0.000596,  0.000549,  0.000507,  0.000470,  0.000436,  0.000406,  0.000378,  0.000353,  0.000330,  0.000309,  0.000290,  0.000273,  0.000257,  0.000242,  0.000229,  0.000216,  0.000205,  0.000194,  0.000184,  0.000175, 0.001928]
0.001928 == 0.001928

total 91867 nodes
[ 0.004169,  0.518783,  0.184245,  0.091535,  0.056995,  0.030718,  0.021335,  0.017602,  0.011245,  0.011223,  0.005073,  0.007718,  0.003048,  0.003570,  0.006041,  0.002678,  0.001644,  0.001676,  0.002329,  0.002449,  0.000577,  0.000849,  0.000740,  0.002242,  0.000218,  0.001089,  0.001197,  0.000120,  0.000120,  0.001023,  0.000446,  0.000958,  0.000435,  0.000337,  0.000610,  0.000261,  0.000370,  0.000359,  0.000207,  0.000337,  0.000185,  0.000512,  0.000033,  0.000381,  0.000022,  0.000011,  0.000109,  0.000512,  0.000109,  0.001557,  0.000000,  0.000000,  0.000000,  0.000000,  0.000000,  0.000000,  0.000000,  0.000000,  0.000000,  0.000000,  0.000000,  0.000000,  0.000000,  0.000000,  0.000000,  0.000000,  0.000000,  0.000000,  0.000000,  0.000000,  0.000000,  0.000000,  0.000000,  0.000000,  0.000000,  0.000000,  0.000000,  0.000000,  0.000000,  0.000000,  0.000000,  0.000000,  0.000000,  0.000000,  0.000000,  0.000000,  0.000000,  0.000000,  0.000000,  0.000000,  0.000000,  0.000000,  0.000000,  0.000000,  0.000000,  0.000000,  0.000000,  0.000000,  0.000000,  0.000000,  0.000000,  0.000000,  0.000000,  0.000000,  0.000000,  0.000000,  0.000000,  0.000000,  0.000000,  0.000000,  0.000000,  0.000000,  0.000000,  0.000000,  0.000000,  0.000000,  0.000000,  0.000000,  0.000000,  0.000000,  0.000000,  0.000000,  0.000000,  0.000000,  0.000000,  0.000000,  0.000000,  0.000000,  0.000000,  0.000000,  0.000000,  0.000000,  0.000000,  0.000000,  0.000000,  0.000000,  0.000000,  0.000000,  0.000000,  0.000000,  0.000000,  0.000000,  0.000000,  0.000000,  0.000000,  0.000000,  0.000000,  0.000000,  0.000000,  0.000000,  0.000000,  0.000000,  0.000000,  0.000000,  0.000000,  0.000000,  0.000000,  0.000000,  0.000000,  0.000000,  0.000000,  0.000000,  0.000000,  0.000000,  0.000000,  0.000000,  0.000000,  0.000000,  0.000000,  0.000000,  0.000000,  0.000000,  0.000000,  0.000000,  0.000000,  0.000000,  0.000000,  0.000000,  0.000000,  0.000000,  0.000000,  0.000000,  0.000000,  0.000000,  0.000000,  0.000000,  0.000000,  0.000000,  0.000000,  0.000000,  0.000000,  0.000000,  0.000000,  0.000000,  0.000000,  0.000000,  0.000000,  0.000000,  0.000000,  0.000000,  0.000000,  0.000000,  0.000000,  0.000000,  0.000000,  0.000000,  0.000000,  0.000000,  0.000000,  0.000000,  0.000000,  0.000000,  0.000000,  0.000000,  0.000000,  0.000000,  0.000000,  0.000000,  0.000000,  0.000000,  0.000000,  0.000000,  0.000000,  0.000000,  0.000000,  0.000000,  0.000000,  0.000000,  0.000000,  0.000000,  0.000000,  0.000000,  0.000000,  0.000000,  0.000000,  0.000000,  0.000000,  0.000000,  0.000000,  0.000000,  0.000000,  0.000000,  0.000000,  0.000000,  0.000000,  0.000000,  0.000000,  0.000000,  0.000000,  0.000000,  0.000000,  0.000000,  0.000000,  0.000000,  0.000000,  0.000000,  0.000000,  0.000000,  0.000000,  0.000000,  0.000000,  0.000000,  0.000000,  0.000000,  0.000000,  0.000000,  0.000000,  0.000000,  0.000000,  0.000000,  0.000000,  0.000000,  0.000000,  0.000000,  0.000000,  0.000000,  0.000000,  0.000000,  0.000000,  0.000000,  0.000000,  0.000000,  0.000000,  0.000000,  0.000000,  0.000000,  0.000000,  0.000000,  0.000000,  0.000000,  0.000000,  0.000000,  0.000000,  0.000000,  0.000000,  0.000000,  0.000000,  0.000000,  0.000000,  0.000000,  0.000000,  0.000000,  0.000000,  0.000000,  0.000000,  0.000000,  0.000000,  0.000000,  0.000000,  0.000000,  0.000000,  0.000000,  0.000000,  0.000000,  0.000000,  0.000000,  0.000000,  0.000000,  0.000000,  0.000000,  0.000000,  0.000000,  0.000000,  0.000000,  0.000000,  0.000000,  0.000000,  0.000000,  0.000000,  0.000000,  0.000000,  0.000000,  0.000000,  0.000000,  0.000000,  0.000000,  0.000000,  0.000000,  0.000000,  0.000000,  0.000000,  0.000000,  0.000000,  0.000000,  0.000000,  0.000000,  0.000000,  0.000000,  0.000000,  0.000000,  0.000000,  0.000000,  0.000000,  0.000000,  0.000000,  0.000000,  0.000000,  0.000000,  0.000000,  0.000000,  0.000000,  0.000000,  0.000000,  0.000000,  0.000000,  0.000000,  0.000000,  0.000000,  0.000000,  0.000000,  0.000000,  0.000000,  0.000000,  0.000000,  0.000000,  0.000000,  0.000000,  0.000000,  0.000000,  0.000000,  0.000000,  0.000000,  0.000000,  0.000000,  0.000000,  0.000000,  0.000000,  0.000000,  0.000000,  0.000000,  0.000000,  0.000000,  0.000000,  0.000000,  0.000000,  0.000000,  0.000000,  0.000000,  0.000000,  0.000000,  0.000000,  0.000000,  0.000000,  0.000000,  0.000000,  0.000000,  0.000000,  0.000000,  0.000000,  0.000000,  0.000000,  0.000000,  0.000000,  0.000000,  0.000000,  0.000000,  0.000000,  0.000000,  0.000000,  0.000000,  0.000000,  0.000000,  0.000000,  0.000000,  0.000000,  0.000000,  0.000000,  0.000000,  0.000000,  0.000000,  0.000000,  0.000000,  0.000000,  0.000000,  0.000000,  0.000000,  0.000000,  0.000000,  0.000000,  0.000000,  0.000000,  0.000000,  0.000000,  0.000000,  0.000000,  0.000000,  0.000000,  0.000000,  0.000000,  0.000000,  0.000000,  0.000000,  0.000000,  0.000000,  0.000000,  0.000000,  0.000000,  0.000000,  0.000000,  0.000000,  0.000000,  0.000000,  0.000000,  0.000000,  0.000000,  0.000000,  0.000000,  0.000000,  0.000000,  0.000000,  0.000000,  0.000000,  0.000000,  0.000000,  0.000000,  0.000000,  0.000000,  0.000000,  0.000000,  0.000000,  0.000000,  0.000000,  0.000000,  0.000000,  0.000000,  0.000000,  0.000000,  0.000000,  0.000000,  0.000000,  0.000000,  0.000000,  0.000000,  0.000000,  0.000000,  0.000000,  0.000000,  0.000000,  0.000000,  0.000000 ]
checksum = 1.000000
Repeated 1 time
f2=0.519581 a2=0.480419
f3=0.188549 a3=0.291869
f4=0.091850 a4=0.200020
f5=0.052578 a5=0.147442
f6=0.033331 a6=0.114111
f7=0.022672 a7=0.091439
f8=0.016237 a8=0.075202
f9=0.012095 a9=0.063106
f10=0.009295 a10=0.053812
f11=0.007324 a11=0.046488
f12=0.005892 a12=0.040596
f13=0.004824 a13=0.035772
f14=0.004008 a14=0.031764
f15=0.003373 a15=0.028392
f16=0.002870 a16=0.025521
f17=0.002467 a17=0.023055
f18=0.002138 a18=0.020916
f19=0.001868 a19=0.019049
f20=0.001643 a20=0.017405
f21=0.001454 a21=0.015951
f22=0.001295 a22=0.014656
f23=0.001159 a23=0.013498
f24=0.001042 a24=0.012456
f25=0.000941 a25=0.011516
f26=0.000853 a26=0.010663
f27=0.000776 a27=0.009887
f28=0.000708 a28=0.009179
f29=0.000649 a29=0.008530
f30=0.000596 a30=0.007933
f31=0.000549 a31=0.007384
f32=0.000507 a32=0.006877
f33=0.000470 a33=0.006407
f34=0.000436 a34=0.005971
f35=0.000406 a35=0.005565
f36=0.000378 a36=0.005187
f37=0.000353 a37=0.004834
f38=0.000330 a38=0.004504
f39=0.000309 a39=0.004195
f40=0.000290 a40=0.003904
f41=0.000273 a41=0.003631
f42=0.000257 a42=0.003374
f43=0.000242 a43=0.003132
f44=0.000229 a44=0.002903
f45=0.000216 a45=0.002686
f46=0.000205 a46=0.002482
f47=0.000194 a47=0.002287
f48=0.000184 a48=0.002103
f49=0.000175 a49=0.001928
f50=0.001928
[ 0.519581,  0.188549,  0.091850,  0.052578,  0.033331,  0.022672,  0.016237,  0.012095,  0.009295,  0.007324,  0.005892,  0.004824,  0.004008,  0.003373,  0.002870,  0.002467,  0.002138,  0.001868,  0.001643,  0.001454,  0.001295,  0.001159,  0.001042,  0.000941,  0.000853,  0.000776,  0.000708,  0.000649,  0.000596,  0.000549,  0.000507,  0.000470,  0.000436,  0.000406,  0.000378,  0.000353,  0.000330,  0.000309,  0.000290,  0.000273,  0.000257,  0.000242,  0.000229,  0.000216,  0.000205,  0.000194,  0.000184,  0.000175, 0.001928]
0.001928 == 0.001928

total 92036 nodes
[ 0.004444,  0.514125,  0.191447,  0.090204,  0.054261,  0.033998,  0.021405,  0.012636,  0.015135,  0.008258,  0.007845,  0.006095,  0.005074,  0.004053,  0.002086,  0.002336,  0.002619,  0.002619,  0.002695,  0.000728,  0.002966,  0.001173,  0.001402,  0.001032,  0.000619,  0.001282,  0.000739,  0.000196,  0.000239,  0.000587,  0.001108,  0.000022,  0.001032,  0.000152,  0.000163,  0.000489,  0.000445,  0.000065,  0.000141,  0.000228,  0.000641,  0.000293,  0.000500,  0.000098,  0.000152,  0.000087,  0.000467,  0.000315,  0.000185,  0.001119,  0.000000,  0.000000,  0.000000,  0.000000,  0.000000,  0.000000,  0.000000,  0.000000,  0.000000,  0.000000,  0.000000,  0.000000,  0.000000,  0.000000,  0.000000,  0.000000,  0.000000,  0.000000,  0.000000,  0.000000,  0.000000,  0.000000,  0.000000,  0.000000,  0.000000,  0.000000,  0.000000,  0.000000,  0.000000,  0.000000,  0.000000,  0.000000,  0.000000,  0.000000,  0.000000,  0.000000,  0.000000,  0.000000,  0.000000,  0.000000,  0.000000,  0.000000,  0.000000,  0.000000,  0.000000,  0.000000,  0.000000,  0.000000,  0.000000,  0.000000,  0.000000,  0.000000,  0.000000,  0.000000,  0.000000,  0.000000,  0.000000,  0.000000,  0.000000,  0.000000,  0.000000,  0.000000,  0.000000,  0.000000,  0.000000,  0.000000,  0.000000,  0.000000,  0.000000,  0.000000,  0.000000,  0.000000,  0.000000,  0.000000,  0.000000,  0.000000,  0.000000,  0.000000,  0.000000,  0.000000,  0.000000,  0.000000,  0.000000,  0.000000,  0.000000,  0.000000,  0.000000,  0.000000,  0.000000,  0.000000,  0.000000,  0.000000,  0.000000,  0.000000,  0.000000,  0.000000,  0.000000,  0.000000,  0.000000,  0.000000,  0.000000,  0.000000,  0.000000,  0.000000,  0.000000,  0.000000,  0.000000,  0.000000,  0.000000,  0.000000,  0.000000,  0.000000,  0.000000,  0.000000,  0.000000,  0.000000,  0.000000,  0.000000,  0.000000,  0.000000,  0.000000,  0.000000,  0.000000,  0.000000,  0.000000,  0.000000,  0.000000,  0.000000,  0.000000,  0.000000,  0.000000,  0.000000,  0.000000,  0.000000,  0.000000,  0.000000,  0.000000,  0.000000,  0.000000,  0.000000,  0.000000,  0.000000,  0.000000,  0.000000,  0.000000,  0.000000,  0.000000,  0.000000,  0.000000,  0.000000,  0.000000,  0.000000,  0.000000,  0.000000,  0.000000,  0.000000,  0.000000,  0.000000,  0.000000,  0.000000,  0.000000,  0.000000,  0.000000,  0.000000,  0.000000,  0.000000,  0.000000,  0.000000,  0.000000,  0.000000,  0.000000,  0.000000,  0.000000,  0.000000,  0.000000,  0.000000,  0.000000,  0.000000,  0.000000,  0.000000,  0.000000,  0.000000,  0.000000,  0.000000,  0.000000,  0.000000,  0.000000,  0.000000,  0.000000,  0.000000,  0.000000,  0.000000,  0.000000,  0.000000,  0.000000,  0.000000,  0.000000,  0.000000,  0.000000,  0.000000,  0.000000,  0.000000,  0.000000,  0.000000,  0.000000,  0.000000,  0.000000,  0.000000,  0.000000,  0.000000,  0.000000,  0.000000,  0.000000,  0.000000,  0.000000,  0.000000,  0.000000,  0.000000,  0.000000,  0.000000,  0.000000,  0.000000,  0.000000,  0.000000,  0.000000,  0.000000,  0.000000,  0.000000,  0.000000,  0.000000,  0.000000,  0.000000,  0.000000,  0.000000,  0.000000,  0.000000,  0.000000,  0.000000,  0.000000,  0.000000,  0.000000,  0.000000,  0.000000,  0.000000,  0.000000,  0.000000,  0.000000,  0.000000,  0.000000,  0.000000,  0.000000,  0.000000,  0.000000,  0.000000,  0.000000,  0.000000,  0.000000,  0.000000,  0.000000,  0.000000,  0.000000,  0.000000,  0.000000,  0.000000,  0.000000,  0.000000,  0.000000,  0.000000,  0.000000,  0.000000,  0.000000,  0.000000,  0.000000,  0.000000,  0.000000,  0.000000,  0.000000,  0.000000,  0.000000,  0.000000,  0.000000,  0.000000,  0.000000,  0.000000,  0.000000,  0.000000,  0.000000,  0.000000,  0.000000,  0.000000,  0.000000,  0.000000,  0.000000,  0.000000,  0.000000,  0.000000,  0.000000,  0.000000,  0.000000,  0.000000,  0.000000,  0.000000,  0.000000,  0.000000,  0.000000,  0.000000,  0.000000,  0.000000,  0.000000,  0.000000,  0.000000,  0.000000,  0.000000,  0.000000,  0.000000,  0.000000,  0.000000,  0.000000,  0.000000,  0.000000,  0.000000,  0.000000,  0.000000,  0.000000,  0.000000,  0.000000,  0.000000,  0.000000,  0.000000,  0.000000,  0.000000,  0.000000,  0.000000,  0.000000,  0.000000,  0.000000,  0.000000,  0.000000,  0.000000,  0.000000,  0.000000,  0.000000,  0.000000,  0.000000,  0.000000,  0.000000,  0.000000,  0.000000,  0.000000,  0.000000,  0.000000,  0.000000,  0.000000,  0.000000,  0.000000,  0.000000,  0.000000,  0.000000,  0.000000,  0.000000,  0.000000,  0.000000,  0.000000,  0.000000,  0.000000,  0.000000,  0.000000,  0.000000,  0.000000,  0.000000,  0.000000,  0.000000,  0.000000,  0.000000,  0.000000,  0.000000,  0.000000,  0.000000,  0.000000,  0.000000,  0.000000,  0.000000,  0.000000,  0.000000,  0.000000,  0.000000,  0.000000,  0.000000,  0.000000,  0.000000,  0.000000,  0.000000,  0.000000,  0.000000,  0.000000,  0.000000,  0.000000,  0.000000,  0.000000,  0.000000,  0.000000,  0.000000,  0.000000,  0.000000,  0.000000,  0.000000,  0.000000,  0.000000,  0.000000,  0.000000,  0.000000,  0.000000,  0.000000,  0.000000,  0.000000,  0.000000,  0.000000,  0.000000,  0.000000,  0.000000,  0.000000,  0.000000,  0.000000,  0.000000,  0.000000,  0.000000,  0.000000,  0.000000,  0.000000,  0.000000,  0.000000,  0.000000,  0.000000,  0.000000,  0.000000,  0.000000,  0.000000,  0.000000,  0.000000,  0.000000,  0.000000,  0.000000,  0.000000,  0.000000,  0.000000,  0.000000,  0.000000,  0.000000,  0.000000,  0.000000 ]
checksum = 1.000000
Repeated 2 time
f2=0.519581 a2=0.480419
f3=0.188549 a3=0.291869
f4=0.091850 a4=0.200020
f5=0.052578 a5=0.147442
f6=0.033331 a6=0.114111
f7=0.022672 a7=0.091439
f8=0.016237 a8=0.075202
f9=0.012095 a9=0.063106
f10=0.009295 a10=0.053812
f11=0.007324 a11=0.046488
f12=0.005892 a12=0.040596
f13=0.004824 a13=0.035772
f14=0.004008 a14=0.031764
f15=0.003373 a15=0.028392
f16=0.002870 a16=0.025521
f17=0.002467 a17=0.023055
f18=0.002138 a18=0.020916
f19=0.001868 a19=0.019049
f20=0.001643 a20=0.017405
f21=0.001454 a21=0.015951
f22=0.001295 a22=0.014656
f23=0.001159 a23=0.013498
f24=0.001042 a24=0.012456
f25=0.000941 a25=0.011516
f26=0.000853 a26=0.010663
f27=0.000776 a27=0.009887
f28=0.000708 a28=0.009179
f29=0.000649 a29=0.008530
f30=0.000596 a30=0.007933
f31=0.000549 a31=0.007384
f32=0.000507 a32=0.006877
f33=0.000470 a33=0.006407
f34=0.000436 a34=0.005971
f35=0.000406 a35=0.005565
f36=0.000378 a36=0.005187
f37=0.000353 a37=0.004834
f38=0.000330 a38=0.004504
f39=0.000309 a39=0.004195
f40=0.000290 a40=0.003904
f41=0.000273 a41=0.003631
f42=0.000257 a42=0.003374
f43=0.000242 a43=0.003132
f44=0.000229 a44=0.002903
f45=0.000216 a45=0.002686
f46=0.000205 a46=0.002482
f47=0.000194 a47=0.002287
f48=0.000184 a48=0.002103
f49=0.000175 a49=0.001928
f50=0.001928
[ 0.519581,  0.188549,  0.091850,  0.052578,  0.033331,  0.022672,  0.016237,  0.012095,  0.009295,  0.007324,  0.005892,  0.004824,  0.004008,  0.003373,  0.002870,  0.002467,  0.002138,  0.001868,  0.001643,  0.001454,  0.001295,  0.001159,  0.001042,  0.000941,  0.000853,  0.000776,  0.000708,  0.000649,  0.000596,  0.000549,  0.000507,  0.000470,  0.000436,  0.000406,  0.000378,  0.000353,  0.000330,  0.000309,  0.000290,  0.000273,  0.000257,  0.000242,  0.000229,  0.000216,  0.000205,  0.000194,  0.000184,  0.000175, 0.001928]
0.001928 == 0.001928

total 92290 nodes
[ 0.004399,  0.514834,  0.189284,  0.090161,  0.054080,  0.031249,  0.027284,  0.014281,  0.012937,  0.006989,  0.009600,  0.005429,  0.004594,  0.004659,  0.002438,  0.001820,  0.002633,  0.001647,  0.001950,  0.002741,  0.000704,  0.001636,  0.001528,  0.001094,  0.000954,  0.000542,  0.001300,  0.000661,  0.000628,  0.001084,  0.000163,  0.000542,  0.000043,  0.000704,  0.000282,  0.000477,  0.000130,  0.000531,  0.000336,  0.000152,  0.000195,  0.000065,  0.000563,  0.000433,  0.000022,  0.000065,  0.000314,  0.000098,  0.000661,  0.001084,  0.000000,  0.000000,  0.000000,  0.000000,  0.000000,  0.000000,  0.000000,  0.000000,  0.000000,  0.000000,  0.000000,  0.000000,  0.000000,  0.000000,  0.000000,  0.000000,  0.000000,  0.000000,  0.000000,  0.000000,  0.000000,  0.000000,  0.000000,  0.000000,  0.000000,  0.000000,  0.000000,  0.000000,  0.000000,  0.000000,  0.000000,  0.000000,  0.000000,  0.000000,  0.000000,  0.000000,  0.000000,  0.000000,  0.000000,  0.000000,  0.000000,  0.000000,  0.000000,  0.000000,  0.000000,  0.000000,  0.000000,  0.000000,  0.000000,  0.000000,  0.000000,  0.000000,  0.000000,  0.000000,  0.000000,  0.000000,  0.000000,  0.000000,  0.000000,  0.000000,  0.000000,  0.000000,  0.000000,  0.000000,  0.000000,  0.000000,  0.000000,  0.000000,  0.000000,  0.000000,  0.000000,  0.000000,  0.000000,  0.000000,  0.000000,  0.000000,  0.000000,  0.000000,  0.000000,  0.000000,  0.000000,  0.000000,  0.000000,  0.000000,  0.000000,  0.000000,  0.000000,  0.000000,  0.000000,  0.000000,  0.000000,  0.000000,  0.000000,  0.000000,  0.000000,  0.000000,  0.000000,  0.000000,  0.000000,  0.000000,  0.000000,  0.000000,  0.000000,  0.000000,  0.000000,  0.000000,  0.000000,  0.000000,  0.000000,  0.000000,  0.000000,  0.000000,  0.000000,  0.000000,  0.000000,  0.000000,  0.000000,  0.000000,  0.000000,  0.000000,  0.000000,  0.000000,  0.000000,  0.000000,  0.000000,  0.000000,  0.000000,  0.000000,  0.000000,  0.000000,  0.000000,  0.000000,  0.000000,  0.000000,  0.000000,  0.000000,  0.000000,  0.000000,  0.000000,  0.000000,  0.000000,  0.000000,  0.000000,  0.000000,  0.000000,  0.000000,  0.000000,  0.000000,  0.000000,  0.000000,  0.000000,  0.000000,  0.000000,  0.000000,  0.000000,  0.000000,  0.000000,  0.000000,  0.000000,  0.000000,  0.000000,  0.000000,  0.000000,  0.000000,  0.000000,  0.000000,  0.000000,  0.000000,  0.000000,  0.000000,  0.000000,  0.000000,  0.000000,  0.000000,  0.000000,  0.000000,  0.000000,  0.000000,  0.000000,  0.000000,  0.000000,  0.000000,  0.000000,  0.000000,  0.000000,  0.000000,  0.000000,  0.000000,  0.000000,  0.000000,  0.000000,  0.000000,  0.000000,  0.000000,  0.000000,  0.000000,  0.000000,  0.000000,  0.000000,  0.000000,  0.000000,  0.000000,  0.000000,  0.000000,  0.000000,  0.000000,  0.000000,  0.000000,  0.000000,  0.000000,  0.000000,  0.000000,  0.000000,  0.000000,  0.000000,  0.000000,  0.000000,  0.000000,  0.000000,  0.000000,  0.000000,  0.000000,  0.000000,  0.000000,  0.000000,  0.000000,  0.000000,  0.000000,  0.000000,  0.000000,  0.000000,  0.000000,  0.000000,  0.000000,  0.000000,  0.000000,  0.000000,  0.000000,  0.000000,  0.000000,  0.000000,  0.000000,  0.000000,  0.000000,  0.000000,  0.000000,  0.000000,  0.000000,  0.000000,  0.000000,  0.000000,  0.000000,  0.000000,  0.000000,  0.000000,  0.000000,  0.000000,  0.000000,  0.000000,  0.000000,  0.000000,  0.000000,  0.000000,  0.000000,  0.000000,  0.000000,  0.000000,  0.000000,  0.000000,  0.000000,  0.000000,  0.000000,  0.000000,  0.000000,  0.000000,  0.000000,  0.000000,  0.000000,  0.000000,  0.000000,  0.000000,  0.000000,  0.000000,  0.000000,  0.000000,  0.000000,  0.000000,  0.000000,  0.000000,  0.000000,  0.000000,  0.000000,  0.000000,  0.000000,  0.000000,  0.000000,  0.000000,  0.000000,  0.000000,  0.000000,  0.000000,  0.000000,  0.000000,  0.000000,  0.000000,  0.000000,  0.000000,  0.000000,  0.000000,  0.000000,  0.000000,  0.000000,  0.000000,  0.000000,  0.000000,  0.000000,  0.000000,  0.000000,  0.000000,  0.000000,  0.000000,  0.000000,  0.000000,  0.000000,  0.000000,  0.000000,  0.000000,  0.000000,  0.000000,  0.000000,  0.000000,  0.000000,  0.000000,  0.000000,  0.000000,  0.000000,  0.000000,  0.000000,  0.000000,  0.000000,  0.000000,  0.000000,  0.000000,  0.000000,  0.000000,  0.000000,  0.000000,  0.000000,  0.000000,  0.000000,  0.000000,  0.000000,  0.000000,  0.000000,  0.000000,  0.000000,  0.000000,  0.000000,  0.000000,  0.000000,  0.000000,  0.000000,  0.000000,  0.000000,  0.000000,  0.000000,  0.000000,  0.000000,  0.000000,  0.000000,  0.000000,  0.000000,  0.000000,  0.000000,  0.000000,  0.000000,  0.000000,  0.000000,  0.000000,  0.000000,  0.000000,  0.000000,  0.000000,  0.000000,  0.000000,  0.000000,  0.000000,  0.000000,  0.000000,  0.000000,  0.000000,  0.000000,  0.000000,  0.000000,  0.000000,  0.000000,  0.000000,  0.000000,  0.000000,  0.000000,  0.000000,  0.000000,  0.000000,  0.000000,  0.000000,  0.000000,  0.000000,  0.000000,  0.000000,  0.000000,  0.000000,  0.000000,  0.000000,  0.000000,  0.000000,  0.000000,  0.000000,  0.000000,  0.000000,  0.000000,  0.000000,  0.000000,  0.000000,  0.000000,  0.000000,  0.000000,  0.000000,  0.000000,  0.000000,  0.000000,  0.000000,  0.000000,  0.000000,  0.000000,  0.000000,  0.000000,  0.000000,  0.000000,  0.000000,  0.000000,  0.000000,  0.000000,  0.000000,  0.000000,  0.000000,  0.000000,  0.000000,  0.000000,  0.000000,  0.000000 ]
checksum = 1.000000
Repeated 3 time
f2=0.519581 a2=0.480419
f3=0.188549 a3=0.291869
f4=0.091850 a4=0.200020
f5=0.052578 a5=0.147442
f6=0.033331 a6=0.114111
f7=0.022672 a7=0.091439
f8=0.016237 a8=0.075202
f9=0.012095 a9=0.063106
f10=0.009295 a10=0.053812
f11=0.007324 a11=0.046488
f12=0.005892 a12=0.040596
f13=0.004824 a13=0.035772
f14=0.004008 a14=0.031764
f15=0.003373 a15=0.028392
f16=0.002870 a16=0.025521
f17=0.002467 a17=0.023055
f18=0.002138 a18=0.020916
f19=0.001868 a19=0.019049
f20=0.001643 a20=0.017405
f21=0.001454 a21=0.015951
f22=0.001295 a22=0.014656
f23=0.001159 a23=0.013498
f24=0.001042 a24=0.012456
f25=0.000941 a25=0.011516
f26=0.000853 a26=0.010663
f27=0.000776 a27=0.009887
f28=0.000708 a28=0.009179
f29=0.000649 a29=0.008530
f30=0.000596 a30=0.007933
f31=0.000549 a31=0.007384
f32=0.000507 a32=0.006877
f33=0.000470 a33=0.006407
f34=0.000436 a34=0.005971
f35=0.000406 a35=0.005565
f36=0.000378 a36=0.005187
f37=0.000353 a37=0.004834
f38=0.000330 a38=0.004504
f39=0.000309 a39=0.004195
f40=0.000290 a40=0.003904
f41=0.000273 a41=0.003631
f42=0.000257 a42=0.003374
f43=0.000242 a43=0.003132
f44=0.000229 a44=0.002903
f45=0.000216 a45=0.002686
f46=0.000205 a46=0.002482
f47=0.000194 a47=0.002287
f48=0.000184 a48=0.002103
f49=0.000175 a49=0.001928
f50=0.001928
[ 0.519581,  0.188549,  0.091850,  0.052578,  0.033331,  0.022672,  0.016237,  0.012095,  0.009295,  0.007324,  0.005892,  0.004824,  0.004008,  0.003373,  0.002870,  0.002467,  0.002138,  0.001868,  0.001643,  0.001454,  0.001295,  0.001159,  0.001042,  0.000941,  0.000853,  0.000776,  0.000708,  0.000649,  0.000596,  0.000549,  0.000507,  0.000470,  0.000436,  0.000406,  0.000378,  0.000353,  0.000330,  0.000309,  0.000290,  0.000273,  0.000257,  0.000242,  0.000229,  0.000216,  0.000205,  0.000194,  0.000184,  0.000175, 0.001928]
0.001928 == 0.001928

total 92066 nodes
[ 0.004833,  0.516477,  0.184857,  0.093455,  0.057187,  0.029490,  0.022538,  0.018107,  0.010894,  0.006463,  0.009504,  0.005735,  0.005833,  0.002976,  0.001738,  0.004149,  0.001770,  0.004725,  0.001521,  0.001238,  0.000706,  0.001814,  0.001347,  0.000272,  0.000445,  0.001249,  0.000109,  0.001477,  0.000891,  0.001130,  0.000261,  0.000576,  0.000521,  0.000239,  0.000348,  0.000076,  0.000250,  0.000934,  0.000206,  0.000587,  0.000033,  0.000206,  0.000293,  0.000185,  0.000261,  0.000043,  0.000369,  0.000022,  0.000456,  0.001206,  0.000000,  0.000000,  0.000000,  0.000000,  0.000000,  0.000000,  0.000000,  0.000000,  0.000000,  0.000000,  0.000000,  0.000000,  0.000000,  0.000000,  0.000000,  0.000000,  0.000000,  0.000000,  0.000000,  0.000000,  0.000000,  0.000000,  0.000000,  0.000000,  0.000000,  0.000000,  0.000000,  0.000000,  0.000000,  0.000000,  0.000000,  0.000000,  0.000000,  0.000000,  0.000000,  0.000000,  0.000000,  0.000000,  0.000000,  0.000000,  0.000000,  0.000000,  0.000000,  0.000000,  0.000000,  0.000000,  0.000000,  0.000000,  0.000000,  0.000000,  0.000000,  0.000000,  0.000000,  0.000000,  0.000000,  0.000000,  0.000000,  0.000000,  0.000000,  0.000000,  0.000000,  0.000000,  0.000000,  0.000000,  0.000000,  0.000000,  0.000000,  0.000000,  0.000000,  0.000000,  0.000000,  0.000000,  0.000000,  0.000000,  0.000000,  0.000000,  0.000000,  0.000000,  0.000000,  0.000000,  0.000000,  0.000000,  0.000000,  0.000000,  0.000000,  0.000000,  0.000000,  0.000000,  0.000000,  0.000000,  0.000000,  0.000000,  0.000000,  0.000000,  0.000000,  0.000000,  0.000000,  0.000000,  0.000000,  0.000000,  0.000000,  0.000000,  0.000000,  0.000000,  0.000000,  0.000000,  0.000000,  0.000000,  0.000000,  0.000000,  0.000000,  0.000000,  0.000000,  0.000000,  0.000000,  0.000000,  0.000000,  0.000000,  0.000000,  0.000000,  0.000000,  0.000000,  0.000000,  0.000000,  0.000000,  0.000000,  0.000000,  0.000000,  0.000000,  0.000000,  0.000000,  0.000000,  0.000000,  0.000000,  0.000000,  0.000000,  0.000000,  0.000000,  0.000000,  0.000000,  0.000000,  0.000000,  0.000000,  0.000000,  0.000000,  0.000000,  0.000000,  0.000000,  0.000000,  0.000000,  0.000000,  0.000000,  0.000000,  0.000000,  0.000000,  0.000000,  0.000000,  0.000000,  0.000000,  0.000000,  0.000000,  0.000000,  0.000000,  0.000000,  0.000000,  0.000000,  0.000000,  0.000000,  0.000000,  0.000000,  0.000000,  0.000000,  0.000000,  0.000000,  0.000000,  0.000000,  0.000000,  0.000000,  0.000000,  0.000000,  0.000000,  0.000000,  0.000000,  0.000000,  0.000000,  0.000000,  0.000000,  0.000000,  0.000000,  0.000000,  0.000000,  0.000000,  0.000000,  0.000000,  0.000000,  0.000000,  0.000000,  0.000000,  0.000000,  0.000000,  0.000000,  0.000000,  0.000000,  0.000000,  0.000000,  0.000000,  0.000000,  0.000000,  0.000000,  0.000000,  0.000000,  0.000000,  0.000000,  0.000000,  0.000000,  0.000000,  0.000000,  0.000000,  0.000000,  0.000000,  0.000000,  0.000000,  0.000000,  0.000000,  0.000000,  0.000000,  0.000000,  0.000000,  0.000000,  0.000000,  0.000000,  0.000000,  0.000000,  0.000000,  0.000000,  0.000000,  0.000000,  0.000000,  0.000000,  0.000000,  0.000000,  0.000000,  0.000000,  0.000000,  0.000000,  0.000000,  0.000000,  0.000000,  0.000000,  0.000000,  0.000000,  0.000000,  0.000000,  0.000000,  0.000000,  0.000000,  0.000000,  0.000000,  0.000000,  0.000000,  0.000000,  0.000000,  0.000000,  0.000000,  0.000000,  0.000000,  0.000000,  0.000000,  0.000000,  0.000000,  0.000000,  0.000000,  0.000000,  0.000000,  0.000000,  0.000000,  0.000000,  0.000000,  0.000000,  0.000000,  0.000000,  0.000000,  0.000000,  0.000000,  0.000000,  0.000000,  0.000000,  0.000000,  0.000000,  0.000000,  0.000000,  0.000000,  0.000000,  0.000000,  0.000000,  0.000000,  0.000000,  0.000000,  0.000000,  0.000000,  0.000000,  0.000000,  0.000000,  0.000000,  0.000000,  0.000000,  0.000000,  0.000000,  0.000000,  0.000000,  0.000000,  0.000000,  0.000000,  0.000000,  0.000000,  0.000000,  0.000000,  0.000000,  0.000000,  0.000000,  0.000000,  0.000000,  0.000000,  0.000000,  0.000000,  0.000000,  0.000000,  0.000000,  0.000000,  0.000000,  0.000000,  0.000000,  0.000000,  0.000000,  0.000000,  0.000000,  0.000000,  0.000000,  0.000000,  0.000000,  0.000000,  0.000000,  0.000000,  0.000000,  0.000000,  0.000000,  0.000000,  0.000000,  0.000000,  0.000000,  0.000000,  0.000000,  0.000000,  0.000000,  0.000000,  0.000000,  0.000000,  0.000000,  0.000000,  0.000000,  0.000000,  0.000000,  0.000000,  0.000000,  0.000000,  0.000000,  0.000000,  0.000000,  0.000000,  0.000000,  0.000000,  0.000000,  0.000000,  0.000000,  0.000000,  0.000000,  0.000000,  0.000000,  0.000000,  0.000000,  0.000000,  0.000000,  0.000000,  0.000000,  0.000000,  0.000000,  0.000000,  0.000000,  0.000000,  0.000000,  0.000000,  0.000000,  0.000000,  0.000000,  0.000000,  0.000000,  0.000000,  0.000000,  0.000000,  0.000000,  0.000000,  0.000000,  0.000000,  0.000000,  0.000000,  0.000000,  0.000000,  0.000000,  0.000000,  0.000000,  0.000000,  0.000000,  0.000000,  0.000000,  0.000000,  0.000000,  0.000000,  0.000000,  0.000000,  0.000000,  0.000000,  0.000000,  0.000000,  0.000000,  0.000000,  0.000000,  0.000000,  0.000000,  0.000000,  0.000000,  0.000000,  0.000000,  0.000000,  0.000000,  0.000000,  0.000000,  0.000000,  0.000000,  0.000000,  0.000000,  0.000000,  0.000000,  0.000000,  0.000000,  0.000000,  0.000000,  0.000000,  0.000000,  0.000000,  0.000000 ]
checksum = 1.000000
Repeated 4 time
f2=0.519581 a2=0.480419
f3=0.188549 a3=0.291869
f4=0.091850 a4=0.200020
f5=0.052578 a5=0.147442
f6=0.033331 a6=0.114111
f7=0.022672 a7=0.091439
f8=0.016237 a8=0.075202
f9=0.012095 a9=0.063106
f10=0.009295 a10=0.053812
f11=0.007324 a11=0.046488
f12=0.005892 a12=0.040596
f13=0.004824 a13=0.035772
f14=0.004008 a14=0.031764
f15=0.003373 a15=0.028392
f16=0.002870 a16=0.025521
f17=0.002467 a17=0.023055
f18=0.002138 a18=0.020916
f19=0.001868 a19=0.019049
f20=0.001643 a20=0.017405
f21=0.001454 a21=0.015951
f22=0.001295 a22=0.014656
f23=0.001159 a23=0.013498
f24=0.001042 a24=0.012456
f25=0.000941 a25=0.011516
f26=0.000853 a26=0.010663
f27=0.000776 a27=0.009887
f28=0.000708 a28=0.009179
f29=0.000649 a29=0.008530
f30=0.000596 a30=0.007933
f31=0.000549 a31=0.007384
f32=0.000507 a32=0.006877
f33=0.000470 a33=0.006407
f34=0.000436 a34=0.005971
f35=0.000406 a35=0.005565
f36=0.000378 a36=0.005187
f37=0.000353 a37=0.004834
f38=0.000330 a38=0.004504
f39=0.000309 a39=0.004195
f40=0.000290 a40=0.003904
f41=0.000273 a41=0.003631
f42=0.000257 a42=0.003374
f43=0.000242 a43=0.003132
f44=0.000229 a44=0.002903
f45=0.000216 a45=0.002686
f46=0.000205 a46=0.002482
f47=0.000194 a47=0.002287
f48=0.000184 a48=0.002103
f49=0.000175 a49=0.001928
f50=0.001928
[ 0.519581,  0.188549,  0.091850,  0.052578,  0.033331,  0.022672,  0.016237,  0.012095,  0.009295,  0.007324,  0.005892,  0.004824,  0.004008,  0.003373,  0.002870,  0.002467,  0.002138,  0.001868,  0.001643,  0.001454,  0.001295,  0.001159,  0.001042,  0.000941,  0.000853,  0.000776,  0.000708,  0.000649,  0.000596,  0.000549,  0.000507,  0.000470,  0.000436,  0.000406,  0.000378,  0.000353,  0.000330,  0.000309,  0.000290,  0.000273,  0.000257,  0.000242,  0.000229,  0.000216,  0.000205,  0.000194,  0.000184,  0.000175, 0.001928]
0.001928 == 0.001928

total 92456 nodes
[ 0.003732,  0.518690,  0.179880,  0.098620,  0.052155,  0.034622,  0.019350,  0.019891,  0.010016,  0.009788,  0.008642,  0.004272,  0.004867,  0.005051,  0.001882,  0.003104,  0.003320,  0.000519,  0.002996,  0.000649,  0.002812,  0.000054,  0.000238,  0.001320,  0.002661,  0.000270,  0.000281,  0.002055,  0.000065,  0.000314,  0.000530,  0.000119,  0.000941,  0.001179,  0.000508,  0.000011,  0.000043,  0.000335,  0.000195,  0.000368,  0.000173,  0.000270,  0.000595,  0.000022,  0.000108,  0.000498,  0.000032,  0.000281,  0.000443,  0.001233,  0.000000,  0.000000,  0.000000,  0.000000,  0.000000,  0.000000,  0.000000,  0.000000,  0.000000,  0.000000,  0.000000,  0.000000,  0.000000,  0.000000,  0.000000,  0.000000,  0.000000,  0.000000,  0.000000,  0.000000,  0.000000,  0.000000,  0.000000,  0.000000,  0.000000,  0.000000,  0.000000,  0.000000,  0.000000,  0.000000,  0.000000,  0.000000,  0.000000,  0.000000,  0.000000,  0.000000,  0.000000,  0.000000,  0.000000,  0.000000,  0.000000,  0.000000,  0.000000,  0.000000,  0.000000,  0.000000,  0.000000,  0.000000,  0.000000,  0.000000,  0.000000,  0.000000,  0.000000,  0.000000,  0.000000,  0.000000,  0.000000,  0.000000,  0.000000,  0.000000,  0.000000,  0.000000,  0.000000,  0.000000,  0.000000,  0.000000,  0.000000,  0.000000,  0.000000,  0.000000,  0.000000,  0.000000,  0.000000,  0.000000,  0.000000,  0.000000,  0.000000,  0.000000,  0.000000,  0.000000,  0.000000,  0.000000,  0.000000,  0.000000,  0.000000,  0.000000,  0.000000,  0.000000,  0.000000,  0.000000,  0.000000,  0.000000,  0.000000,  0.000000,  0.000000,  0.000000,  0.000000,  0.000000,  0.000000,  0.000000,  0.000000,  0.000000,  0.000000,  0.000000,  0.000000,  0.000000,  0.000000,  0.000000,  0.000000,  0.000000,  0.000000,  0.000000,  0.000000,  0.000000,  0.000000,  0.000000,  0.000000,  0.000000,  0.000000,  0.000000,  0.000000,  0.000000,  0.000000,  0.000000,  0.000000,  0.000000,  0.000000,  0.000000,  0.000000,  0.000000,  0.000000,  0.000000,  0.000000,  0.000000,  0.000000,  0.000000,  0.000000,  0.000000,  0.000000,  0.000000,  0.000000,  0.000000,  0.000000,  0.000000,  0.000000,  0.000000,  0.000000,  0.000000,  0.000000,  0.000000,  0.000000,  0.000000,  0.000000,  0.000000,  0.000000,  0.000000,  0.000000,  0.000000,  0.000000,  0.000000,  0.000000,  0.000000,  0.000000,  0.000000,  0.000000,  0.000000,  0.000000,  0.000000,  0.000000,  0.000000,  0.000000,  0.000000,  0.000000,  0.000000,  0.000000,  0.000000,  0.000000,  0.000000,  0.000000,  0.000000,  0.000000,  0.000000,  0.000000,  0.000000,  0.000000,  0.000000,  0.000000,  0.000000,  0.000000,  0.000000,  0.000000,  0.000000,  0.000000,  0.000000,  0.000000,  0.000000,  0.000000,  0.000000,  0.000000,  0.000000,  0.000000,  0.000000,  0.000000,  0.000000,  0.000000,  0.000000,  0.000000,  0.000000,  0.000000,  0.000000,  0.000000,  0.000000,  0.000000,  0.000000,  0.000000,  0.000000,  0.000000,  0.000000,  0.000000,  0.000000,  0.000000,  0.000000,  0.000000,  0.000000,  0.000000,  0.000000,  0.000000,  0.000000,  0.000000,  0.000000,  0.000000,  0.000000,  0.000000,  0.000000,  0.000000,  0.000000,  0.000000,  0.000000,  0.000000,  0.000000,  0.000000,  0.000000,  0.000000,  0.000000,  0.000000,  0.000000,  0.000000,  0.000000,  0.000000,  0.000000,  0.000000,  0.000000,  0.000000,  0.000000,  0.000000,  0.000000,  0.000000,  0.000000,  0.000000,  0.000000,  0.000000,  0.000000,  0.000000,  0.000000,  0.000000,  0.000000,  0.000000,  0.000000,  0.000000,  0.000000,  0.000000,  0.000000,  0.000000,  0.000000,  0.000000,  0.000000,  0.000000,  0.000000,  0.000000,  0.000000,  0.000000,  0.000000,  0.000000,  0.000000,  0.000000,  0.000000,  0.000000,  0.000000,  0.000000,  0.000000,  0.000000,  0.000000,  0.000000,  0.000000,  0.000000,  0.000000,  0.000000,  0.000000,  0.000000,  0.000000,  0.000000,  0.000000,  0.000000,  0.000000,  0.000000,  0.000000,  0.000000,  0.000000,  0.000000,  0.000000,  0.000000,  0.000000,  0.000000,  0.000000,  0.000000,  0.000000,  0.000000,  0.000000,  0.000000,  0.000000,  0.000000,  0.000000,  0.000000,  0.000000,  0.000000,  0.000000,  0.000000,  0.000000,  0.000000,  0.000000,  0.000000,  0.000000,  0.000000,  0.000000,  0.000000,  0.000000,  0.000000,  0.000000,  0.000000,  0.000000,  0.000000,  0.000000,  0.000000,  0.000000,  0.000000,  0.000000,  0.000000,  0.000000,  0.000000,  0.000000,  0.000000,  0.000000,  0.000000,  0.000000,  0.000000,  0.000000,  0.000000,  0.000000,  0.000000,  0.000000,  0.000000,  0.000000,  0.000000,  0.000000,  0.000000,  0.000000,  0.000000,  0.000000,  0.000000,  0.000000,  0.000000,  0.000000,  0.000000,  0.000000,  0.000000,  0.000000,  0.000000,  0.000000,  0.000000,  0.000000,  0.000000,  0.000000,  0.000000,  0.000000,  0.000000,  0.000000,  0.000000,  0.000000,  0.000000,  0.000000,  0.000000,  0.000000,  0.000000,  0.000000,  0.000000,  0.000000,  0.000000,  0.000000,  0.000000,  0.000000,  0.000000,  0.000000,  0.000000,  0.000000,  0.000000,  0.000000,  0.000000,  0.000000,  0.000000,  0.000000,  0.000000,  0.000000,  0.000000,  0.000000,  0.000000,  0.000000,  0.000000,  0.000000,  0.000000,  0.000000,  0.000000,  0.000000,  0.000000,  0.000000,  0.000000,  0.000000,  0.000000,  0.000000,  0.000000,  0.000000,  0.000000,  0.000000,  0.000000,  0.000000,  0.000000,  0.000000,  0.000000,  0.000000,  0.000000,  0.000000,  0.000000,  0.000000,  0.000000,  0.000000,  0.000000,  0.000000,  0.000000,  0.000000,  0.000000,  0.000000 ]
checksum = 1.000000
Repeated 5 time
f2=0.519581 a2=0.480419
f3=0.188549 a3=0.291869
f4=0.091850 a4=0.200020
f5=0.052578 a5=0.147442
f6=0.033331 a6=0.114111
f7=0.022672 a7=0.091439
f8=0.016237 a8=0.075202
f9=0.012095 a9=0.063106
f10=0.009295 a10=0.053812
f11=0.007324 a11=0.046488
f12=0.005892 a12=0.040596
f13=0.004824 a13=0.035772
f14=0.004008 a14=0.031764
f15=0.003373 a15=0.028392
f16=0.002870 a16=0.025521
f17=0.002467 a17=0.023055
f18=0.002138 a18=0.020916
f19=0.001868 a19=0.019049
f20=0.001643 a20=0.017405
f21=0.001454 a21=0.015951
f22=0.001295 a22=0.014656
f23=0.001159 a23=0.013498
f24=0.001042 a24=0.012456
f25=0.000941 a25=0.011516
f26=0.000853 a26=0.010663
f27=0.000776 a27=0.009887
f28=0.000708 a28=0.009179
f29=0.000649 a29=0.008530
f30=0.000596 a30=0.007933
f31=0.000549 a31=0.007384
f32=0.000507 a32=0.006877
f33=0.000470 a33=0.006407
f34=0.000436 a34=0.005971
f35=0.000406 a35=0.005565
f36=0.000378 a36=0.005187
f37=0.000353 a37=0.004834
f38=0.000330 a38=0.004504
f39=0.000309 a39=0.004195
f40=0.000290 a40=0.003904
f41=0.000273 a41=0.003631
f42=0.000257 a42=0.003374
f43=0.000242 a43=0.003132
f44=0.000229 a44=0.002903
f45=0.000216 a45=0.002686
f46=0.000205 a46=0.002482
f47=0.000194 a47=0.002287
f48=0.000184 a48=0.002103
f49=0.000175 a49=0.001928
f50=0.001928
[ 0.519581,  0.188549,  0.091850,  0.052578,  0.033331,  0.022672,  0.016237,  0.012095,  0.009295,  0.007324,  0.005892,  0.004824,  0.004008,  0.003373,  0.002870,  0.002467,  0.002138,  0.001868,  0.001643,  0.001454,  0.001295,  0.001159,  0.001042,  0.000941,  0.000853,  0.000776,  0.000708,  0.000649,  0.000596,  0.000549,  0.000507,  0.000470,  0.000436,  0.000406,  0.000378,  0.000353,  0.000330,  0.000309,  0.000290,  0.000273,  0.000257,  0.000242,  0.000229,  0.000216,  0.000205,  0.000194,  0.000184,  0.000175, 0.001928]
0.001928 == 0.001928

total 91730 nodes
[ 0.004426,  0.509844,  0.198190,  0.089960,  0.049722,  0.035855,  0.022741,  0.016080,  0.010585,  0.010346,  0.004164,  0.009059,  0.002268,  0.006138,  0.002268,  0.003598,  0.002518,  0.002104,  0.000371,  0.004317,  0.000501,  0.000305,  0.001090,  0.000545,  0.001712,  0.000741,  0.000905,  0.001275,  0.000262,  0.000589,  0.000294,  0.001003,  0.000349,  0.000414,  0.000600,  0.000469,  0.000142,  0.000741,  0.000076,  0.000098,  0.000185,  0.000610,  0.000262,  0.000033,  0.000120,  0.000087,  0.000185,  0.000076,  0.000392,  0.001384,  0.000000,  0.000000,  0.000000,  0.000000,  0.000000,  0.000000,  0.000000,  0.000000,  0.000000,  0.000000,  0.000000,  0.000000,  0.000000,  0.000000,  0.000000,  0.000000,  0.000000,  0.000000,  0.000000,  0.000000,  0.000000,  0.000000,  0.000000,  0.000000,  0.000000,  0.000000,  0.000000,  0.000000,  0.000000,  0.000000,  0.000000,  0.000000,  0.000000,  0.000000,  0.000000,  0.000000,  0.000000,  0.000000,  0.000000,  0.000000,  0.000000,  0.000000,  0.000000,  0.000000,  0.000000,  0.000000,  0.000000,  0.000000,  0.000000,  0.000000,  0.000000,  0.000000,  0.000000,  0.000000,  0.000000,  0.000000,  0.000000,  0.000000,  0.000000,  0.000000,  0.000000,  0.000000,  0.000000,  0.000000,  0.000000,  0.000000,  0.000000,  0.000000,  0.000000,  0.000000,  0.000000,  0.000000,  0.000000,  0.000000,  0.000000,  0.000000,  0.000000,  0.000000,  0.000000,  0.000000,  0.000000,  0.000000,  0.000000,  0.000000,  0.000000,  0.000000,  0.000000,  0.000000,  0.000000,  0.000000,  0.000000,  0.000000,  0.000000,  0.000000,  0.000000,  0.000000,  0.000000,  0.000000,  0.000000,  0.000000,  0.000000,  0.000000,  0.000000,  0.000000,  0.000000,  0.000000,  0.000000,  0.000000,  0.000000,  0.000000,  0.000000,  0.000000,  0.000000,  0.000000,  0.000000,  0.000000,  0.000000,  0.000000,  0.000000,  0.000000,  0.000000,  0.000000,  0.000000,  0.000000,  0.000000,  0.000000,  0.000000,  0.000000,  0.000000,  0.000000,  0.000000,  0.000000,  0.000000,  0.000000,  0.000000,  0.000000,  0.000000,  0.000000,  0.000000,  0.000000,  0.000000,  0.000000,  0.000000,  0.000000,  0.000000,  0.000000,  0.000000,  0.000000,  0.000000,  0.000000,  0.000000,  0.000000,  0.000000,  0.000000,  0.000000,  0.000000,  0.000000,  0.000000,  0.000000,  0.000000,  0.000000,  0.000000,  0.000000,  0.000000,  0.000000,  0.000000,  0.000000,  0.000000,  0.000000,  0.000000,  0.000000,  0.000000,  0.000000,  0.000000,  0.000000,  0.000000,  0.000000,  0.000000,  0.000000,  0.000000,  0.000000,  0.000000,  0.000000,  0.000000,  0.000000,  0.000000,  0.000000,  0.000000,  0.000000,  0.000000,  0.000000,  0.000000,  0.000000,  0.000000,  0.000000,  0.000000,  0.000000,  0.000000,  0.000000,  0.000000,  0.000000,  0.000000,  0.000000,  0.000000,  0.000000,  0.000000,  0.000000,  0.000000,  0.000000,  0.000000,  0.000000,  0.000000,  0.000000,  0.000000,  0.000000,  0.000000,  0.000000,  0.000000,  0.000000,  0.000000,  0.000000,  0.000000,  0.000000,  0.000000,  0.000000,  0.000000,  0.000000,  0.000000,  0.000000,  0.000000,  0.000000,  0.000000,  0.000000,  0.000000,  0.000000,  0.000000,  0.000000,  0.000000,  0.000000,  0.000000,  0.000000,  0.000000,  0.000000,  0.000000,  0.000000,  0.000000,  0.000000,  0.000000,  0.000000,  0.000000,  0.000000,  0.000000,  0.000000,  0.000000,  0.000000,  0.000000,  0.000000,  0.000000,  0.000000,  0.000000,  0.000000,  0.000000,  0.000000,  0.000000,  0.000000,  0.000000,  0.000000,  0.000000,  0.000000,  0.000000,  0.000000,  0.000000,  0.000000,  0.000000,  0.000000,  0.000000,  0.000000,  0.000000,  0.000000,  0.000000,  0.000000,  0.000000,  0.000000,  0.000000,  0.000000,  0.000000,  0.000000,  0.000000,  0.000000,  0.000000,  0.000000,  0.000000,  0.000000,  0.000000,  0.000000,  0.000000,  0.000000,  0.000000,  0.000000,  0.000000,  0.000000,  0.000000,  0.000000,  0.000000,  0.000000,  0.000000,  0.000000,  0.000000,  0.000000,  0.000000,  0.000000,  0.000000,  0.000000,  0.000000,  0.000000,  0.000000,  0.000000,  0.000000,  0.000000,  0.000000,  0.000000,  0.000000,  0.000000,  0.000000,  0.000000,  0.000000,  0.000000,  0.000000,  0.000000,  0.000000,  0.000000,  0.000000,  0.000000,  0.000000,  0.000000,  0.000000,  0.000000,  0.000000,  0.000000,  0.000000,  0.000000,  0.000000,  0.000000,  0.000000,  0.000000,  0.000000,  0.000000,  0.000000,  0.000000,  0.000000,  0.000000,  0.000000,  0.000000,  0.000000,  0.000000,  0.000000,  0.000000,  0.000000,  0.000000,  0.000000,  0.000000,  0.000000,  0.000000,  0.000000,  0.000000,  0.000000,  0.000000,  0.000000,  0.000000,  0.000000,  0.000000,  0.000000,  0.000000,  0.000000,  0.000000,  0.000000,  0.000000,  0.000000,  0.000000,  0.000000,  0.000000,  0.000000,  0.000000,  0.000000,  0.000000,  0.000000,  0.000000,  0.000000,  0.000000,  0.000000,  0.000000,  0.000000,  0.000000,  0.000000,  0.000000,  0.000000,  0.000000,  0.000000,  0.000000,  0.000000,  0.000000,  0.000000,  0.000000,  0.000000,  0.000000,  0.000000,  0.000000,  0.000000,  0.000000,  0.000000,  0.000000,  0.000000,  0.000000,  0.000000,  0.000000,  0.000000,  0.000000,  0.000000,  0.000000,  0.000000,  0.000000,  0.000000,  0.000000,  0.000000,  0.000000,  0.000000,  0.000000,  0.000000,  0.000000,  0.000000,  0.000000,  0.000000,  0.000000,  0.000000,  0.000000,  0.000000,  0.000000,  0.000000,  0.000000,  0.000000,  0.000000,  0.000000,  0.000000,  0.000000,  0.000000,  0.000000,  0.000000,  0.000000,  0.000000,  0.000000 ]
checksum = 1.000000
Repeated 6 time
f2=0.519581 a2=0.480419
f3=0.188549 a3=0.291869
f4=0.091850 a4=0.200020
f5=0.052578 a5=0.147442
f6=0.033331 a6=0.114111
f7=0.022672 a7=0.091439
f8=0.016237 a8=0.075202
f9=0.012095 a9=0.063106
f10=0.009295 a10=0.053812
f11=0.007324 a11=0.046488
f12=0.005892 a12=0.040596
f13=0.004824 a13=0.035772
f14=0.004008 a14=0.031764
f15=0.003373 a15=0.028392
f16=0.002870 a16=0.025521
f17=0.002467 a17=0.023055
f18=0.002138 a18=0.020916
f19=0.001868 a19=0.019049
f20=0.001643 a20=0.017405
f21=0.001454 a21=0.015951
f22=0.001295 a22=0.014656
f23=0.001159 a23=0.013498
f24=0.001042 a24=0.012456
f25=0.000941 a25=0.011516
f26=0.000853 a26=0.010663
f27=0.000776 a27=0.009887
f28=0.000708 a28=0.009179
f29=0.000649 a29=0.008530
f30=0.000596 a30=0.007933
f31=0.000549 a31=0.007384
f32=0.000507 a32=0.006877
f33=0.000470 a33=0.006407
f34=0.000436 a34=0.005971
f35=0.000406 a35=0.005565
f36=0.000378 a36=0.005187
f37=0.000353 a37=0.004834
f38=0.000330 a38=0.004504
f39=0.000309 a39=0.004195
f40=0.000290 a40=0.003904
f41=0.000273 a41=0.003631
f42=0.000257 a42=0.003374
f43=0.000242 a43=0.003132
f44=0.000229 a44=0.002903
f45=0.000216 a45=0.002686
f46=0.000205 a46=0.002482
f47=0.000194 a47=0.002287
f48=0.000184 a48=0.002103
f49=0.000175 a49=0.001928
f50=0.001928
[ 0.519581,  0.188549,  0.091850,  0.052578,  0.033331,  0.022672,  0.016237,  0.012095,  0.009295,  0.007324,  0.005892,  0.004824,  0.004008,  0.003373,  0.002870,  0.002467,  0.002138,  0.001868,  0.001643,  0.001454,  0.001295,  0.001159,  0.001042,  0.000941,  0.000853,  0.000776,  0.000708,  0.000649,  0.000596,  0.000549,  0.000507,  0.000470,  0.000436,  0.000406,  0.000378,  0.000353,  0.000330,  0.000309,  0.000290,  0.000273,  0.000257,  0.000242,  0.000229,  0.000216,  0.000205,  0.000194,  0.000184,  0.000175, 0.001928]
0.001928 == 0.001928

total 92312 nodes
[ 0.004474,  0.514884,  0.185761,  0.096943,  0.052301,  0.030928,  0.022251,  0.018372,  0.010508,  0.011602,  0.005698,  0.005926,  0.005351,  0.003553,  0.001300,  0.006554,  0.001571,  0.002351,  0.000347,  0.003044,  0.001657,  0.000260,  0.000986,  0.001040,  0.000921,  0.001657,  0.000130,  0.001181,  0.000108,  0.000910,  0.000379,  0.000899,  0.000238,  0.000325,  0.000032,  0.000412,  0.000758,  0.000466,  0.000444,  0.000097,  0.000184,  0.000173,  0.000217,  0.000271,  0.000184,  0.000347,  0.000162,  0.000087,  0.000249,  0.001506,  0.000000,  0.000000,  0.000000,  0.000000,  0.000000,  0.000000,  0.000000,  0.000000,  0.000000,  0.000000,  0.000000,  0.000000,  0.000000,  0.000000,  0.000000,  0.000000,  0.000000,  0.000000,  0.000000,  0.000000,  0.000000,  0.000000,  0.000000,  0.000000,  0.000000,  0.000000,  0.000000,  0.000000,  0.000000,  0.000000,  0.000000,  0.000000,  0.000000,  0.000000,  0.000000,  0.000000,  0.000000,  0.000000,  0.000000,  0.000000,  0.000000,  0.000000,  0.000000,  0.000000,  0.000000,  0.000000,  0.000000,  0.000000,  0.000000,  0.000000,  0.000000,  0.000000,  0.000000,  0.000000,  0.000000,  0.000000,  0.000000,  0.000000,  0.000000,  0.000000,  0.000000,  0.000000,  0.000000,  0.000000,  0.000000,  0.000000,  0.000000,  0.000000,  0.000000,  0.000000,  0.000000,  0.000000,  0.000000,  0.000000,  0.000000,  0.000000,  0.000000,  0.000000,  0.000000,  0.000000,  0.000000,  0.000000,  0.000000,  0.000000,  0.000000,  0.000000,  0.000000,  0.000000,  0.000000,  0.000000,  0.000000,  0.000000,  0.000000,  0.000000,  0.000000,  0.000000,  0.000000,  0.000000,  0.000000,  0.000000,  0.000000,  0.000000,  0.000000,  0.000000,  0.000000,  0.000000,  0.000000,  0.000000,  0.000000,  0.000000,  0.000000,  0.000000,  0.000000,  0.000000,  0.000000,  0.000000,  0.000000,  0.000000,  0.000000,  0.000000,  0.000000,  0.000000,  0.000000,  0.000000,  0.000000,  0.000000,  0.000000,  0.000000,  0.000000,  0.000000,  0.000000,  0.000000,  0.000000,  0.000000,  0.000000,  0.000000,  0.000000,  0.000000,  0.000000,  0.000000,  0.000000,  0.000000,  0.000000,  0.000000,  0.000000,  0.000000,  0.000000,  0.000000,  0.000000,  0.000000,  0.000000,  0.000000,  0.000000,  0.000000,  0.000000,  0.000000,  0.000000,  0.000000,  0.000000,  0.000000,  0.000000,  0.000000,  0.000000,  0.000000,  0.000000,  0.000000,  0.000000,  0.000000,  0.000000,  0.000000,  0.000000,  0.000000,  0.000000,  0.000000,  0.000000,  0.000000,  0.000000,  0.000000,  0.000000,  0.000000,  0.000000,  0.000000,  0.000000,  0.000000,  0.000000,  0.000000,  0.000000,  0.000000,  0.000000,  0.000000,  0.000000,  0.000000,  0.000000,  0.000000,  0.000000,  0.000000,  0.000000,  0.000000,  0.000000,  0.000000,  0.000000,  0.000000,  0.000000,  0.000000,  0.000000,  0.000000,  0.000000,  0.000000,  0.000000,  0.000000,  0.000000,  0.000000,  0.000000,  0.000000,  0.000000,  0.000000,  0.000000,  0.000000,  0.000000,  0.000000,  0.000000,  0.000000,  0.000000,  0.000000,  0.000000,  0.000000,  0.000000,  0.000000,  0.000000,  0.000000,  0.000000,  0.000000,  0.000000,  0.000000,  0.000000,  0.000000,  0.000000,  0.000000,  0.000000,  0.000000,  0.000000,  0.000000,  0.000000,  0.000000,  0.000000,  0.000000,  0.000000,  0.000000,  0.000000,  0.000000,  0.000000,  0.000000,  0.000000,  0.000000,  0.000000,  0.000000,  0.000000,  0.000000,  0.000000,  0.000000,  0.000000,  0.000000,  0.000000,  0.000000,  0.000000,  0.000000,  0.000000,  0.000000,  0.000000,  0.000000,  0.000000,  0.000000,  0.000000,  0.000000,  0.000000,  0.000000,  0.000000,  0.000000,  0.000000,  0.000000,  0.000000,  0.000000,  0.000000,  0.000000,  0.000000,  0.000000,  0.000000,  0.000000,  0.000000,  0.000000,  0.000000,  0.000000,  0.000000,  0.000000,  0.000000,  0.000000,  0.000000,  0.000000,  0.000000,  0.000000,  0.000000,  0.000000,  0.000000,  0.000000,  0.000000,  0.000000,  0.000000,  0.000000,  0.000000,  0.000000,  0.000000,  0.000000,  0.000000,  0.000000,  0.000000,  0.000000,  0.000000,  0.000000,  0.000000,  0.000000,  0.000000,  0.000000,  0.000000,  0.000000,  0.000000,  0.000000,  0.000000,  0.000000,  0.000000,  0.000000,  0.000000,  0.000000,  0.000000,  0.000000,  0.000000,  0.000000,  0.000000,  0.000000,  0.000000,  0.000000,  0.000000,  0.000000,  0.000000,  0.000000,  0.000000,  0.000000,  0.000000,  0.000000,  0.000000,  0.000000,  0.000000,  0.000000,  0.000000,  0.000000,  0.000000,  0.000000,  0.000000,  0.000000,  0.000000,  0.000000,  0.000000,  0.000000,  0.000000,  0.000000,  0.000000,  0.000000,  0.000000,  0.000000,  0.000000,  0.000000,  0.000000,  0.000000,  0.000000,  0.000000,  0.000000,  0.000000,  0.000000,  0.000000,  0.000000,  0.000000,  0.000000,  0.000000,  0.000000,  0.000000,  0.000000,  0.000000,  0.000000,  0.000000,  0.000000,  0.000000,  0.000000,  0.000000,  0.000000,  0.000000,  0.000000,  0.000000,  0.000000,  0.000000,  0.000000,  0.000000,  0.000000,  0.000000,  0.000000,  0.000000,  0.000000,  0.000000,  0.000000,  0.000000,  0.000000,  0.000000,  0.000000,  0.000000,  0.000000,  0.000000,  0.000000,  0.000000,  0.000000,  0.000000,  0.000000,  0.000000,  0.000000,  0.000000,  0.000000,  0.000000,  0.000000,  0.000000,  0.000000,  0.000000,  0.000000,  0.000000,  0.000000,  0.000000,  0.000000,  0.000000,  0.000000,  0.000000,  0.000000,  0.000000,  0.000000,  0.000000,  0.000000,  0.000000,  0.000000,  0.000000,  0.000000,  0.000000,  0.000000,  0.000000,  0.000000,  0.000000 ]
checksum = 1.000000
Repeated 7 time
f2=0.519581 a2=0.480419
f3=0.188549 a3=0.291869
f4=0.091850 a4=0.200020
f5=0.052578 a5=0.147442
f6=0.033331 a6=0.114111
f7=0.022672 a7=0.091439
f8=0.016237 a8=0.075202
f9=0.012095 a9=0.063106
f10=0.009295 a10=0.053812
f11=0.007324 a11=0.046488
f12=0.005892 a12=0.040596
f13=0.004824 a13=0.035772
f14=0.004008 a14=0.031764
f15=0.003373 a15=0.028392
f16=0.002870 a16=0.025521
f17=0.002467 a17=0.023055
f18=0.002138 a18=0.020916
f19=0.001868 a19=0.019049
f20=0.001643 a20=0.017405
f21=0.001454 a21=0.015951
f22=0.001295 a22=0.014656
f23=0.001159 a23=0.013498
f24=0.001042 a24=0.012456
f25=0.000941 a25=0.011516
f26=0.000853 a26=0.010663
f27=0.000776 a27=0.009887
f28=0.000708 a28=0.009179
f29=0.000649 a29=0.008530
f30=0.000596 a30=0.007933
f31=0.000549 a31=0.007384
f32=0.000507 a32=0.006877
f33=0.000470 a33=0.006407
f34=0.000436 a34=0.005971
f35=0.000406 a35=0.005565
f36=0.000378 a36=0.005187
f37=0.000353 a37=0.004834
f38=0.000330 a38=0.004504
f39=0.000309 a39=0.004195
f40=0.000290 a40=0.003904
f41=0.000273 a41=0.003631
f42=0.000257 a42=0.003374
f43=0.000242 a43=0.003132
f44=0.000229 a44=0.002903
f45=0.000216 a45=0.002686
f46=0.000205 a46=0.002482
f47=0.000194 a47=0.002287
f48=0.000184 a48=0.002103
f49=0.000175 a49=0.001928
f50=0.001928
[ 0.519581,  0.188549,  0.091850,  0.052578,  0.033331,  0.022672,  0.016237,  0.012095,  0.009295,  0.007324,  0.005892,  0.004824,  0.004008,  0.003373,  0.002870,  0.002467,  0.002138,  0.001868,  0.001643,  0.001454,  0.001295,  0.001159,  0.001042,  0.000941,  0.000853,  0.000776,  0.000708,  0.000649,  0.000596,  0.000549,  0.000507,  0.000470,  0.000436,  0.000406,  0.000378,  0.000353,  0.000330,  0.000309,  0.000290,  0.000273,  0.000257,  0.000242,  0.000229,  0.000216,  0.000205,  0.000194,  0.000184,  0.000175, 0.001928]
0.001928 == 0.001928

total 92067 nodes
[ 0.004323,  0.516548,  0.188743,  0.089131,  0.055785,  0.031618,  0.019888,  0.017954,  0.013555,  0.011166,  0.007017,  0.003269,  0.005692,  0.002009,  0.005572,  0.003367,  0.001575,  0.003063,  0.001586,  0.000652,  0.001760,  0.001271,  0.000424,  0.001260,  0.001217,  0.001097,  0.002075,  0.000434,  0.000022,  0.000706,  0.000510,  0.000000,  0.000608,  0.000337,  0.000272,  0.000902,  0.000141,  0.000326,  0.000076,  0.000988,  0.000022,  0.000206,  0.000098,  0.000076,  0.000413,  0.000033,  0.000261,  0.000315,  0.000380,  0.001260,  0.000000,  0.000000,  0.000000,  0.000000,  0.000000,  0.000000,  0.000000,  0.000000,  0.000000,  0.000000,  0.000000,  0.000000,  0.000000,  0.000000,  0.000000,  0.000000,  0.000000,  0.000000,  0.000000,  0.000000,  0.000000,  0.000000,  0.000000,  0.000000,  0.000000,  0.000000,  0.000000,  0.000000,  0.000000,  0.000000,  0.000000,  0.000000,  0.000000,  0.000000,  0.000000,  0.000000,  0.000000,  0.000000,  0.000000,  0.000000,  0.000000,  0.000000,  0.000000,  0.000000,  0.000000,  0.000000,  0.000000,  0.000000,  0.000000,  0.000000,  0.000000,  0.000000,  0.000000,  0.000000,  0.000000,  0.000000,  0.000000,  0.000000,  0.000000,  0.000000,  0.000000,  0.000000,  0.000000,  0.000000,  0.000000,  0.000000,  0.000000,  0.000000,  0.000000,  0.000000,  0.000000,  0.000000,  0.000000,  0.000000,  0.000000,  0.000000,  0.000000,  0.000000,  0.000000,  0.000000,  0.000000,  0.000000,  0.000000,  0.000000,  0.000000,  0.000000,  0.000000,  0.000000,  0.000000,  0.000000,  0.000000,  0.000000,  0.000000,  0.000000,  0.000000,  0.000000,  0.000000,  0.000000,  0.000000,  0.000000,  0.000000,  0.000000,  0.000000,  0.000000,  0.000000,  0.000000,  0.000000,  0.000000,  0.000000,  0.000000,  0.000000,  0.000000,  0.000000,  0.000000,  0.000000,  0.000000,  0.000000,  0.000000,  0.000000,  0.000000,  0.000000,  0.000000,  0.000000,  0.000000,  0.000000,  0.000000,  0.000000,  0.000000,  0.000000,  0.000000,  0.000000,  0.000000,  0.000000,  0.000000,  0.000000,  0.000000,  0.000000,  0.000000,  0.000000,  0.000000,  0.000000,  0.000000,  0.000000,  0.000000,  0.000000,  0.000000,  0.000000,  0.000000,  0.000000,  0.000000,  0.000000,  0.000000,  0.000000,  0.000000,  0.000000,  0.000000,  0.000000,  0.000000,  0.000000,  0.000000,  0.000000,  0.000000,  0.000000,  0.000000,  0.000000,  0.000000,  0.000000,  0.000000,  0.000000,  0.000000,  0.000000,  0.000000,  0.000000,  0.000000,  0.000000,  0.000000,  0.000000,  0.000000,  0.000000,  0.000000,  0.000000,  0.000000,  0.000000,  0.000000,  0.000000,  0.000000,  0.000000,  0.000000,  0.000000,  0.000000,  0.000000,  0.000000,  0.000000,  0.000000,  0.000000,  0.000000,  0.000000,  0.000000,  0.000000,  0.000000,  0.000000,  0.000000,  0.000000,  0.000000,  0.000000,  0.000000,  0.000000,  0.000000,  0.000000,  0.000000,  0.000000,  0.000000,  0.000000,  0.000000,  0.000000,  0.000000,  0.000000,  0.000000,  0.000000,  0.000000,  0.000000,  0.000000,  0.000000,  0.000000,  0.000000,  0.000000,  0.000000,  0.000000,  0.000000,  0.000000,  0.000000,  0.000000,  0.000000,  0.000000,  0.000000,  0.000000,  0.000000,  0.000000,  0.000000,  0.000000,  0.000000,  0.000000,  0.000000,  0.000000,  0.000000,  0.000000,  0.000000,  0.000000,  0.000000,  0.000000,  0.000000,  0.000000,  0.000000,  0.000000,  0.000000,  0.000000,  0.000000,  0.000000,  0.000000,  0.000000,  0.000000,  0.000000,  0.000000,  0.000000,  0.000000,  0.000000,  0.000000,  0.000000,  0.000000,  0.000000,  0.000000,  0.000000,  0.000000,  0.000000,  0.000000,  0.000000,  0.000000,  0.000000,  0.000000,  0.000000,  0.000000,  0.000000,  0.000000,  0.000000,  0.000000,  0.000000,  0.000000,  0.000000,  0.000000,  0.000000,  0.000000,  0.000000,  0.000000,  0.000000,  0.000000,  0.000000,  0.000000,  0.000000,  0.000000,  0.000000,  0.000000,  0.000000,  0.000000,  0.000000,  0.000000,  0.000000,  0.000000,  0.000000,  0.000000,  0.000000,  0.000000,  0.000000,  0.000000,  0.000000,  0.000000,  0.000000,  0.000000,  0.000000,  0.000000,  0.000000,  0.000000,  0.000000,  0.000000,  0.000000,  0.000000,  0.000000,  0.000000,  0.000000,  0.000000,  0.000000,  0.000000,  0.000000,  0.000000,  0.000000,  0.000000,  0.000000,  0.000000,  0.000000,  0.000000,  0.000000,  0.000000,  0.000000,  0.000000,  0.000000,  0.000000,  0.000000,  0.000000,  0.000000,  0.000000,  0.000000,  0.000000,  0.000000,  0.000000,  0.000000,  0.000000,  0.000000,  0.000000,  0.000000,  0.000000,  0.000000,  0.000000,  0.000000,  0.000000,  0.000000,  0.000000,  0.000000,  0.000000,  0.000000,  0.000000,  0.000000,  0.000000,  0.000000,  0.000000,  0.000000,  0.000000,  0.000000,  0.000000,  0.000000,  0.000000,  0.000000,  0.000000,  0.000000,  0.000000,  0.000000,  0.000000,  0.000000,  0.000000,  0.000000,  0.000000,  0.000000,  0.000000,  0.000000,  0.000000,  0.000000,  0.000000,  0.000000,  0.000000,  0.000000,  0.000000,  0.000000,  0.000000,  0.000000,  0.000000,  0.000000,  0.000000,  0.000000,  0.000000,  0.000000,  0.000000,  0.000000,  0.000000,  0.000000,  0.000000,  0.000000,  0.000000,  0.000000,  0.000000,  0.000000,  0.000000,  0.000000,  0.000000,  0.000000,  0.000000,  0.000000,  0.000000,  0.000000,  0.000000,  0.000000,  0.000000,  0.000000,  0.000000,  0.000000,  0.000000,  0.000000,  0.000000,  0.000000,  0.000000,  0.000000,  0.000000,  0.000000,  0.000000,  0.000000,  0.000000,  0.000000,  0.000000,  0.000000,  0.000000,  0.000000,  0.000000,  0.000000 ]
checksum = 1.000000
Repeated 8 time
f2=0.519581 a2=0.480419
f3=0.188549 a3=0.291869
f4=0.091850 a4=0.200020
f5=0.052578 a5=0.147442
f6=0.033331 a6=0.114111
f7=0.022672 a7=0.091439
f8=0.016237 a8=0.075202
f9=0.012095 a9=0.063106
f10=0.009295 a10=0.053812
f11=0.007324 a11=0.046488
f12=0.005892 a12=0.040596
f13=0.004824 a13=0.035772
f14=0.004008 a14=0.031764
f15=0.003373 a15=0.028392
f16=0.002870 a16=0.025521
f17=0.002467 a17=0.023055
f18=0.002138 a18=0.020916
f19=0.001868 a19=0.019049
f20=0.001643 a20=0.017405
f21=0.001454 a21=0.015951
f22=0.001295 a22=0.014656
f23=0.001159 a23=0.013498
f24=0.001042 a24=0.012456
f25=0.000941 a25=0.011516
f26=0.000853 a26=0.010663
f27=0.000776 a27=0.009887
f28=0.000708 a28=0.009179
f29=0.000649 a29=0.008530
f30=0.000596 a30=0.007933
f31=0.000549 a31=0.007384
f32=0.000507 a32=0.006877
f33=0.000470 a33=0.006407
f34=0.000436 a34=0.005971
f35=0.000406 a35=0.005565
f36=0.000378 a36=0.005187
f37=0.000353 a37=0.004834
f38=0.000330 a38=0.004504
f39=0.000309 a39=0.004195
f40=0.000290 a40=0.003904
f41=0.000273 a41=0.003631
f42=0.000257 a42=0.003374
f43=0.000242 a43=0.003132
f44=0.000229 a44=0.002903
f45=0.000216 a45=0.002686
f46=0.000205 a46=0.002482
f47=0.000194 a47=0.002287
f48=0.000184 a48=0.002103
f49=0.000175 a49=0.001928
f50=0.001928
[ 0.519581,  0.188549,  0.091850,  0.052578,  0.033331,  0.022672,  0.016237,  0.012095,  0.009295,  0.007324,  0.005892,  0.004824,  0.004008,  0.003373,  0.002870,  0.002467,  0.002138,  0.001868,  0.001643,  0.001454,  0.001295,  0.001159,  0.001042,  0.000941,  0.000853,  0.000776,  0.000708,  0.000649,  0.000596,  0.000549,  0.000507,  0.000470,  0.000436,  0.000406,  0.000378,  0.000353,  0.000330,  0.000309,  0.000290,  0.000273,  0.000257,  0.000242,  0.000229,  0.000216,  0.000205,  0.000194,  0.000184,  0.000175, 0.001928]
0.001928 == 0.001928

total 91771 nodes
[ 0.005328,  0.520884,  0.185167,  0.092099,  0.048316,  0.030347,  0.024539,  0.018895,  0.012488,  0.009240,  0.008074,  0.005318,  0.002790,  0.003574,  0.004402,  0.004217,  0.001122,  0.002800,  0.002016,  0.001940,  0.000959,  0.001177,  0.001504,  0.000730,  0.000545,  0.001351,  0.000370,  0.001765,  0.000545,  0.000033,  0.000774,  0.000534,  0.000098,  0.000316,  0.000599,  0.000305,  0.000545,  0.000251,  0.000065,  0.000218,  0.000479,  0.000163,  0.000109,  0.000392,  0.000142,  0.000033,  0.000447,  0.000512,  0.000196,  0.001286,  0.000000,  0.000000,  0.000000,  0.000000,  0.000000,  0.000000,  0.000000,  0.000000,  0.000000,  0.000000,  0.000000,  0.000000,  0.000000,  0.000000,  0.000000,  0.000000,  0.000000,  0.000000,  0.000000,  0.000000,  0.000000,  0.000000,  0.000000,  0.000000,  0.000000,  0.000000,  0.000000,  0.000000,  0.000000,  0.000000,  0.000000,  0.000000,  0.000000,  0.000000,  0.000000,  0.000000,  0.000000,  0.000000,  0.000000,  0.000000,  0.000000,  0.000000,  0.000000,  0.000000,  0.000000,  0.000000,  0.000000,  0.000000,  0.000000,  0.000000,  0.000000,  0.000000,  0.000000,  0.000000,  0.000000,  0.000000,  0.000000,  0.000000,  0.000000,  0.000000,  0.000000,  0.000000,  0.000000,  0.000000,  0.000000,  0.000000,  0.000000,  0.000000,  0.000000,  0.000000,  0.000000,  0.000000,  0.000000,  0.000000,  0.000000,  0.000000,  0.000000,  0.000000,  0.000000,  0.000000,  0.000000,  0.000000,  0.000000,  0.000000,  0.000000,  0.000000,  0.000000,  0.000000,  0.000000,  0.000000,  0.000000,  0.000000,  0.000000,  0.000000,  0.000000,  0.000000,  0.000000,  0.000000,  0.000000,  0.000000,  0.000000,  0.000000,  0.000000,  0.000000,  0.000000,  0.000000,  0.000000,  0.000000,  0.000000,  0.000000,  0.000000,  0.000000,  0.000000,  0.000000,  0.000000,  0.000000,  0.000000,  0.000000,  0.000000,  0.000000,  0.000000,  0.000000,  0.000000,  0.000000,  0.000000,  0.000000,  0.000000,  0.000000,  0.000000,  0.000000,  0.000000,  0.000000,  0.000000,  0.000000,  0.000000,  0.000000,  0.000000,  0.000000,  0.000000,  0.000000,  0.000000,  0.000000,  0.000000,  0.000000,  0.000000,  0.000000,  0.000000,  0.000000,  0.000000,  0.000000,  0.000000,  0.000000,  0.000000,  0.000000,  0.000000,  0.000000,  0.000000,  0.000000,  0.000000,  0.000000,  0.000000,  0.000000,  0.000000,  0.000000,  0.000000,  0.000000,  0.000000,  0.000000,  0.000000,  0.000000,  0.000000,  0.000000,  0.000000,  0.000000,  0.000000,  0.000000,  0.000000,  0.000000,  0.000000,  0.000000,  0.000000,  0.000000,  0.000000,  0.000000,  0.000000,  0.000000,  0.000000,  0.000000,  0.000000,  0.000000,  0.000000,  0.000000,  0.000000,  0.000000,  0.000000,  0.000000,  0.000000,  0.000000,  0.000000,  0.000000,  0.000000,  0.000000,  0.000000,  0.000000,  0.000000,  0.000000,  0.000000,  0.000000,  0.000000,  0.000000,  0.000000,  0.000000,  0.000000,  0.000000,  0.000000,  0.000000,  0.000000,  0.000000,  0.000000,  0.000000,  0.000000,  0.000000,  0.000000,  0.000000,  0.000000,  0.000000,  0.000000,  0.000000,  0.000000,  0.000000,  0.000000,  0.000000,  0.000000,  0.000000,  0.000000,  0.000000,  0.000000,  0.000000,  0.000000,  0.000000,  0.000000,  0.000000,  0.000000,  0.000000,  0.000000,  0.000000,  0.000000,  0.000000,  0.000000,  0.000000,  0.000000,  0.000000,  0.000000,  0.000000,  0.000000,  0.000000,  0.000000,  0.000000,  0.000000,  0.000000,  0.000000,  0.000000,  0.000000,  0.000000,  0.000000,  0.000000,  0.000000,  0.000000,  0.000000,  0.000000,  0.000000,  0.000000,  0.000000,  0.000000,  0.000000,  0.000000,  0.000000,  0.000000,  0.000000,  0.000000,  0.000000,  0.000000,  0.000000,  0.000000,  0.000000,  0.000000,  0.000000,  0.000000,  0.000000,  0.000000,  0.000000,  0.000000,  0.000000,  0.000000,  0.000000,  0.000000,  0.000000,  0.000000,  0.000000,  0.000000,  0.000000,  0.000000,  0.000000,  0.000000,  0.000000,  0.000000,  0.000000,  0.000000,  0.000000,  0.000000,  0.000000,  0.000000,  0.000000,  0.000000,  0.000000,  0.000000,  0.000000,  0.000000,  0.000000,  0.000000,  0.000000,  0.000000,  0.000000,  0.000000,  0.000000,  0.000000,  0.000000,  0.000000,  0.000000,  0.000000,  0.000000,  0.000000,  0.000000,  0.000000,  0.000000,  0.000000,  0.000000,  0.000000,  0.000000,  0.000000,  0.000000,  0.000000,  0.000000,  0.000000,  0.000000,  0.000000,  0.000000,  0.000000,  0.000000,  0.000000,  0.000000,  0.000000,  0.000000,  0.000000,  0.000000,  0.000000,  0.000000,  0.000000,  0.000000,  0.000000,  0.000000,  0.000000,  0.000000,  0.000000,  0.000000,  0.000000,  0.000000,  0.000000,  0.000000,  0.000000,  0.000000,  0.000000,  0.000000,  0.000000,  0.000000,  0.000000,  0.000000,  0.000000,  0.000000,  0.000000,  0.000000,  0.000000,  0.000000,  0.000000,  0.000000,  0.000000,  0.000000,  0.000000,  0.000000,  0.000000,  0.000000,  0.000000,  0.000000,  0.000000,  0.000000,  0.000000,  0.000000,  0.000000,  0.000000,  0.000000,  0.000000,  0.000000,  0.000000,  0.000000,  0.000000,  0.000000,  0.000000,  0.000000,  0.000000,  0.000000,  0.000000,  0.000000,  0.000000,  0.000000,  0.000000,  0.000000,  0.000000,  0.000000,  0.000000,  0.000000,  0.000000,  0.000000,  0.000000,  0.000000,  0.000000,  0.000000,  0.000000,  0.000000,  0.000000,  0.000000,  0.000000,  0.000000,  0.000000,  0.000000,  0.000000,  0.000000,  0.000000,  0.000000,  0.000000,  0.000000,  0.000000,  0.000000,  0.000000,  0.000000,  0.000000,  0.000000,  0.000000,  0.000000,  0.000000,  0.000000 ]
checksum = 1.000000
Repeated 9 time
f2=0.519581 a2=0.480419
f3=0.188549 a3=0.291869
f4=0.091850 a4=0.200020
f5=0.052578 a5=0.147442
f6=0.033331 a6=0.114111
f7=0.022672 a7=0.091439
f8=0.016237 a8=0.075202
f9=0.012095 a9=0.063106
f10=0.009295 a10=0.053812
f11=0.007324 a11=0.046488
f12=0.005892 a12=0.040596
f13=0.004824 a13=0.035772
f14=0.004008 a14=0.031764
f15=0.003373 a15=0.028392
f16=0.002870 a16=0.025521
f17=0.002467 a17=0.023055
f18=0.002138 a18=0.020916
f19=0.001868 a19=0.019049
f20=0.001643 a20=0.017405
f21=0.001454 a21=0.015951
f22=0.001295 a22=0.014656
f23=0.001159 a23=0.013498
f24=0.001042 a24=0.012456
f25=0.000941 a25=0.011516
f26=0.000853 a26=0.010663
f27=0.000776 a27=0.009887
f28=0.000708 a28=0.009179
f29=0.000649 a29=0.008530
f30=0.000596 a30=0.007933
f31=0.000549 a31=0.007384
f32=0.000507 a32=0.006877
f33=0.000470 a33=0.006407
f34=0.000436 a34=0.005971
f35=0.000406 a35=0.005565
f36=0.000378 a36=0.005187
f37=0.000353 a37=0.004834
f38=0.000330 a38=0.004504
f39=0.000309 a39=0.004195
f40=0.000290 a40=0.003904
f41=0.000273 a41=0.003631
f42=0.000257 a42=0.003374
f43=0.000242 a43=0.003132
f44=0.000229 a44=0.002903
f45=0.000216 a45=0.002686
f46=0.000205 a46=0.002482
f47=0.000194 a47=0.002287
f48=0.000184 a48=0.002103
f49=0.000175 a49=0.001928
f50=0.001928
[ 0.519581,  0.188549,  0.091850,  0.052578,  0.033331,  0.022672,  0.016237,  0.012095,  0.009295,  0.007324,  0.005892,  0.004824,  0.004008,  0.003373,  0.002870,  0.002467,  0.002138,  0.001868,  0.001643,  0.001454,  0.001295,  0.001159,  0.001042,  0.000941,  0.000853,  0.000776,  0.000708,  0.000649,  0.000596,  0.000549,  0.000507,  0.000470,  0.000436,  0.000406,  0.000378,  0.000353,  0.000330,  0.000309,  0.000290,  0.000273,  0.000257,  0.000242,  0.000229,  0.000216,  0.000205,  0.000194,  0.000184,  0.000175, 0.001928]
0.001928 == 0.001928

total 92094 nodes
[ 0.004593,  0.519317,  0.186983,  0.090429,  0.051230,  0.031479,  0.026125,  0.015593,  0.010109,  0.010848,  0.008122,  0.004919,  0.005201,  0.004409,  0.003724,  0.001531,  0.002107,  0.002269,  0.000749,  0.003909,  0.000847,  0.002052,  0.000380,  0.000890,  0.000782,  0.000934,  0.001140,  0.000315,  0.000478,  0.000239,  0.001086,  0.000695,  0.000847,  0.000304,  0.000478,  0.000586,  0.000141,  0.000152,  0.000152,  0.000391,  0.000174,  0.000185,  0.000130,  0.000228,  0.000402,  0.000011,  0.000293,  0.000413,  0.000261,  0.001368,  0.000000,  0.000000,  0.000000,  0.000000,  0.000000,  0.000000,  0.000000,  0.000000,  0.000000,  0.000000,  0.000000,  0.000000,  0.000000,  0.000000,  0.000000,  0.000000,  0.000000,  0.000000,  0.000000,  0.000000,  0.000000,  0.000000,  0.000000,  0.000000,  0.000000,  0.000000,  0.000000,  0.000000,  0.000000,  0.000000,  0.000000,  0.000000,  0.000000,  0.000000,  0.000000,  0.000000,  0.000000,  0.000000,  0.000000,  0.000000,  0.000000,  0.000000,  0.000000,  0.000000,  0.000000,  0.000000,  0.000000,  0.000000,  0.000000,  0.000000,  0.000000,  0.000000,  0.000000,  0.000000,  0.000000,  0.000000,  0.000000,  0.000000,  0.000000,  0.000000,  0.000000,  0.000000,  0.000000,  0.000000,  0.000000,  0.000000,  0.000000,  0.000000,  0.000000,  0.000000,  0.000000,  0.000000,  0.000000,  0.000000,  0.000000,  0.000000,  0.000000,  0.000000,  0.000000,  0.000000,  0.000000,  0.000000,  0.000000,  0.000000,  0.000000,  0.000000,  0.000000,  0.000000,  0.000000,  0.000000,  0.000000,  0.000000,  0.000000,  0.000000,  0.000000,  0.000000,  0.000000,  0.000000,  0.000000,  0.000000,  0.000000,  0.000000,  0.000000,  0.000000,  0.000000,  0.000000,  0.000000,  0.000000,  0.000000,  0.000000,  0.000000,  0.000000,  0.000000,  0.000000,  0.000000,  0.000000,  0.000000,  0.000000,  0.000000,  0.000000,  0.000000,  0.000000,  0.000000,  0.000000,  0.000000,  0.000000,  0.000000,  0.000000,  0.000000,  0.000000,  0.000000,  0.000000,  0.000000,  0.000000,  0.000000,  0.000000,  0.000000,  0.000000,  0.000000,  0.000000,  0.000000,  0.000000,  0.000000,  0.000000,  0.000000,  0.000000,  0.000000,  0.000000,  0.000000,  0.000000,  0.000000,  0.000000,  0.000000,  0.000000,  0.000000,  0.000000,  0.000000,  0.000000,  0.000000,  0.000000,  0.000000,  0.000000,  0.000000,  0.000000,  0.000000,  0.000000,  0.000000,  0.000000,  0.000000,  0.000000,  0.000000,  0.000000,  0.000000,  0.000000,  0.000000,  0.000000,  0.000000,  0.000000,  0.000000,  0.000000,  0.000000,  0.000000,  0.000000,  0.000000,  0.000000,  0.000000,  0.000000,  0.000000,  0.000000,  0.000000,  0.000000,  0.000000,  0.000000,  0.000000,  0.000000,  0.000000,  0.000000,  0.000000,  0.000000,  0.000000,  0.000000,  0.000000,  0.000000,  0.000000,  0.000000,  0.000000,  0.000000,  0.000000,  0.000000,  0.000000,  0.000000,  0.000000,  0.000000,  0.000000,  0.000000,  0.000000,  0.000000,  0.000000,  0.000000,  0.000000,  0.000000,  0.000000,  0.000000,  0.000000,  0.000000,  0.000000,  0.000000,  0.000000,  0.000000,  0.000000,  0.000000,  0.000000,  0.000000,  0.000000,  0.000000,  0.000000,  0.000000,  0.000000,  0.000000,  0.000000,  0.000000,  0.000000,  0.000000,  0.000000,  0.000000,  0.000000,  0.000000,  0.000000,  0.000000,  0.000000,  0.000000,  0.000000,  0.000000,  0.000000,  0.000000,  0.000000,  0.000000,  0.000000,  0.000000,  0.000000,  0.000000,  0.000000,  0.000000,  0.000000,  0.000000,  0.000000,  0.000000,  0.000000,  0.000000,  0.000000,  0.000000,  0.000000,  0.000000,  0.000000,  0.000000,  0.000000,  0.000000,  0.000000,  0.000000,  0.000000,  0.000000,  0.000000,  0.000000,  0.000000,  0.000000,  0.000000,  0.000000,  0.000000,  0.000000,  0.000000,  0.000000,  0.000000,  0.000000,  0.000000,  0.000000,  0.000000,  0.000000,  0.000000,  0.000000,  0.000000,  0.000000,  0.000000,  0.000000,  0.000000,  0.000000,  0.000000,  0.000000,  0.000000,  0.000000,  0.000000,  0.000000,  0.000000,  0.000000,  0.000000,  0.000000,  0.000000,  0.000000,  0.000000,  0.000000,  0.000000,  0.000000,  0.000000,  0.000000,  0.000000,  0.000000,  0.000000,  0.000000,  0.000000,  0.000000,  0.000000,  0.000000,  0.000000,  0.000000,  0.000000,  0.000000,  0.000000,  0.000000,  0.000000,  0.000000,  0.000000,  0.000000,  0.000000,  0.000000,  0.000000,  0.000000,  0.000000,  0.000000,  0.000000,  0.000000,  0.000000,  0.000000,  0.000000,  0.000000,  0.000000,  0.000000,  0.000000,  0.000000,  0.000000,  0.000000,  0.000000,  0.000000,  0.000000,  0.000000,  0.000000,  0.000000,  0.000000,  0.000000,  0.000000,  0.000000,  0.000000,  0.000000,  0.000000,  0.000000,  0.000000,  0.000000,  0.000000,  0.000000,  0.000000,  0.000000,  0.000000,  0.000000,  0.000000,  0.000000,  0.000000,  0.000000,  0.000000,  0.000000,  0.000000,  0.000000,  0.000000,  0.000000,  0.000000,  0.000000,  0.000000,  0.000000,  0.000000,  0.000000,  0.000000,  0.000000,  0.000000,  0.000000,  0.000000,  0.000000,  0.000000,  0.000000,  0.000000,  0.000000,  0.000000,  0.000000,  0.000000,  0.000000,  0.000000,  0.000000,  0.000000,  0.000000,  0.000000,  0.000000,  0.000000,  0.000000,  0.000000,  0.000000,  0.000000,  0.000000,  0.000000,  0.000000,  0.000000,  0.000000,  0.000000,  0.000000,  0.000000,  0.000000,  0.000000,  0.000000,  0.000000,  0.000000,  0.000000,  0.000000,  0.000000,  0.000000,  0.000000,  0.000000,  0.000000,  0.000000,  0.000000,  0.000000,  0.000000,  0.000000,  0.000000,  0.000000,  0.000000 ]
checksum = 1.000000
====================
[ 0.000000,  0.004472,  0.516439,  0.187456,  0.092254,  0.053203,  0.032030,  0.022746,  0.016941,  0.011747,  0.009592,  0.007374,  0.005774,  0.004472,  0.003999,  0.003145,  0.003335,  0.002088,  0.002377,  0.001656,  0.002167,  0.001349,  0.001059,  0.000964,  0.001043,  0.001007,  0.001021,  0.000825,  0.000948,  0.000336,  0.000661,  0.000555,  0.000535,  0.000511,  0.000431,  0.000389,  0.000399,  0.000297,  0.000416,  0.000190,  0.000346,  0.000227,  0.000268,  0.000280,  0.000212,  0.000182,  0.000121,  0.000264,  0.000263,  0.000333,  0.001300,  0.000000,  0.000000,  0.000000,  0.000000,  0.000000,  0.000000,  0.000000,  0.000000,  0.000000,  0.000000,  0.000000,  0.000000,  0.000000,  0.000000,  0.000000,  0.000000,  0.000000,  0.000000,  0.000000,  0.000000,  0.000000,  0.000000,  0.000000,  0.000000,  0.000000,  0.000000,  0.000000,  0.000000,  0.000000,  0.000000,  0.000000,  0.000000,  0.000000,  0.000000,  0.000000,  0.000000,  0.000000,  0.000000,  0.000000,  0.000000,  0.000000,  0.000000,  0.000000,  0.000000,  0.000000,  0.000000,  0.000000,  0.000000,  0.000000,  0.000000 ]
f2=0.519581 a2=0.480419
f3=0.188549 a3=0.291869
f4=0.091850 a4=0.200020
f5=0.052578 a5=0.147442
f6=0.033331 a6=0.114111
f7=0.022672 a7=0.091439
f8=0.016237 a8=0.075202
f9=0.012095 a9=0.063106
f10=0.009295 a10=0.053812
f11=0.007324 a11=0.046488
f12=0.005892 a12=0.040596
f13=0.004824 a13=0.035772
f14=0.004008 a14=0.031764
f15=0.003373 a15=0.028392
f16=0.002870 a16=0.025521
f17=0.002467 a17=0.023055
f18=0.002138 a18=0.020916
f19=0.001868 a19=0.019049
f20=0.001643 a20=0.017405
f21=0.001454 a21=0.015951
f22=0.001295 a22=0.014656
f23=0.001159 a23=0.013498
f24=0.001042 a24=0.012456
f25=0.000941 a25=0.011516
f26=0.000853 a26=0.010663
f27=0.000776 a27=0.009887
f28=0.000708 a28=0.009179
f29=0.000649 a29=0.008530
f30=0.000596 a30=0.007933
f31=0.000549 a31=0.007384
f32=0.000507 a32=0.006877
f33=0.000470 a33=0.006407
f34=0.000436 a34=0.005971
f35=0.000406 a35=0.005565
f36=0.000378 a36=0.005187
f37=0.000353 a37=0.004834
f38=0.000330 a38=0.004504
f39=0.000309 a39=0.004195
f40=0.000290 a40=0.003904
f41=0.000273 a41=0.003631
f42=0.000257 a42=0.003374
f43=0.000242 a43=0.003132
f44=0.000229 a44=0.002903
f45=0.000216 a45=0.002686
f46=0.000205 a46=0.002482
f47=0.000194 a47=0.002287
f48=0.000184 a48=0.002103
f49=0.000175 a49=0.001928
f50=0.001928
[ 0.519581,  0.188549,  0.091850,  0.052578,  0.033331,  0.022672,  0.016237,  0.012095,  0.009295,  0.007324,  0.005892,  0.004824,  0.004008,  0.003373,  0.002870,  0.002467,  0.002138,  0.001868,  0.001643,  0.001454,  0.001295,  0.001159,  0.001042,  0.000941,  0.000853,  0.000776,  0.000708,  0.000649,  0.000596,  0.000549,  0.000507,  0.000470,  0.000436,  0.000406,  0.000378,  0.000353,  0.000330,  0.000309,  0.000290,  0.000273,  0.000257,  0.000242,  0.000229,  0.000216,  0.000205,  0.000194,  0.000184,  0.000175, 0.001928]
0.001928 == 0.001928
