Repeated 0 time
f3=0.316924 a3=0.683076
f4=0.154386 a4=0.528690
f5=0.088376 a5=0.440314
f6=0.056025 a6=0.384289
f7=0.038108 a7=0.346182
f8=0.027292 a8=0.318890
f9=0.020331 a9=0.298559
f10=0.298559
[ 0.316924,  0.154386,  0.088376,  0.056025,  0.038108,  0.027292,  0.020331, 0.298559]
0.298559 == 0.298559

total 91782 nodes
[ 0.000000,  0.000076,  0.316554,  0.160838,  0.078839,  0.058497,  0.037033,  0.025223,  0.025354,  0.297586,  0.000000,  0.000000,  0.000000,  0.000000,  0.000000,  0.000000,  0.000000,  0.000000,  0.000000,  0.000000,  0.000000,  0.000000,  0.000000,  0.000000,  0.000000,  0.000000,  0.000000,  0.000000,  0.000000,  0.000000,  0.000000,  0.000000,  0.000000,  0.000000,  0.000000,  0.000000,  0.000000,  0.000000,  0.000000,  0.000000,  0.000000,  0.000000,  0.000000,  0.000000,  0.000000,  0.000000,  0.000000,  0.000000,  0.000000,  0.000000,  0.000000,  0.000000,  0.000000,  0.000000,  0.000000,  0.000000,  0.000000,  0.000000,  0.000000,  0.000000,  0.000000,  0.000000,  0.000000,  0.000000,  0.000000,  0.000000,  0.000000,  0.000000,  0.000000,  0.000000,  0.000000,  0.000000,  0.000000,  0.000000,  0.000000,  0.000000,  0.000000,  0.000000,  0.000000,  0.000000,  0.000000,  0.000000,  0.000000,  0.000000,  0.000000,  0.000000,  0.000000,  0.000000,  0.000000,  0.000000,  0.000000,  0.000000,  0.000000,  0.000000,  0.000000,  0.000000,  0.000000,  0.000000,  0.000000,  0.000000 ]
checksum = 1.000000
Repeated 1 time
f3=0.316924 a3=0.683076
f4=0.154386 a4=0.528690
f5=0.088376 a5=0.440314
f6=0.056025 a6=0.384289
f7=0.038108 a7=0.346182
f8=0.027292 a8=0.318890
f9=0.020331 a9=0.298559
f10=0.298559
[ 0.316924,  0.154386,  0.088376,  0.056025,  0.038108,  0.027292,  0.020331, 0.298559]
0.298559 == 0.298559

total 91576 nodes
[ 0.000000,  0.000011,  0.316622,  0.148227,  0.097471,  0.054163,  0.040163,  0.022222,  0.022790,  0.298331,  0.000000,  0.000000,  0.000000,  0.000000,  0.000000,  0.000000,  0.000000,  0.000000,  0.000000,  0.000000,  0.000000,  0.000000,  0.000000,  0.000000,  0.000000,  0.000000,  0.000000,  0.000000,  0.000000,  0.000000,  0.000000,  0.000000,  0.000000,  0.000000,  0.000000,  0.000000,  0.000000,  0.000000,  0.000000,  0.000000,  0.000000,  0.000000,  0.000000,  0.000000,  0.000000,  0.000000,  0.000000,  0.000000,  0.000000,  0.000000,  0.000000,  0.000000,  0.000000,  0.000000,  0.000000,  0.000000,  0.000000,  0.000000,  0.000000,  0.000000,  0.000000,  0.000000,  0.000000,  0.000000,  0.000000,  0.000000,  0.000000,  0.000000,  0.000000,  0.000000,  0.000000,  0.000000,  0.000000,  0.000000,  0.000000,  0.000000,  0.000000,  0.000000,  0.000000,  0.000000,  0.000000,  0.000000,  0.000000,  0.000000,  0.000000,  0.000000,  0.000000,  0.000000,  0.000000,  0.000000,  0.000000,  0.000000,  0.000000,  0.000000,  0.000000,  0.000000,  0.000000,  0.000000,  0.000000,  0.000000 ]
checksum = 1.000000
Repeated 2 time
f3=0.316924 a3=0.683076
f4=0.154386 a4=0.528690
f5=0.088376 a5=0.440314
f6=0.056025 a6=0.384289
f7=0.038108 a7=0.346182
f8=0.027292 a8=0.318890
f9=0.020331 a9=0.298559
f10=0.298559
[ 0.316924,  0.154386,  0.088376,  0.056025,  0.038108,  0.027292,  0.020331, 0.298559]
0.298559 == 0.298559

total 91836 nodes
[ 0.000000,  0.000054,  0.312546,  0.159436,  0.087308,  0.057722,  0.037719,  0.021647,  0.028475,  0.295091,  0.000000,  0.000000,  0.000000,  0.000000,  0.000000,  0.000000,  0.000000,  0.000000,  0.000000,  0.000000,  0.000000,  0.000000,  0.000000,  0.000000,  0.000000,  0.000000,  0.000000,  0.000000,  0.000000,  0.000000,  0.000000,  0.000000,  0.000000,  0.000000,  0.000000,  0.000000,  0.000000,  0.000000,  0.000000,  0.000000,  0.000000,  0.000000,  0.000000,  0.000000,  0.000000,  0.000000,  0.000000,  0.000000,  0.000000,  0.000000,  0.000000,  0.000000,  0.000000,  0.000000,  0.000000,  0.000000,  0.000000,  0.000000,  0.000000,  0.000000,  0.000000,  0.000000,  0.000000,  0.000000,  0.000000,  0.000000,  0.000000,  0.000000,  0.000000,  0.000000,  0.000000,  0.000000,  0.000000,  0.000000,  0.000000,  0.000000,  0.000000,  0.000000,  0.000000,  0.000000,  0.000000,  0.000000,  0.000000,  0.000000,  0.000000,  0.000000,  0.000000,  0.000000,  0.000000,  0.000000,  0.000000,  0.000000,  0.000000,  0.000000,  0.000000,  0.000000,  0.000000,  0.000000,  0.000000,  0.000000 ]
checksum = 1.000000
Repeated 3 time
f3=0.316924 a3=0.683076
f4=0.154386 a4=0.528690
f5=0.088376 a5=0.440314
f6=0.056025 a6=0.384289
f7=0.038108 a7=0.346182
f8=0.027292 a8=0.318890
f9=0.020331 a9=0.298559
f10=0.298559
[ 0.316924,  0.154386,  0.088376,  0.056025,  0.038108,  0.027292,  0.020331, 0.298559]
0.298559 == 0.298559

total 92370 nodes
[ 0.000000,  0.000032,  0.321414,  0.150233,  0.090863,  0.054650,  0.031341,  0.031450,  0.018328,  0.301689,  0.000000,  0.000000,  0.000000,  0.000000,  0.000000,  0.000000,  0.000000,  0.000000,  0.000000,  0.000000,  0.000000,  0.000000,  0.000000,  0.000000,  0.000000,  0.000000,  0.000000,  0.000000,  0.000000,  0.000000,  0.000000,  0.000000,  0.000000,  0.000000,  0.000000,  0.000000,  0.000000,  0.000000,  0.000000,  0.000000,  0.000000,  0.000000,  0.000000,  0.000000,  0.000000,  0.000000,  0.000000,  0.000000,  0.000000,  0.000000,  0.000000,  0.000000,  0.000000,  0.000000,  0.000000,  0.000000,  0.000000,  0.000000,  0.000000,  0.000000,  0.000000,  0.000000,  0.000000,  0.000000,  0.000000,  0.000000,  0.000000,  0.000000,  0.000000,  0.000000,  0.000000,  0.000000,  0.000000,  0.000000,  0.000000,  0.000000,  0.000000,  0.000000,  0.000000,  0.000000,  0.000000,  0.000000,  0.000000,  0.000000,  0.000000,  0.000000,  0.000000,  0.000000,  0.000000,  0.000000,  0.000000,  0.000000,  0.000000,  0.000000,  0.000000,  0.000000,  0.000000,  0.000000,  0.000000,  0.000000 ]
checksum = 1.000000
Repeated 4 time
f3=0.316924 a3=0.683076
f4=0.154386 a4=0.528690
f5=0.088376 a5=0.440314
f6=0.056025 a6=0.384289
f7=0.038108 a7=0.346182
f8=0.027292 a8=0.318890
f9=0.020331 a9=0.298559
f10=0.298559
[ 0.316924,  0.154386,  0.088376,  0.056025,  0.038108,  0.027292,  0.020331, 0.298559]
0.298559 == 0.298559

total 91578 nodes
[ 0.000000,  0.000033,  0.320077,  0.149075,  0.090076,  0.057295,  0.041134,  0.026305,  0.017799,  0.298205,  0.000000,  0.000000,  0.000000,  0.000000,  0.000000,  0.000000,  0.000000,  0.000000,  0.000000,  0.000000,  0.000000,  0.000000,  0.000000,  0.000000,  0.000000,  0.000000,  0.000000,  0.000000,  0.000000,  0.000000,  0.000000,  0.000000,  0.000000,  0.000000,  0.000000,  0.000000,  0.000000,  0.000000,  0.000000,  0.000000,  0.000000,  0.000000,  0.000000,  0.000000,  0.000000,  0.000000,  0.000000,  0.000000,  0.000000,  0.000000,  0.000000,  0.000000,  0.000000,  0.000000,  0.000000,  0.000000,  0.000000,  0.000000,  0.000000,  0.000000,  0.000000,  0.000000,  0.000000,  0.000000,  0.000000,  0.000000,  0.000000,  0.000000,  0.000000,  0.000000,  0.000000,  0.000000,  0.000000,  0.000000,  0.000000,  0.000000,  0.000000,  0.000000,  0.000000,  0.000000,  0.000000,  0.000000,  0.000000,  0.000000,  0.000000,  0.000000,  0.000000,  0.000000,  0.000000,  0.000000,  0.000000,  0.000000,  0.000000,  0.000000,  0.000000,  0.000000,  0.000000,  0.000000,  0.000000,  0.000000 ]
checksum = 1.000000
Repeated 5 time
f3=0.316924 a3=0.683076
f4=0.154386 a4=0.528690
f5=0.088376 a5=0.440314
f6=0.056025 a6=0.384289
f7=0.038108 a7=0.346182
f8=0.027292 a8=0.318890
f9=0.020331 a9=0.298559
f10=0.298559
[ 0.316924,  0.154386,  0.088376,  0.056025,  0.038108,  0.027292,  0.020331, 0.298559]
0.298559 == 0.298559

total 92044 nodes
[ 0.000000,  0.000120,  0.316588,  0.150167,  0.093597,  0.058657,  0.032180,  0.026194,  0.018241,  0.304257,  0.000000,  0.000000,  0.000000,  0.000000,  0.000000,  0.000000,  0.000000,  0.000000,  0.000000,  0.000000,  0.000000,  0.000000,  0.000000,  0.000000,  0.000000,  0.000000,  0.000000,  0.000000,  0.000000,  0.000000,  0.000000,  0.000000,  0.000000,  0.000000,  0.000000,  0.000000,  0.000000,  0.000000,  0.000000,  0.000000,  0.000000,  0.000000,  0.000000,  0.000000,  0.000000,  0.000000,  0.000000,  0.000000,  0.000000,  0.000000,  0.000000,  0.000000,  0.000000,  0.000000,  0.000000,  0.000000,  0.000000,  0.000000,  0.000000,  0.000000,  0.000000,  0.000000,  0.000000,  0.000000,  0.000000,  0.000000,  0.000000,  0.000000,  0.000000,  0.000000,  0.000000,  0.000000,  0.000000,  0.000000,  0.000000,  0.000000,  0.000000,  0.000000,  0.000000,  0.000000,  0.000000,  0.000000,  0.000000,  0.000000,  0.000000,  0.000000,  0.000000,  0.000000,  0.000000,  0.000000,  0.000000,  0.000000,  0.000000,  0.000000,  0.000000,  0.000000,  0.000000,  0.000000,  0.000000,  0.000000 ]
checksum = 1.000000
Repeated 6 time
f3=0.316924 a3=0.683076
f4=0.154386 a4=0.528690
f5=0.088376 a5=0.440314
f6=0.056025 a6=0.384289
f7=0.038108 a7=0.346182
f8=0.027292 a8=0.318890
f9=0.020331 a9=0.298559
f10=0.298559
[ 0.316924,  0.154386,  0.088376,  0.056025,  0.038108,  0.027292,  0.020331, 0.298559]
0.298559 == 0.298559

total 92258 nodes
[ 0.000000,  0.000011,  0.318769,  0.150480,  0.090930,  0.056960,  0.037330,  0.023120,  0.022676,  0.299725,  0.000000,  0.000000,  0.000000,  0.000000,  0.000000,  0.000000,  0.000000,  0.000000,  0.000000,  0.000000,  0.000000,  0.000000,  0.000000,  0.000000,  0.000000,  0.000000,  0.000000,  0.000000,  0.000000,  0.000000,  0.000000,  0.000000,  0.000000,  0.000000,  0.000000,  0.000000,  0.000000,  0.000000,  0.000000,  0.000000,  0.000000,  0.000000,  0.000000,  0.000000,  0.000000,  0.000000,  0.000000,  0.000000,  0.000000,  0.000000,  0.000000,  0.000000,  0.000000,  0.000000,  0.000000,  0.000000,  0.000000,  0.000000,  0.000000,  0.000000,  0.000000,  0.000000,  0.000000,  0.000000,  0.000000,  0.000000,  0.000000,  0.000000,  0.000000,  0.000000,  0.000000,  0.000000,  0.000000,  0.000000,  0.000000,  0.000000,  0.000000,  0.000000,  0.000000,  0.000000,  0.000000,  0.000000,  0.000000,  0.000000,  0.000000,  0.000000,  0.000000,  0.000000,  0.000000,  0.000000,  0.000000,  0.000000,  0.000000,  0.000000,  0.000000,  0.000000,  0.000000,  0.000000,  0.000000,  0.000000 ]
checksum = 1.000000
Repeated 7 time
f3=0.316924 a3=0.683076
f4=0.154386 a4=0.528690
f5=0.088376 a5=0.440314
f6=0.056025 a6=0.384289
f7=0.038108 a7=0.346182
f8=0.027292 a8=0.318890
f9=0.020331 a9=0.298559
f10=0.298559
[ 0.316924,  0.154386,  0.088376,  0.056025,  0.038108,  0.027292,  0.020331, 0.298559]
0.298559 == 0.298559

total 92096 nodes
[ 0.000000,  0.000076,  0.312283,  0.157868,  0.085498,  0.061946,  0.033867,  0.033107,  0.011586,  0.303770,  0.000000,  0.000000,  0.000000,  0.000000,  0.000000,  0.000000,  0.000000,  0.000000,  0.000000,  0.000000,  0.000000,  0.000000,  0.000000,  0.000000,  0.000000,  0.000000,  0.000000,  0.000000,  0.000000,  0.000000,  0.000000,  0.000000,  0.000000,  0.000000,  0.000000,  0.000000,  0.000000,  0.000000,  0.000000,  0.000000,  0.000000,  0.000000,  0.000000,  0.000000,  0.000000,  0.000000,  0.000000,  0.000000,  0.000000,  0.000000,  0.000000,  0.000000,  0.000000,  0.000000,  0.000000,  0.000000,  0.000000,  0.000000,  0.000000,  0.000000,  0.000000,  0.000000,  0.000000,  0.000000,  0.000000,  0.000000,  0.000000,  0.000000,  0.000000,  0.000000,  0.000000,  0.000000,  0.000000,  0.000000,  0.000000,  0.000000,  0.000000,  0.000000,  0.000000,  0.000000,  0.000000,  0.000000,  0.000000,  0.000000,  0.000000,  0.000000,  0.000000,  0.000000,  0.000000,  0.000000,  0.000000,  0.000000,  0.000000,  0.000000,  0.000000,  0.000000,  0.000000,  0.000000,  0.000000,  0.000000 ]
checksum = 1.000000
Repeated 8 time
f3=0.316924 a3=0.683076
f4=0.154386 a4=0.528690
f5=0.088376 a5=0.440314
f6=0.056025 a6=0.384289
f7=0.038108 a7=0.346182
f8=0.027292 a8=0.318890
f9=0.020331 a9=0.298559
f10=0.298559
[ 0.316924,  0.154386,  0.088376,  0.056025,  0.038108,  0.027292,  0.020331, 0.298559]
0.298559 == 0.298559

total 91952 nodes
[ 0.000000,  0.000011,  0.322570,  0.147305,  0.090569,  0.054779,  0.035214,  0.027471,  0.026677,  0.295404,  0.000000,  0.000000,  0.000000,  0.000000,  0.000000,  0.000000,  0.000000,  0.000000,  0.000000,  0.000000,  0.000000,  0.000000,  0.000000,  0.000000,  0.000000,  0.000000,  0.000000,  0.000000,  0.000000,  0.000000,  0.000000,  0.000000,  0.000000,  0.000000,  0.000000,  0.000000,  0.000000,  0.000000,  0.000000,  0.000000,  0.000000,  0.000000,  0.000000,  0.000000,  0.000000,  0.000000,  0.000000,  0.000000,  0.000000,  0.000000,  0.000000,  0.000000,  0.000000,  0.000000,  0.000000,  0.000000,  0.000000,  0.000000,  0.000000,  0.000000,  0.000000,  0.000000,  0.000000,  0.000000,  0.000000,  0.000000,  0.000000,  0.000000,  0.000000,  0.000000,  0.000000,  0.000000,  0.000000,  0.000000,  0.000000,  0.000000,  0.000000,  0.000000,  0.000000,  0.000000,  0.000000,  0.000000,  0.000000,  0.000000,  0.000000,  0.000000,  0.000000,  0.000000,  0.000000,  0.000000,  0.000000,  0.000000,  0.000000,  0.000000,  0.000000,  0.000000,  0.000000,  0.000000,  0.000000,  0.000000 ]
checksum = 1.000000
Repeated 9 time
f3=0.316924 a3=0.683076
f4=0.154386 a4=0.528690
f5=0.088376 a5=0.440314
f6=0.056025 a6=0.384289
f7=0.038108 a7=0.346182
f8=0.027292 a8=0.318890
f9=0.020331 a9=0.298559
f10=0.298559
[ 0.316924,  0.154386,  0.088376,  0.056025,  0.038108,  0.027292,  0.020331, 0.298559]
0.298559 == 0.298559

total 92074 nodes
[ 0.000000,  0.000065,  0.319308,  0.149402,  0.092371,  0.058681,  0.028521,  0.030497,  0.026490,  0.294665,  0.000000,  0.000000,  0.000000,  0.000000,  0.000000,  0.000000,  0.000000,  0.000000,  0.000000,  0.000000,  0.000000,  0.000000,  0.000000,  0.000000,  0.000000,  0.000000,  0.000000,  0.000000,  0.000000,  0.000000,  0.000000,  0.000000,  0.000000,  0.000000,  0.000000,  0.000000,  0.000000,  0.000000,  0.000000,  0.000000,  0.000000,  0.000000,  0.000000,  0.000000,  0.000000,  0.000000,  0.000000,  0.000000,  0.000000,  0.000000,  0.000000,  0.000000,  0.000000,  0.000000,  0.000000,  0.000000,  0.000000,  0.000000,  0.000000,  0.000000,  0.000000,  0.000000,  0.000000,  0.000000,  0.000000,  0.000000,  0.000000,  0.000000,  0.000000,  0.000000,  0.000000,  0.000000,  0.000000,  0.000000,  0.000000,  0.000000,  0.000000,  0.000000,  0.000000,  0.000000,  0.000000,  0.000000,  0.000000,  0.000000,  0.000000,  0.000000,  0.000000,  0.000000,  0.000000,  0.000000,  0.000000,  0.000000,  0.000000,  0.000000,  0.000000,  0.000000,  0.000000,  0.000000,  0.000000,  0.000000 ]
checksum = 1.000000
====================
[ 0.000000,  0.000000,  0.000049,  0.317673,  0.152303,  0.089752,  0.057335,  0.035450,  0.026724,  0.021841,  0.298872,  0.000000,  0.000000,  0.000000,  0.000000,  0.000000,  0.000000,  0.000000,  0.000000,  0.000000,  0.000000,  0.000000,  0.000000,  0.000000,  0.000000,  0.000000,  0.000000,  0.000000,  0.000000,  0.000000,  0.000000,  0.000000,  0.000000,  0.000000,  0.000000,  0.000000,  0.000000,  0.000000,  0.000000,  0.000000,  0.000000,  0.000000,  0.000000,  0.000000,  0.000000,  0.000000,  0.000000,  0.000000,  0.000000,  0.000000,  0.000000,  0.000000,  0.000000,  0.000000,  0.000000,  0.000000,  0.000000,  0.000000,  0.000000,  0.000000,  0.000000,  0.000000,  0.000000,  0.000000,  0.000000,  0.000000,  0.000000,  0.000000,  0.000000,  0.000000,  0.000000,  0.000000,  0.000000,  0.000000,  0.000000,  0.000000,  0.000000,  0.000000,  0.000000,  0.000000,  0.000000,  0.000000,  0.000000,  0.000000,  0.000000,  0.000000,  0.000000,  0.000000,  0.000000,  0.000000,  0.000000,  0.000000,  0.000000,  0.000000,  0.000000,  0.000000,  0.000000,  0.000000,  0.000000,  0.000000,  0.000000 ]
f3=0.316924 a3=0.683076
f4=0.154386 a4=0.528690
f5=0.088376 a5=0.440314
f6=0.056025 a6=0.384289
f7=0.038108 a7=0.346182
f8=0.027292 a8=0.318890
f9=0.020331 a9=0.298559
f10=0.298559
[ 0.316924,  0.154386,  0.088376,  0.056025,  0.038108,  0.027292,  0.020331, 0.298559]
0.298559 == 0.298559
