Repeated 0 time
f3=0.384875 a3=0.615125
f4=0.187488 a4=0.427637
f5=0.107324 a5=0.320313
f6=0.068037 a6=0.252276
f7=0.046278 a7=0.205997
f8=0.033143 a8=0.172854
f9=0.024690 a9=0.148164
f10=0.018972 a10=0.129192
f11=0.014950 a11=0.114242
f12=0.012027 a12=0.102214
f13=0.009846 a13=0.092368
f14=0.008181 a14=0.084187
f15=0.006885 a15=0.077303
f16=0.005859 a16=0.071444
f17=0.005035 a17=0.066409
f18=0.004365 a18=0.062044
f19=0.003813 a19=0.058231
f20=0.058231
[ 0.384875,  0.187488,  0.107324,  0.068037,  0.046278,  0.033143,  0.024690,  0.018972,  0.014950,  0.012027,  0.009846,  0.008181,  0.006885,  0.005859,  0.005035,  0.004365,  0.003813, 0.058231]
0.058231 == 0.058231

total 91682 nodes
[ 0.000000,  0.000087,  0.376988,  0.197138,  0.101023,  0.072413,  0.044305,  0.035754,  0.021825,  0.021847,  0.014376,  0.012783,  0.010133,  0.008977,  0.003632,  0.008093,  0.002291,  0.009173,  0.004058,  0.055104,  0.000000,  0.000000,  0.000000,  0.000000,  0.000000,  0.000000,  0.000000,  0.000000,  0.000000,  0.000000,  0.000000,  0.000000,  0.000000,  0.000000,  0.000000,  0.000000,  0.000000,  0.000000,  0.000000,  0.000000,  0.000000,  0.000000,  0.000000,  0.000000,  0.000000,  0.000000,  0.000000,  0.000000,  0.000000,  0.000000,  0.000000,  0.000000,  0.000000,  0.000000,  0.000000,  0.000000,  0.000000,  0.000000,  0.000000,  0.000000,  0.000000,  0.000000,  0.000000,  0.000000,  0.000000,  0.000000,  0.000000,  0.000000,  0.000000,  0.000000,  0.000000,  0.000000,  0.000000,  0.000000,  0.000000,  0.000000,  0.000000,  0.000000,  0.000000,  0.000000,  0.000000,  0.000000,  0.000000,  0.000000,  0.000000,  0.000000,  0.000000,  0.000000,  0.000000,  0.000000,  0.000000,  0.000000,  0.000000,  0.000000,  0.000000,  0.000000,  0.000000,  0.000000,  0.000000,  0.000000,  0.000000,  0.000000,  0.000000,  0.000000,  0.000000,  0.000000,  0.000000,  0.000000,  0.000000,  0.000000,  0.000000,  0.000000,  0.000000,  0.000000,  0.000000,  0.000000,  0.000000,  0.000000,  0.000000,  0.000000,  0.000000,  0.000000,  0.000000,  0.000000,  0.000000,  0.000000,  0.000000,  0.000000,  0.000000,  0.000000,  0.000000,  0.000000,  0.000000,  0.000000,  0.000000,  0.000000,  0.000000,  0.000000,  0.000000,  0.000000,  0.000000,  0.000000,  0.000000,  0.000000,  0.000000,  0.000000,  0.000000,  0.000000,  0.000000,  0.000000,  0.000000,  0.000000,  0.000000,  0.000000,  0.000000,  0.000000,  0.000000,  0.000000,  0.000000,  0.000000,  0.000000,  0.000000,  0.000000,  0.000000,  0.000000,  0.000000,  0.000000,  0.000000,  0.000000,  0.000000,  0.000000,  0.000000,  0.000000,  0.000000,  0.000000,  0.000000,  0.000000,  0.000000,  0.000000,  0.000000,  0.000000,  0.000000,  0.000000,  0.000000,  0.000000,  0.000000,  0.000000,  0.000000,  0.000000,  0.000000,  0.000000,  0.000000,  0.000000,  0.000000,  0.000000,  0.000000,  0.000000,  0.000000,  0.000000,  0.000000 ]
checksum = 1.000000
Repeated 1 time
f3=0.384875 a3=0.615125
f4=0.187488 a4=0.427637
f5=0.107324 a5=0.320313
f6=0.068037 a6=0.252276
f7=0.046278 a7=0.205997
f8=0.033143 a8=0.172854
f9=0.024690 a9=0.148164
f10=0.018972 a10=0.129192
f11=0.014950 a11=0.114242
f12=0.012027 a12=0.102214
f13=0.009846 a13=0.092368
f14=0.008181 a14=0.084187
f15=0.006885 a15=0.077303
f16=0.005859 a16=0.071444
f17=0.005035 a17=0.066409
f18=0.004365 a18=0.062044
f19=0.003813 a19=0.058231
f20=0.058231
[ 0.384875,  0.187488,  0.107324,  0.068037,  0.046278,  0.033143,  0.024690,  0.018972,  0.014950,  0.012027,  0.009846,  0.008181,  0.006885,  0.005859,  0.005035,  0.004365,  0.003813, 0.058231]
0.058231 == 0.058231

total 91478 nodes
[ 0.000011,  0.000383,  0.382835,  0.190887,  0.107851,  0.063884,  0.051324,  0.033123,  0.017655,  0.023350,  0.011139,  0.015042,  0.007280,  0.009456,  0.009051,  0.001651,  0.008581,  0.006395,  0.003367,  0.056735,  0.000000,  0.000000,  0.000000,  0.000000,  0.000000,  0.000000,  0.000000,  0.000000,  0.000000,  0.000000,  0.000000,  0.000000,  0.000000,  0.000000,  0.000000,  0.000000,  0.000000,  0.000000,  0.000000,  0.000000,  0.000000,  0.000000,  0.000000,  0.000000,  0.000000,  0.000000,  0.000000,  0.000000,  0.000000,  0.000000,  0.000000,  0.000000,  0.000000,  0.000000,  0.000000,  0.000000,  0.000000,  0.000000,  0.000000,  0.000000,  0.000000,  0.000000,  0.000000,  0.000000,  0.000000,  0.000000,  0.000000,  0.000000,  0.000000,  0.000000,  0.000000,  0.000000,  0.000000,  0.000000,  0.000000,  0.000000,  0.000000,  0.000000,  0.000000,  0.000000,  0.000000,  0.000000,  0.000000,  0.000000,  0.000000,  0.000000,  0.000000,  0.000000,  0.000000,  0.000000,  0.000000,  0.000000,  0.000000,  0.000000,  0.000000,  0.000000,  0.000000,  0.000000,  0.000000,  0.000000,  0.000000,  0.000000,  0.000000,  0.000000,  0.000000,  0.000000,  0.000000,  0.000000,  0.000000,  0.000000,  0.000000,  0.000000,  0.000000,  0.000000,  0.000000,  0.000000,  0.000000,  0.000000,  0.000000,  0.000000,  0.000000,  0.000000,  0.000000,  0.000000,  0.000000,  0.000000,  0.000000,  0.000000,  0.000000,  0.000000,  0.000000,  0.000000,  0.000000,  0.000000,  0.000000,  0.000000,  0.000000,  0.000000,  0.000000,  0.000000,  0.000000,  0.000000,  0.000000,  0.000000,  0.000000,  0.000000,  0.000000,  0.000000,  0.000000,  0.000000,  0.000000,  0.000000,  0.000000,  0.000000,  0.000000,  0.000000,  0.000000,  0.000000,  0.000000,  0.000000,  0.000000,  0.000000,  0.000000,  0.000000,  0.000000,  0.000000,  0.000000,  0.000000,  0.000000,  0.000000,  0.000000,  0.000000,  0.000000,  0.000000,  0.000000,  0.000000,  0.000000,  0.000000,  0.000000,  0.000000,  0.000000,  0.000000,  0.000000,  0.000000,  0.000000,  0.000000,  0.000000,  0.000000,  0.000000,  0.000000,  0.000000,  0.000000,  0.000000,  0.000000,  0.000000,  0.000000,  0.000000,  0.000000,  0.000000,  0.000000 ]
checksum = 1.000000
Repeated 2 time
f3=0.384875 a3=0.615125
f4=0.187488 a4=0.427637
f5=0.107324 a5=0.320313
f6=0.068037 a6=0.252276
f7=0.046278 a7=0.205997
f8=0.033143 a8=0.172854
f9=0.024690 a9=0.148164
f10=0.018972 a10=0.129192
f11=0.014950 a11=0.114242
f12=0.012027 a12=0.102214
f13=0.009846 a13=0.092368
f14=0.008181 a14=0.084187
f15=0.006885 a15=0.077303
f16=0.005859 a16=0.071444
f17=0.005035 a17=0.066409
f18=0.004365 a18=0.062044
f19=0.003813 a19=0.058231
f20=0.058231
[ 0.384875,  0.187488,  0.107324,  0.068037,  0.046278,  0.033143,  0.024690,  0.018972,  0.014950,  0.012027,  0.009846,  0.008181,  0.006885,  0.005859,  0.005035,  0.004365,  0.003813, 0.058231]
0.058231 == 0.058231

total 92998 nodes
[ 0.000000,  0.000237,  0.386610,  0.185284,  0.104637,  0.068163,  0.050205,  0.038302,  0.017828,  0.020108,  0.016054,  0.007860,  0.012258,  0.008774,  0.008624,  0.005839,  0.000043,  0.006387,  0.006226,  0.056560,  0.000000,  0.000000,  0.000000,  0.000000,  0.000000,  0.000000,  0.000000,  0.000000,  0.000000,  0.000000,  0.000000,  0.000000,  0.000000,  0.000000,  0.000000,  0.000000,  0.000000,  0.000000,  0.000000,  0.000000,  0.000000,  0.000000,  0.000000,  0.000000,  0.000000,  0.000000,  0.000000,  0.000000,  0.000000,  0.000000,  0.000000,  0.000000,  0.000000,  0.000000,  0.000000,  0.000000,  0.000000,  0.000000,  0.000000,  0.000000,  0.000000,  0.000000,  0.000000,  0.000000,  0.000000,  0.000000,  0.000000,  0.000000,  0.000000,  0.000000,  0.000000,  0.000000,  0.000000,  0.000000,  0.000000,  0.000000,  0.000000,  0.000000,  0.000000,  0.000000,  0.000000,  0.000000,  0.000000,  0.000000,  0.000000,  0.000000,  0.000000,  0.000000,  0.000000,  0.000000,  0.000000,  0.000000,  0.000000,  0.000000,  0.000000,  0.000000,  0.000000,  0.000000,  0.000000,  0.000000,  0.000000,  0.000000,  0.000000,  0.000000,  0.000000,  0.000000,  0.000000,  0.000000,  0.000000,  0.000000,  0.000000,  0.000000,  0.000000,  0.000000,  0.000000,  0.000000,  0.000000,  0.000000,  0.000000,  0.000000,  0.000000,  0.000000,  0.000000,  0.000000,  0.000000,  0.000000,  0.000000,  0.000000,  0.000000,  0.000000,  0.000000,  0.000000,  0.000000,  0.000000,  0.000000,  0.000000,  0.000000,  0.000000,  0.000000,  0.000000,  0.000000,  0.000000,  0.000000,  0.000000,  0.000000,  0.000000,  0.000000,  0.000000,  0.000000,  0.000000,  0.000000,  0.000000,  0.000000,  0.000000,  0.000000,  0.000000,  0.000000,  0.000000,  0.000000,  0.000000,  0.000000,  0.000000,  0.000000,  0.000000,  0.000000,  0.000000,  0.000000,  0.000000,  0.000000,  0.000000,  0.000000,  0.000000,  0.000000,  0.000000,  0.000000,  0.000000,  0.000000,  0.000000,  0.000000,  0.000000,  0.000000,  0.000000,  0.000000,  0.000000,  0.000000,  0.000000,  0.000000,  0.000000,  0.000000,  0.000000,  0.000000,  0.000000,  0.000000,  0.000000,  0.000000,  0.000000,  0.000000,  0.000000,  0.000000,  0.000000 ]
checksum = 1.000000
Repeated 3 time
f3=0.384875 a3=0.615125
f4=0.187488 a4=0.427637
f5=0.107324 a5=0.320313
f6=0.068037 a6=0.252276
f7=0.046278 a7=0.205997
f8=0.033143 a8=0.172854
f9=0.024690 a9=0.148164
f10=0.018972 a10=0.129192
f11=0.014950 a11=0.114242
f12=0.012027 a12=0.102214
f13=0.009846 a13=0.092368
f14=0.008181 a14=0.084187
f15=0.006885 a15=0.077303
f16=0.005859 a16=0.071444
f17=0.005035 a17=0.066409
f18=0.004365 a18=0.062044
f19=0.003813 a19=0.058231
f20=0.058231
[ 0.384875,  0.187488,  0.107324,  0.068037,  0.046278,  0.033143,  0.024690,  0.018972,  0.014950,  0.012027,  0.009846,  0.008181,  0.006885,  0.005859,  0.005035,  0.004365,  0.003813, 0.058231]
0.058231 == 0.058231

total 92338 nodes
[ 0.000000,  0.000336,  0.389244,  0.181399,  0.110247,  0.066462,  0.043741,  0.034904,  0.023360,  0.021042,  0.015129,  0.012378,  0.010364,  0.007245,  0.007386,  0.004440,  0.005967,  0.005740,  0.003801,  0.056813,  0.000000,  0.000000,  0.000000,  0.000000,  0.000000,  0.000000,  0.000000,  0.000000,  0.000000,  0.000000,  0.000000,  0.000000,  0.000000,  0.000000,  0.000000,  0.000000,  0.000000,  0.000000,  0.000000,  0.000000,  0.000000,  0.000000,  0.000000,  0.000000,  0.000000,  0.000000,  0.000000,  0.000000,  0.000000,  0.000000,  0.000000,  0.000000,  0.000000,  0.000000,  0.000000,  0.000000,  0.000000,  0.000000,  0.000000,  0.000000,  0.000000,  0.000000,  0.000000,  0.000000,  0.000000,  0.000000,  0.000000,  0.000000,  0.000000,  0.000000,  0.000000,  0.000000,  0.000000,  0.000000,  0.000000,  0.000000,  0.000000,  0.000000,  0.000000,  0.000000,  0.000000,  0.000000,  0.000000,  0.000000,  0.000000,  0.000000,  0.000000,  0.000000,  0.000000,  0.000000,  0.000000,  0.000000,  0.000000,  0.000000,  0.000000,  0.000000,  0.000000,  0.000000,  0.000000,  0.000000,  0.000000,  0.000000,  0.000000,  0.000000,  0.000000,  0.000000,  0.000000,  0.000000,  0.000000,  0.000000,  0.000000,  0.000000,  0.000000,  0.000000,  0.000000,  0.000000,  0.000000,  0.000000,  0.000000,  0.000000,  0.000000,  0.000000,  0.000000,  0.000000,  0.000000,  0.000000,  0.000000,  0.000000,  0.000000,  0.000000,  0.000000,  0.000000,  0.000000,  0.000000,  0.000000,  0.000000,  0.000000,  0.000000,  0.000000,  0.000000,  0.000000,  0.000000,  0.000000,  0.000000,  0.000000,  0.000000,  0.000000,  0.000000,  0.000000,  0.000000,  0.000000,  0.000000,  0.000000,  0.000000,  0.000000,  0.000000,  0.000000,  0.000000,  0.000000,  0.000000,  0.000000,  0.000000,  0.000000,  0.000000,  0.000000,  0.000000,  0.000000,  0.000000,  0.000000,  0.000000,  0.000000,  0.000000,  0.000000,  0.000000,  0.000000,  0.000000,  0.000000,  0.000000,  0.000000,  0.000000,  0.000000,  0.000000,  0.000000,  0.000000,  0.000000,  0.000000,  0.000000,  0.000000,  0.000000,  0.000000,  0.000000,  0.000000,  0.000000,  0.000000,  0.000000,  0.000000,  0.000000,  0.000000,  0.000000,  0.000000 ]
checksum = 1.000000
Repeated 4 time
f3=0.384875 a3=0.615125
f4=0.187488 a4=0.427637
f5=0.107324 a5=0.320313
f6=0.068037 a6=0.252276
f7=0.046278 a7=0.205997
f8=0.033143 a8=0.172854
f9=0.024690 a9=0.148164
f10=0.018972 a10=0.129192
f11=0.014950 a11=0.114242
f12=0.012027 a12=0.102214
f13=0.009846 a13=0.092368
f14=0.008181 a14=0.084187
f15=0.006885 a15=0.077303
f16=0.005859 a16=0.071444
f17=0.005035 a17=0.066409
f18=0.004365 a18=0.062044
f19=0.003813 a19=0.058231
f20=0.058231
[ 0.384875,  0.187488,  0.107324,  0.068037,  0.046278,  0.033143,  0.024690,  0.018972,  0.014950,  0.012027,  0.009846,  0.008181,  0.006885,  0.005859,  0.005035,  0.004365,  0.003813, 0.058231]
0.058231 == 0.058231

total 91930 nodes
[ 0.000000,  0.000479,  0.387425,  0.185445,  0.108681,  0.065300,  0.043468,  0.034896,  0.025955,  0.018710,  0.016447,  0.009660,  0.011291,  0.010160,  0.005559,  0.006962,  0.001512,  0.006918,  0.002926,  0.058207,  0.000000,  0.000000,  0.000000,  0.000000,  0.000000,  0.000000,  0.000000,  0.000000,  0.000000,  0.000000,  0.000000,  0.000000,  0.000000,  0.000000,  0.000000,  0.000000,  0.000000,  0.000000,  0.000000,  0.000000,  0.000000,  0.000000,  0.000000,  0.000000,  0.000000,  0.000000,  0.000000,  0.000000,  0.000000,  0.000000,  0.000000,  0.000000,  0.000000,  0.000000,  0.000000,  0.000000,  0.000000,  0.000000,  0.000000,  0.000000,  0.000000,  0.000000,  0.000000,  0.000000,  0.000000,  0.000000,  0.000000,  0.000000,  0.000000,  0.000000,  0.000000,  0.000000,  0.000000,  0.000000,  0.000000,  0.000000,  0.000000,  0.000000,  0.000000,  0.000000,  0.000000,  0.000000,  0.000000,  0.000000,  0.000000,  0.000000,  0.000000,  0.000000,  0.000000,  0.000000,  0.000000,  0.000000,  0.000000,  0.000000,  0.000000,  0.000000,  0.000000,  0.000000,  0.000000,  0.000000,  0.000000,  0.000000,  0.000000,  0.000000,  0.000000,  0.000000,  0.000000,  0.000000,  0.000000,  0.000000,  0.000000,  0.000000,  0.000000,  0.000000,  0.000000,  0.000000,  0.000000,  0.000000,  0.000000,  0.000000,  0.000000,  0.000000,  0.000000,  0.000000,  0.000000,  0.000000,  0.000000,  0.000000,  0.000000,  0.000000,  0.000000,  0.000000,  0.000000,  0.000000,  0.000000,  0.000000,  0.000000,  0.000000,  0.000000,  0.000000,  0.000000,  0.000000,  0.000000,  0.000000,  0.000000,  0.000000,  0.000000,  0.000000,  0.000000,  0.000000,  0.000000,  0.000000,  0.000000,  0.000000,  0.000000,  0.000000,  0.000000,  0.000000,  0.000000,  0.000000,  0.000000,  0.000000,  0.000000,  0.000000,  0.000000,  0.000000,  0.000000,  0.000000,  0.000000,  0.000000,  0.000000,  0.000000,  0.000000,  0.000000,  0.000000,  0.000000,  0.000000,  0.000000,  0.000000,  0.000000,  0.000000,  0.000000,  0.000000,  0.000000,  0.000000,  0.000000,  0.000000,  0.000000,  0.000000,  0.000000,  0.000000,  0.000000,  0.000000,  0.000000,  0.000000,  0.000000,  0.000000,  0.000000,  0.000000,  0.000000 ]
checksum = 1.000000
Repeated 5 time
f3=0.384875 a3=0.615125
f4=0.187488 a4=0.427637
f5=0.107324 a5=0.320313
f6=0.068037 a6=0.252276
f7=0.046278 a7=0.205997
f8=0.033143 a8=0.172854
f9=0.024690 a9=0.148164
f10=0.018972 a10=0.129192
f11=0.014950 a11=0.114242
f12=0.012027 a12=0.102214
f13=0.009846 a13=0.092368
f14=0.008181 a14=0.084187
f15=0.006885 a15=0.077303
f16=0.005859 a16=0.071444
f17=0.005035 a17=0.066409
f18=0.004365 a18=0.062044
f19=0.003813 a19=0.058231
f20=0.058231
[ 0.384875,  0.187488,  0.107324,  0.068037,  0.046278,  0.033143,  0.024690,  0.018972,  0.014950,  0.012027,  0.009846,  0.008181,  0.006885,  0.005859,  0.005035,  0.004365,  0.003813, 0.058231]
0.058231 == 0.058231

total 92212 nodes
[ 0.000000,  0.000477,  0.385351,  0.187611,  0.107416,  0.066109,  0.051620,  0.032273,  0.022502,  0.014825,  0.017666,  0.010205,  0.012558,  0.007179,  0.006387,  0.005899,  0.004045,  0.005043,  0.004479,  0.058355,  0.000000,  0.000000,  0.000000,  0.000000,  0.000000,  0.000000,  0.000000,  0.000000,  0.000000,  0.000000,  0.000000,  0.000000,  0.000000,  0.000000,  0.000000,  0.000000,  0.000000,  0.000000,  0.000000,  0.000000,  0.000000,  0.000000,  0.000000,  0.000000,  0.000000,  0.000000,  0.000000,  0.000000,  0.000000,  0.000000,  0.000000,  0.000000,  0.000000,  0.000000,  0.000000,  0.000000,  0.000000,  0.000000,  0.000000,  0.000000,  0.000000,  0.000000,  0.000000,  0.000000,  0.000000,  0.000000,  0.000000,  0.000000,  0.000000,  0.000000,  0.000000,  0.000000,  0.000000,  0.000000,  0.000000,  0.000000,  0.000000,  0.000000,  0.000000,  0.000000,  0.000000,  0.000000,  0.000000,  0.000000,  0.000000,  0.000000,  0.000000,  0.000000,  0.000000,  0.000000,  0.000000,  0.000000,  0.000000,  0.000000,  0.000000,  0.000000,  0.000000,  0.000000,  0.000000,  0.000000,  0.000000,  0.000000,  0.000000,  0.000000,  0.000000,  0.000000,  0.000000,  0.000000,  0.000000,  0.000000,  0.000000,  0.000000,  0.000000,  0.000000,  0.000000,  0.000000,  0.000000,  0.000000,  0.000000,  0.000000,  0.000000,  0.000000,  0.000000,  0.000000,  0.000000,  0.000000,  0.000000,  0.000000,  0.000000,  0.000000,  0.000000,  0.000000,  0.000000,  0.000000,  0.000000,  0.000000,  0.000000,  0.000000,  0.000000,  0.000000,  0.000000,  0.000000,  0.000000,  0.000000,  0.000000,  0.000000,  0.000000,  0.000000,  0.000000,  0.000000,  0.000000,  0.000000,  0.000000,  0.000000,  0.000000,  0.000000,  0.000000,  0.000000,  0.000000,  0.000000,  0.000000,  0.000000,  0.000000,  0.000000,  0.000000,  0.000000,  0.000000,  0.000000,  0.000000,  0.000000,  0.000000,  0.000000,  0.000000,  0.000000,  0.000000,  0.000000,  0.000000,  0.000000,  0.000000,  0.000000,  0.000000,  0.000000,  0.000000,  0.000000,  0.000000,  0.000000,  0.000000,  0.000000,  0.000000,  0.000000,  0.000000,  0.000000,  0.000000,  0.000000,  0.000000,  0.000000,  0.000000,  0.000000,  0.000000,  0.000000 ]
checksum = 1.000000
Repeated 6 time
f3=0.384875 a3=0.615125
f4=0.187488 a4=0.427637
f5=0.107324 a5=0.320313
f6=0.068037 a6=0.252276
f7=0.046278 a7=0.205997
f8=0.033143 a8=0.172854
f9=0.024690 a9=0.148164
f10=0.018972 a10=0.129192
f11=0.014950 a11=0.114242
f12=0.012027 a12=0.102214
f13=0.009846 a13=0.092368
f14=0.008181 a14=0.084187
f15=0.006885 a15=0.077303
f16=0.005859 a16=0.071444
f17=0.005035 a17=0.066409
f18=0.004365 a18=0.062044
f19=0.003813 a19=0.058231
f20=0.058231
[ 0.384875,  0.187488,  0.107324,  0.068037,  0.046278,  0.033143,  0.024690,  0.018972,  0.014950,  0.012027,  0.009846,  0.008181,  0.006885,  0.005859,  0.005035,  0.004365,  0.003813, 0.058231]
0.058231 == 0.058231

total 91686 nodes
[ 0.000000,  0.000382,  0.388740,  0.185219,  0.104629,  0.070087,  0.043191,  0.036058,  0.022642,  0.018574,  0.012674,  0.014582,  0.011441,  0.008366,  0.007558,  0.005410,  0.005377,  0.002716,  0.003861,  0.058493,  0.000000,  0.000000,  0.000000,  0.000000,  0.000000,  0.000000,  0.000000,  0.000000,  0.000000,  0.000000,  0.000000,  0.000000,  0.000000,  0.000000,  0.000000,  0.000000,  0.000000,  0.000000,  0.000000,  0.000000,  0.000000,  0.000000,  0.000000,  0.000000,  0.000000,  0.000000,  0.000000,  0.000000,  0.000000,  0.000000,  0.000000,  0.000000,  0.000000,  0.000000,  0.000000,  0.000000,  0.000000,  0.000000,  0.000000,  0.000000,  0.000000,  0.000000,  0.000000,  0.000000,  0.000000,  0.000000,  0.000000,  0.000000,  0.000000,  0.000000,  0.000000,  0.000000,  0.000000,  0.000000,  0.000000,  0.000000,  0.000000,  0.000000,  0.000000,  0.000000,  0.000000,  0.000000,  0.000000,  0.000000,  0.000000,  0.000000,  0.000000,  0.000000,  0.000000,  0.000000,  0.000000,  0.000000,  0.000000,  0.000000,  0.000000,  0.000000,  0.000000,  0.000000,  0.000000,  0.000000,  0.000000,  0.000000,  0.000000,  0.000000,  0.000000,  0.000000,  0.000000,  0.000000,  0.000000,  0.000000,  0.000000,  0.000000,  0.000000,  0.000000,  0.000000,  0.000000,  0.000000,  0.000000,  0.000000,  0.000000,  0.000000,  0.000000,  0.000000,  0.000000,  0.000000,  0.000000,  0.000000,  0.000000,  0.000000,  0.000000,  0.000000,  0.000000,  0.000000,  0.000000,  0.000000,  0.000000,  0.000000,  0.000000,  0.000000,  0.000000,  0.000000,  0.000000,  0.000000,  0.000000,  0.000000,  0.000000,  0.000000,  0.000000,  0.000000,  0.000000,  0.000000,  0.000000,  0.000000,  0.000000,  0.000000,  0.000000,  0.000000,  0.000000,  0.000000,  0.000000,  0.000000,  0.000000,  0.000000,  0.000000,  0.000000,  0.000000,  0.000000,  0.000000,  0.000000,  0.000000,  0.000000,  0.000000,  0.000000,  0.000000,  0.000000,  0.000000,  0.000000,  0.000000,  0.000000,  0.000000,  0.000000,  0.000000,  0.000000,  0.000000,  0.000000,  0.000000,  0.000000,  0.000000,  0.000000,  0.000000,  0.000000,  0.000000,  0.000000,  0.000000,  0.000000,  0.000000,  0.000000,  0.000000,  0.000000,  0.000000 ]
checksum = 1.000000
Repeated 7 time
f3=0.384875 a3=0.615125
f4=0.187488 a4=0.427637
f5=0.107324 a5=0.320313
f6=0.068037 a6=0.252276
f7=0.046278 a7=0.205997
f8=0.033143 a8=0.172854
f9=0.024690 a9=0.148164
f10=0.018972 a10=0.129192
f11=0.014950 a11=0.114242
f12=0.012027 a12=0.102214
f13=0.009846 a13=0.092368
f14=0.008181 a14=0.084187
f15=0.006885 a15=0.077303
f16=0.005859 a16=0.071444
f17=0.005035 a17=0.066409
f18=0.004365 a18=0.062044
f19=0.003813 a19=0.058231
f20=0.058231
[ 0.384875,  0.187488,  0.107324,  0.068037,  0.046278,  0.033143,  0.024690,  0.018972,  0.014950,  0.012027,  0.009846,  0.008181,  0.006885,  0.005859,  0.005035,  0.004365,  0.003813, 0.058231]
0.058231 == 0.058231

total 92234 nodes
[ 0.000000,  0.000108,  0.389032,  0.181235,  0.111933,  0.064922,  0.049721,  0.029566,  0.024243,  0.018692,  0.015818,  0.012360,  0.009920,  0.008706,  0.008587,  0.004293,  0.004890,  0.003979,  0.008077,  0.053917,  0.000000,  0.000000,  0.000000,  0.000000,  0.000000,  0.000000,  0.000000,  0.000000,  0.000000,  0.000000,  0.000000,  0.000000,  0.000000,  0.000000,  0.000000,  0.000000,  0.000000,  0.000000,  0.000000,  0.000000,  0.000000,  0.000000,  0.000000,  0.000000,  0.000000,  0.000000,  0.000000,  0.000000,  0.000000,  0.000000,  0.000000,  0.000000,  0.000000,  0.000000,  0.000000,  0.000000,  0.000000,  0.000000,  0.000000,  0.000000,  0.000000,  0.000000,  0.000000,  0.000000,  0.000000,  0.000000,  0.000000,  0.000000,  0.000000,  0.000000,  0.000000,  0.000000,  0.000000,  0.000000,  0.000000,  0.000000,  0.000000,  0.000000,  0.000000,  0.000000,  0.000000,  0.000000,  0.000000,  0.000000,  0.000000,  0.000000,  0.000000,  0.000000,  0.000000,  0.000000,  0.000000,  0.000000,  0.000000,  0.000000,  0.000000,  0.000000,  0.000000,  0.000000,  0.000000,  0.000000,  0.000000,  0.000000,  0.000000,  0.000000,  0.000000,  0.000000,  0.000000,  0.000000,  0.000000,  0.000000,  0.000000,  0.000000,  0.000000,  0.000000,  0.000000,  0.000000,  0.000000,  0.000000,  0.000000,  0.000000,  0.000000,  0.000000,  0.000000,  0.000000,  0.000000,  0.000000,  0.000000,  0.000000,  0.000000,  0.000000,  0.000000,  0.000000,  0.000000,  0.000000,  0.000000,  0.000000,  0.000000,  0.000000,  0.000000,  0.000000,  0.000000,  0.000000,  0.000000,  0.000000,  0.000000,  0.000000,  0.000000,  0.000000,  0.000000,  0.000000,  0.000000,  0.000000,  0.000000,  0.000000,  0.000000,  0.000000,  0.000000,  0.000000,  0.000000,  0.000000,  0.000000,  0.000000,  0.000000,  0.000000,  0.000000,  0.000000,  0.000000,  0.000000,  0.000000,  0.000000,  0.000000,  0.000000,  0.000000,  0.000000,  0.000000,  0.000000,  0.000000,  0.000000,  0.000000,  0.000000,  0.000000,  0.000000,  0.000000,  0.000000,  0.000000,  0.000000,  0.000000,  0.000000,  0.000000,  0.000000,  0.000000,  0.000000,  0.000000,  0.000000,  0.000000,  0.000000,  0.000000,  0.000000,  0.000000,  0.000000 ]
checksum = 1.000000
Repeated 8 time
f3=0.384875 a3=0.615125
f4=0.187488 a4=0.427637
f5=0.107324 a5=0.320313
f6=0.068037 a6=0.252276
f7=0.046278 a7=0.205997
f8=0.033143 a8=0.172854
f9=0.024690 a9=0.148164
f10=0.018972 a10=0.129192
f11=0.014950 a11=0.114242
f12=0.012027 a12=0.102214
f13=0.009846 a13=0.092368
f14=0.008181 a14=0.084187
f15=0.006885 a15=0.077303
f16=0.005859 a16=0.071444
f17=0.005035 a17=0.066409
f18=0.004365 a18=0.062044
f19=0.003813 a19=0.058231
f20=0.058231
[ 0.384875,  0.187488,  0.107324,  0.068037,  0.046278,  0.033143,  0.024690,  0.018972,  0.014950,  0.012027,  0.009846,  0.008181,  0.006885,  0.005859,  0.005035,  0.004365,  0.003813, 0.058231]
0.058231 == 0.058231

total 91816 nodes
[ 0.000000,  0.000381,  0.388189,  0.186808,  0.106398,  0.067156,  0.043380,  0.034101,  0.023395,  0.019822,  0.015226,  0.014061,  0.007820,  0.009661,  0.004041,  0.007820,  0.006666,  0.005064,  0.002407,  0.057604,  0.000000,  0.000000,  0.000000,  0.000000,  0.000000,  0.000000,  0.000000,  0.000000,  0.000000,  0.000000,  0.000000,  0.000000,  0.000000,  0.000000,  0.000000,  0.000000,  0.000000,  0.000000,  0.000000,  0.000000,  0.000000,  0.000000,  0.000000,  0.000000,  0.000000,  0.000000,  0.000000,  0.000000,  0.000000,  0.000000,  0.000000,  0.000000,  0.000000,  0.000000,  0.000000,  0.000000,  0.000000,  0.000000,  0.000000,  0.000000,  0.000000,  0.000000,  0.000000,  0.000000,  0.000000,  0.000000,  0.000000,  0.000000,  0.000000,  0.000000,  0.000000,  0.000000,  0.000000,  0.000000,  0.000000,  0.000000,  0.000000,  0.000000,  0.000000,  0.000000,  0.000000,  0.000000,  0.000000,  0.000000,  0.000000,  0.000000,  0.000000,  0.000000,  0.000000,  0.000000,  0.000000,  0.000000,  0.000000,  0.000000,  0.000000,  0.000000,  0.000000,  0.000000,  0.000000,  0.000000,  0.000000,  0.000000,  0.000000,  0.000000,  0.000000,  0.000000,  0.000000,  0.000000,  0.000000,  0.000000,  0.000000,  0.000000,  0.000000,  0.000000,  0.000000,  0.000000,  0.000000,  0.000000,  0.000000,  0.000000,  0.000000,  0.000000,  0.000000,  0.000000,  0.000000,  0.000000,  0.000000,  0.000000,  0.000000,  0.000000,  0.000000,  0.000000,  0.000000,  0.000000,  0.000000,  0.000000,  0.000000,  0.000000,  0.000000,  0.000000,  0.000000,  0.000000,  0.000000,  0.000000,  0.000000,  0.000000,  0.000000,  0.000000,  0.000000,  0.000000,  0.000000,  0.000000,  0.000000,  0.000000,  0.000000,  0.000000,  0.000000,  0.000000,  0.000000,  0.000000,  0.000000,  0.000000,  0.000000,  0.000000,  0.000000,  0.000000,  0.000000,  0.000000,  0.000000,  0.000000,  0.000000,  0.000000,  0.000000,  0.000000,  0.000000,  0.000000,  0.000000,  0.000000,  0.000000,  0.000000,  0.000000,  0.000000,  0.000000,  0.000000,  0.000000,  0.000000,  0.000000,  0.000000,  0.000000,  0.000000,  0.000000,  0.000000,  0.000000,  0.000000,  0.000000,  0.000000,  0.000000,  0.000000,  0.000000,  0.000000 ]
checksum = 1.000000
Repeated 9 time
f3=0.384875 a3=0.615125
f4=0.187488 a4=0.427637
f5=0.107324 a5=0.320313
f6=0.068037 a6=0.252276
f7=0.046278 a7=0.205997
f8=0.033143 a8=0.172854
f9=0.024690 a9=0.148164
f10=0.018972 a10=0.129192
f11=0.014950 a11=0.114242
f12=0.012027 a12=0.102214
f13=0.009846 a13=0.092368
f14=0.008181 a14=0.084187
f15=0.006885 a15=0.077303
f16=0.005859 a16=0.071444
f17=0.005035 a17=0.066409
f18=0.004365 a18=0.062044
f19=0.003813 a19=0.058231
f20=0.058231
[ 0.384875,  0.187488,  0.107324,  0.068037,  0.046278,  0.033143,  0.024690,  0.018972,  0.014950,  0.012027,  0.009846,  0.008181,  0.006885,  0.005859,  0.005035,  0.004365,  0.003813, 0.058231]
0.058231 == 0.058231

total 91964 nodes
[ 0.000000,  0.000109,  0.383161,  0.187932,  0.106498,  0.073355,  0.041473,  0.033056,  0.028729,  0.014299,  0.019116,  0.011244,  0.010732,  0.007427,  0.004208,  0.005437,  0.008068,  0.005122,  0.003969,  0.056065,  0.000000,  0.000000,  0.000000,  0.000000,  0.000000,  0.000000,  0.000000,  0.000000,  0.000000,  0.000000,  0.000000,  0.000000,  0.000000,  0.000000,  0.000000,  0.000000,  0.000000,  0.000000,  0.000000,  0.000000,  0.000000,  0.000000,  0.000000,  0.000000,  0.000000,  0.000000,  0.000000,  0.000000,  0.000000,  0.000000,  0.000000,  0.000000,  0.000000,  0.000000,  0.000000,  0.000000,  0.000000,  0.000000,  0.000000,  0.000000,  0.000000,  0.000000,  0.000000,  0.000000,  0.000000,  0.000000,  0.000000,  0.000000,  0.000000,  0.000000,  0.000000,  0.000000,  0.000000,  0.000000,  0.000000,  0.000000,  0.000000,  0.000000,  0.000000,  0.000000,  0.000000,  0.000000,  0.000000,  0.000000,  0.000000,  0.000000,  0.000000,  0.000000,  0.000000,  0.000000,  0.000000,  0.000000,  0.000000,  0.000000,  0.000000,  0.000000,  0.000000,  0.000000,  0.000000,  0.000000,  0.000000,  0.000000,  0.000000,  0.000000,  0.000000,  0.000000,  0.000000,  0.000000,  0.000000,  0.000000,  0.000000,  0.000000,  0.000000,  0.000000,  0.000000,  0.000000,  0.000000,  0.000000,  0.000000,  0.000000,  0.000000,  0.000000,  0.000000,  0.000000,  0.000000,  0.000000,  0.000000,  0.000000,  0.000000,  0.000000,  0.000000,  0.000000,  0.000000,  0.000000,  0.000000,  0.000000,  0.000000,  0.000000,  0.000000,  0.000000,  0.000000,  0.000000,  0.000000,  0.000000,  0.000000,  0.000000,  0.000000,  0.000000,  0.000000,  0.000000,  0.000000,  0.000000,  0.000000,  0.000000,  0.000000,  0.000000,  0.000000,  0.000000,  0.000000,  0.000000,  0.000000,  0.000000,  0.000000,  0.000000,  0.000000,  0.000000,  0.000000,  0.000000,  0.000000,  0.000000,  0.000000,  0.000000,  0.000000,  0.000000,  0.000000,  0.000000,  0.000000,  0.000000,  0.000000,  0.000000,  0.000000,  0.000000,  0.000000,  0.000000,  0.000000,  0.000000,  0.000000,  0.000000,  0.000000,  0.000000,  0.000000,  0.000000,  0.000000,  0.000000,  0.000000,  0.000000,  0.000000,  0.000000,  0.000000,  0.000000 ]
checksum = 1.000000
====================
[ 0.000000,  0.000001,  0.000298,  0.385758,  0.186896,  0.106931,  0.067785,  0.046243,  0.034203,  0.022813,  0.019127,  0.015365,  0.012017,  0.010380,  0.008595,  0.006503,  0.005584,  0.004744,  0.005654,  0.004317,  0.056785,  0.000000,  0.000000,  0.000000,  0.000000,  0.000000,  0.000000,  0.000000,  0.000000,  0.000000,  0.000000,  0.000000,  0.000000,  0.000000,  0.000000,  0.000000,  0.000000,  0.000000,  0.000000,  0.000000,  0.000000,  0.000000,  0.000000,  0.000000,  0.000000,  0.000000,  0.000000,  0.000000,  0.000000,  0.000000,  0.000000,  0.000000,  0.000000,  0.000000,  0.000000,  0.000000,  0.000000,  0.000000,  0.000000,  0.000000,  0.000000,  0.000000,  0.000000,  0.000000,  0.000000,  0.000000,  0.000000,  0.000000,  0.000000,  0.000000,  0.000000,  0.000000,  0.000000,  0.000000,  0.000000,  0.000000,  0.000000,  0.000000,  0.000000,  0.000000,  0.000000,  0.000000,  0.000000,  0.000000,  0.000000,  0.000000,  0.000000,  0.000000,  0.000000,  0.000000,  0.000000,  0.000000,  0.000000,  0.000000,  0.000000,  0.000000,  0.000000,  0.000000,  0.000000,  0.000000,  0.000000 ]
f3=0.384875 a3=0.615125
f4=0.187488 a4=0.427637
f5=0.107324 a5=0.320313
f6=0.068037 a6=0.252276
f7=0.046278 a7=0.205997
f8=0.033143 a8=0.172854
f9=0.024690 a9=0.148164
f10=0.018972 a10=0.129192
f11=0.014950 a11=0.114242
f12=0.012027 a12=0.102214
f13=0.009846 a13=0.092368
f14=0.008181 a14=0.084187
f15=0.006885 a15=0.077303
f16=0.005859 a16=0.071444
f17=0.005035 a17=0.066409
f18=0.004365 a18=0.062044
f19=0.003813 a19=0.058231
f20=0.058231
[ 0.384875,  0.187488,  0.107324,  0.068037,  0.046278,  0.033143,  0.024690,  0.018972,  0.014950,  0.012027,  0.009846,  0.008181,  0.006885,  0.005859,  0.005035,  0.004365,  0.003813, 0.058231]
0.058231 == 0.058231
