Repeated 0 time
f3=0.393928 a3=0.606072
f4=0.191898 a4=0.414173
f5=0.109849 a5=0.304325
f6=0.069637 a6=0.234687
f7=0.047367 a7=0.187320
f8=0.033923 a8=0.153397
f9=0.025271 a9=0.128127
f10=0.019419 a10=0.108708
f11=0.015302 a11=0.093406
f12=0.012310 a12=0.081096
f13=0.010078 a13=0.071018
f14=0.008373 a14=0.062645
f15=0.007047 a15=0.055598
f16=0.005997 a16=0.049601
f17=0.005153 a17=0.044448
f18=0.004467 a18=0.039981
f19=0.003902 a19=0.036078
f20=0.003433 a20=0.032645
f21=0.003039 a21=0.029607
f22=0.002705 a22=0.026902
f23=0.002420 a23=0.024481
f24=0.002176 a24=0.022305
f25=0.001965 a25=0.020340
f26=0.001782 a26=0.018559
f27=0.001621 a27=0.016938
f28=0.001480 a28=0.015457
f29=0.001356 a29=0.014101
f30=0.001246 a30=0.012856
f31=0.001148 a31=0.011708
f32=0.001060 a32=0.010648
f33=0.000982 a33=0.009666
f34=0.000911 a34=0.008755
f35=0.000847 a35=0.007908
f36=0.000790 a36=0.007118
f37=0.000737 a37=0.006381
f38=0.000690 a38=0.005691
f39=0.000646 a39=0.005045
f40=0.000607 a40=0.004438
f41=0.000571 a41=0.003867
f42=0.000537 a42=0.003330
f43=0.000506 a43=0.002824
f44=0.000478 a44=0.002345
f45=0.000452 a45=0.001893
f46=0.000428 a46=0.001465
f47=0.000405 a47=0.001060
f48=0.000385 a48=0.000675
f49=0.000365 a49=0.000310
f50=0.000310
[ 0.393928,  0.191898,  0.109849,  0.069637,  0.047367,  0.033923,  0.025271,  0.019419,  0.015302,  0.012310,  0.010078,  0.008373,  0.007047,  0.005997,  0.005153,  0.004467,  0.003902,  0.003433,  0.003039,  0.002705,  0.002420,  0.002176,  0.001965,  0.001782,  0.001621,  0.001480,  0.001356,  0.001246,  0.001148,  0.001060,  0.000982,  0.000911,  0.000847,  0.000790,  0.000737,  0.000690,  0.000646,  0.000607,  0.000571,  0.000537,  0.000506,  0.000478,  0.000452,  0.000428,  0.000405,  0.000385,  0.000365, 0.000310]
0.000310 == 0.000310

total 92314 nodes
[ 0.000000,  0.001289,  0.391089,  0.191260,  0.108683,  0.072611,  0.047403,  0.030916,  0.028316,  0.021416,  0.014093,  0.011775,  0.010074,  0.008514,  0.007150,  0.007464,  0.004171,  0.004821,  0.004766,  0.002037,  0.002058,  0.003131,  0.002134,  0.003347,  0.001148,  0.002242,  0.000802,  0.002264,  0.001582,  0.001137,  0.000617,  0.001332,  0.000617,  0.001213,  0.000953,  0.000379,  0.001365,  0.000639,  0.000173,  0.000617,  0.000921,  0.000542,  0.000433,  0.000390,  0.000661,  0.000271,  0.000152,  0.000487,  0.000531,  0.000011,  0.000000,  0.000000,  0.000000,  0.000000,  0.000000,  0.000000,  0.000000,  0.000000,  0.000000,  0.000000,  0.000000,  0.000000,  0.000000,  0.000000,  0.000000,  0.000000,  0.000000,  0.000000,  0.000000,  0.000000,  0.000000,  0.000000,  0.000000,  0.000000,  0.000000,  0.000000,  0.000000,  0.000000,  0.000000,  0.000000,  0.000000,  0.000000,  0.000000,  0.000000,  0.000000,  0.000000,  0.000000,  0.000000,  0.000000,  0.000000,  0.000000,  0.000000,  0.000000,  0.000000,  0.000000,  0.000000,  0.000000,  0.000000,  0.000000,  0.000000,  0.000000,  0.000000,  0.000000,  0.000000,  0.000000,  0.000000,  0.000000,  0.000000,  0.000000,  0.000000,  0.000000,  0.000000,  0.000000,  0.000000,  0.000000,  0.000000,  0.000000,  0.000000,  0.000000,  0.000000,  0.000000,  0.000000,  0.000000,  0.000000,  0.000000,  0.000000,  0.000000,  0.000000,  0.000000,  0.000000,  0.000000,  0.000000,  0.000000,  0.000000,  0.000000,  0.000000,  0.000000,  0.000000,  0.000000,  0.000000,  0.000000,  0.000000,  0.000000,  0.000000,  0.000000,  0.000000,  0.000000,  0.000000,  0.000000,  0.000000,  0.000000,  0.000000,  0.000000,  0.000000,  0.000000,  0.000000,  0.000000,  0.000000,  0.000000,  0.000000,  0.000000,  0.000000,  0.000000,  0.000000,  0.000000,  0.000000,  0.000000,  0.000000,  0.000000,  0.000000,  0.000000,  0.000000,  0.000000,  0.000000,  0.000000,  0.000000,  0.000000,  0.000000,  0.000000,  0.000000,  0.000000,  0.000000,  0.000000,  0.000000,  0.000000,  0.000000,  0.000000,  0.000000,  0.000000,  0.000000,  0.000000,  0.000000,  0.000000,  0.000000,  0.000000,  0.000000,  0.000000,  0.000000,  0.000000,  0.000000,  0.000000,  0.000000,  0.000000,  0.000000,  0.000000,  0.000000,  0.000000,  0.000000,  0.000000,  0.000000,  0.000000,  0.000000,  0.000000,  0.000000,  0.000000,  0.000000,  0.000000,  0.000000,  0.000000,  0.000000,  0.000000,  0.000000,  0.000000,  0.000000,  0.000000,  0.000000,  0.000000,  0.000000,  0.000000,  0.000000,  0.000000,  0.000000,  0.000000,  0.000000,  0.000000,  0.000000,  0.000000,  0.000000,  0.000000,  0.000000,  0.000000,  0.000000,  0.000000,  0.000000,  0.000000,  0.000000,  0.000000,  0.000000,  0.000000,  0.000000,  0.000000,  0.000000,  0.000000,  0.000000,  0.000000,  0.000000,  0.000000,  0.000000,  0.000000,  0.000000,  0.000000,  0.000000,  0.000000,  0.000000,  0.000000,  0.000000,  0.000000,  0.000000,  0.000000,  0.000000,  0.000000,  0.000000,  0.000000,  0.000000,  0.000000,  0.000000,  0.000000,  0.000000,  0.000000,  0.000000,  0.000000,  0.000000,  0.000000,  0.000000,  0.000000,  0.000000,  0.000000,  0.000000,  0.000000,  0.000000,  0.000000,  0.000000,  0.000000,  0.000000,  0.000000,  0.000000,  0.000000,  0.000000,  0.000000,  0.000000,  0.000000,  0.000000,  0.000000,  0.000000,  0.000000,  0.000000,  0.000000,  0.000000,  0.000000,  0.000000,  0.000000,  0.000000,  0.000000,  0.000000,  0.000000,  0.000000,  0.000000,  0.000000,  0.000000,  0.000000,  0.000000,  0.000000,  0.000000,  0.000000,  0.000000,  0.000000,  0.000000,  0.000000,  0.000000,  0.000000,  0.000000,  0.000000,  0.000000,  0.000000,  0.000000,  0.000000,  0.000000,  0.000000,  0.000000,  0.000000,  0.000000,  0.000000,  0.000000,  0.000000,  0.000000,  0.000000,  0.000000,  0.000000,  0.000000,  0.000000,  0.000000,  0.000000,  0.000000,  0.000000,  0.000000,  0.000000,  0.000000,  0.000000,  0.000000,  0.000000,  0.000000,  0.000000,  0.000000,  0.000000,  0.000000,  0.000000,  0.000000,  0.000000,  0.000000,  0.000000,  0.000000,  0.000000,  0.000000,  0.000000,  0.000000,  0.000000,  0.000000,  0.000000,  0.000000,  0.000000,  0.000000,  0.000000,  0.000000,  0.000000,  0.000000,  0.000000,  0.000000,  0.000000,  0.000000,  0.000000,  0.000000,  0.000000,  0.000000,  0.000000,  0.000000,  0.000000,  0.000000,  0.000000,  0.000000,  0.000000,  0.000000,  0.000000,  0.000000,  0.000000,  0.000000,  0.000000,  0.000000,  0.000000,  0.000000,  0.000000,  0.000000,  0.000000,  0.000000,  0.000000,  0.000000,  0.000000,  0.000000,  0.000000,  0.000000,  0.000000,  0.000000,  0.000000,  0.000000,  0.000000,  0.000000,  0.000000,  0.000000,  0.000000,  0.000000,  0.000000,  0.000000,  0.000000,  0.000000,  0.000000,  0.000000,  0.000000,  0.000000,  0.000000,  0.000000,  0.000000,  0.000000,  0.000000,  0.000000,  0.000000,  0.000000,  0.000000,  0.000000,  0.000000,  0.000000,  0.000000,  0.000000,  0.000000,  0.000000,  0.000000,  0.000000,  0.000000,  0.000000,  0.000000,  0.000000,  0.000000,  0.000000,  0.000000,  0.000000,  0.000000,  0.000000,  0.000000,  0.000000,  0.000000,  0.000000,  0.000000,  0.000000,  0.000000,  0.000000,  0.000000,  0.000000,  0.000000,  0.000000,  0.000000,  0.000000,  0.000000,  0.000000,  0.000000,  0.000000,  0.000000,  0.000000,  0.000000,  0.000000,  0.000000,  0.000000,  0.000000,  0.000000,  0.000000,  0.000000,  0.000000,  0.000000,  0.000000,  0.000000,  0.000000,  0.000000,  0.000000 ]
checksum = 1.000000
Repeated 1 time
f3=0.393928 a3=0.606072
f4=0.191898 a4=0.414173
f5=0.109849 a5=0.304325
f6=0.069637 a6=0.234687
f7=0.047367 a7=0.187320
f8=0.033923 a8=0.153397
f9=0.025271 a9=0.128127
f10=0.019419 a10=0.108708
f11=0.015302 a11=0.093406
f12=0.012310 a12=0.081096
f13=0.010078 a13=0.071018
f14=0.008373 a14=0.062645
f15=0.007047 a15=0.055598
f16=0.005997 a16=0.049601
f17=0.005153 a17=0.044448
f18=0.004467 a18=0.039981
f19=0.003902 a19=0.036078
f20=0.003433 a20=0.032645
f21=0.003039 a21=0.029607
f22=0.002705 a22=0.026902
f23=0.002420 a23=0.024481
f24=0.002176 a24=0.022305
f25=0.001965 a25=0.020340
f26=0.001782 a26=0.018559
f27=0.001621 a27=0.016938
f28=0.001480 a28=0.015457
f29=0.001356 a29=0.014101
f30=0.001246 a30=0.012856
f31=0.001148 a31=0.011708
f32=0.001060 a32=0.010648
f33=0.000982 a33=0.009666
f34=0.000911 a34=0.008755
f35=0.000847 a35=0.007908
f36=0.000790 a36=0.007118
f37=0.000737 a37=0.006381
f38=0.000690 a38=0.005691
f39=0.000646 a39=0.005045
f40=0.000607 a40=0.004438
f41=0.000571 a41=0.003867
f42=0.000537 a42=0.003330
f43=0.000506 a43=0.002824
f44=0.000478 a44=0.002345
f45=0.000452 a45=0.001893
f46=0.000428 a46=0.001465
f47=0.000405 a47=0.001060
f48=0.000385 a48=0.000675
f49=0.000365 a49=0.000310
f50=0.000310
[ 0.393928,  0.191898,  0.109849,  0.069637,  0.047367,  0.033923,  0.025271,  0.019419,  0.015302,  0.012310,  0.010078,  0.008373,  0.007047,  0.005997,  0.005153,  0.004467,  0.003902,  0.003433,  0.003039,  0.002705,  0.002420,  0.002176,  0.001965,  0.001782,  0.001621,  0.001480,  0.001356,  0.001246,  0.001148,  0.001060,  0.000982,  0.000911,  0.000847,  0.000790,  0.000737,  0.000690,  0.000646,  0.000607,  0.000571,  0.000537,  0.000506,  0.000478,  0.000452,  0.000428,  0.000405,  0.000385,  0.000365, 0.000310]
0.000310 == 0.000310

total 91612 nodes
[ 0.000011,  0.001659,  0.390789,  0.198216,  0.105063,  0.069216,  0.052329,  0.027158,  0.028009,  0.020751,  0.014365,  0.013721,  0.007597,  0.009988,  0.005807,  0.003941,  0.005611,  0.005927,  0.001517,  0.006102,  0.001561,  0.002958,  0.004454,  0.002281,  0.000819,  0.002489,  0.000633,  0.002139,  0.001539,  0.000906,  0.000338,  0.000917,  0.001343,  0.000109,  0.002369,  0.000797,  0.000284,  0.001015,  0.000011,  0.001233,  0.000939,  0.000251,  0.000153,  0.000142,  0.000786,  0.000306,  0.000677,  0.000306,  0.000469,  0.000000,  0.000000,  0.000000,  0.000000,  0.000000,  0.000000,  0.000000,  0.000000,  0.000000,  0.000000,  0.000000,  0.000000,  0.000000,  0.000000,  0.000000,  0.000000,  0.000000,  0.000000,  0.000000,  0.000000,  0.000000,  0.000000,  0.000000,  0.000000,  0.000000,  0.000000,  0.000000,  0.000000,  0.000000,  0.000000,  0.000000,  0.000000,  0.000000,  0.000000,  0.000000,  0.000000,  0.000000,  0.000000,  0.000000,  0.000000,  0.000000,  0.000000,  0.000000,  0.000000,  0.000000,  0.000000,  0.000000,  0.000000,  0.000000,  0.000000,  0.000000,  0.000000,  0.000000,  0.000000,  0.000000,  0.000000,  0.000000,  0.000000,  0.000000,  0.000000,  0.000000,  0.000000,  0.000000,  0.000000,  0.000000,  0.000000,  0.000000,  0.000000,  0.000000,  0.000000,  0.000000,  0.000000,  0.000000,  0.000000,  0.000000,  0.000000,  0.000000,  0.000000,  0.000000,  0.000000,  0.000000,  0.000000,  0.000000,  0.000000,  0.000000,  0.000000,  0.000000,  0.000000,  0.000000,  0.000000,  0.000000,  0.000000,  0.000000,  0.000000,  0.000000,  0.000000,  0.000000,  0.000000,  0.000000,  0.000000,  0.000000,  0.000000,  0.000000,  0.000000,  0.000000,  0.000000,  0.000000,  0.000000,  0.000000,  0.000000,  0.000000,  0.000000,  0.000000,  0.000000,  0.000000,  0.000000,  0.000000,  0.000000,  0.000000,  0.000000,  0.000000,  0.000000,  0.000000,  0.000000,  0.000000,  0.000000,  0.000000,  0.000000,  0.000000,  0.000000,  0.000000,  0.000000,  0.000000,  0.000000,  0.000000,  0.000000,  0.000000,  0.000000,  0.000000,  0.000000,  0.000000,  0.000000,  0.000000,  0.000000,  0.000000,  0.000000,  0.000000,  0.000000,  0.000000,  0.000000,  0.000000,  0.000000,  0.000000,  0.000000,  0.000000,  0.000000,  0.000000,  0.000000,  0.000000,  0.000000,  0.000000,  0.000000,  0.000000,  0.000000,  0.000000,  0.000000,  0.000000,  0.000000,  0.000000,  0.000000,  0.000000,  0.000000,  0.000000,  0.000000,  0.000000,  0.000000,  0.000000,  0.000000,  0.000000,  0.000000,  0.000000,  0.000000,  0.000000,  0.000000,  0.000000,  0.000000,  0.000000,  0.000000,  0.000000,  0.000000,  0.000000,  0.000000,  0.000000,  0.000000,  0.000000,  0.000000,  0.000000,  0.000000,  0.000000,  0.000000,  0.000000,  0.000000,  0.000000,  0.000000,  0.000000,  0.000000,  0.000000,  0.000000,  0.000000,  0.000000,  0.000000,  0.000000,  0.000000,  0.000000,  0.000000,  0.000000,  0.000000,  0.000000,  0.000000,  0.000000,  0.000000,  0.000000,  0.000000,  0.000000,  0.000000,  0.000000,  0.000000,  0.000000,  0.000000,  0.000000,  0.000000,  0.000000,  0.000000,  0.000000,  0.000000,  0.000000,  0.000000,  0.000000,  0.000000,  0.000000,  0.000000,  0.000000,  0.000000,  0.000000,  0.000000,  0.000000,  0.000000,  0.000000,  0.000000,  0.000000,  0.000000,  0.000000,  0.000000,  0.000000,  0.000000,  0.000000,  0.000000,  0.000000,  0.000000,  0.000000,  0.000000,  0.000000,  0.000000,  0.000000,  0.000000,  0.000000,  0.000000,  0.000000,  0.000000,  0.000000,  0.000000,  0.000000,  0.000000,  0.000000,  0.000000,  0.000000,  0.000000,  0.000000,  0.000000,  0.000000,  0.000000,  0.000000,  0.000000,  0.000000,  0.000000,  0.000000,  0.000000,  0.000000,  0.000000,  0.000000,  0.000000,  0.000000,  0.000000,  0.000000,  0.000000,  0.000000,  0.000000,  0.000000,  0.000000,  0.000000,  0.000000,  0.000000,  0.000000,  0.000000,  0.000000,  0.000000,  0.000000,  0.000000,  0.000000,  0.000000,  0.000000,  0.000000,  0.000000,  0.000000,  0.000000,  0.000000,  0.000000,  0.000000,  0.000000,  0.000000,  0.000000,  0.000000,  0.000000,  0.000000,  0.000000,  0.000000,  0.000000,  0.000000,  0.000000,  0.000000,  0.000000,  0.000000,  0.000000,  0.000000,  0.000000,  0.000000,  0.000000,  0.000000,  0.000000,  0.000000,  0.000000,  0.000000,  0.000000,  0.000000,  0.000000,  0.000000,  0.000000,  0.000000,  0.000000,  0.000000,  0.000000,  0.000000,  0.000000,  0.000000,  0.000000,  0.000000,  0.000000,  0.000000,  0.000000,  0.000000,  0.000000,  0.000000,  0.000000,  0.000000,  0.000000,  0.000000,  0.000000,  0.000000,  0.000000,  0.000000,  0.000000,  0.000000,  0.000000,  0.000000,  0.000000,  0.000000,  0.000000,  0.000000,  0.000000,  0.000000,  0.000000,  0.000000,  0.000000,  0.000000,  0.000000,  0.000000,  0.000000,  0.000000,  0.000000,  0.000000,  0.000000,  0.000000,  0.000000,  0.000000,  0.000000,  0.000000,  0.000000,  0.000000,  0.000000,  0.000000,  0.000000,  0.000000,  0.000000,  0.000000,  0.000000,  0.000000,  0.000000,  0.000000,  0.000000,  0.000000,  0.000000,  0.000000,  0.000000,  0.000000,  0.000000,  0.000000,  0.000000,  0.000000,  0.000000,  0.000000,  0.000000,  0.000000,  0.000000,  0.000000,  0.000000,  0.000000,  0.000000,  0.000000,  0.000000,  0.000000,  0.000000,  0.000000,  0.000000,  0.000000,  0.000000,  0.000000,  0.000000,  0.000000,  0.000000,  0.000000,  0.000000,  0.000000,  0.000000,  0.000000,  0.000000,  0.000000,  0.000000,  0.000000,  0.000000,  0.000000,  0.000000 ]
checksum = 1.000000
Repeated 2 time
f3=0.393928 a3=0.606072
f4=0.191898 a4=0.414173
f5=0.109849 a5=0.304325
f6=0.069637 a6=0.234687
f7=0.047367 a7=0.187320
f8=0.033923 a8=0.153397
f9=0.025271 a9=0.128127
f10=0.019419 a10=0.108708
f11=0.015302 a11=0.093406
f12=0.012310 a12=0.081096
f13=0.010078 a13=0.071018
f14=0.008373 a14=0.062645
f15=0.007047 a15=0.055598
f16=0.005997 a16=0.049601
f17=0.005153 a17=0.044448
f18=0.004467 a18=0.039981
f19=0.003902 a19=0.036078
f20=0.003433 a20=0.032645
f21=0.003039 a21=0.029607
f22=0.002705 a22=0.026902
f23=0.002420 a23=0.024481
f24=0.002176 a24=0.022305
f25=0.001965 a25=0.020340
f26=0.001782 a26=0.018559
f27=0.001621 a27=0.016938
f28=0.001480 a28=0.015457
f29=0.001356 a29=0.014101
f30=0.001246 a30=0.012856
f31=0.001148 a31=0.011708
f32=0.001060 a32=0.010648
f33=0.000982 a33=0.009666
f34=0.000911 a34=0.008755
f35=0.000847 a35=0.007908
f36=0.000790 a36=0.007118
f37=0.000737 a37=0.006381
f38=0.000690 a38=0.005691
f39=0.000646 a39=0.005045
f40=0.000607 a40=0.004438
f41=0.000571 a41=0.003867
f42=0.000537 a42=0.003330
f43=0.000506 a43=0.002824
f44=0.000478 a44=0.002345
f45=0.000452 a45=0.001893
f46=0.000428 a46=0.001465
f47=0.000405 a47=0.001060
f48=0.000385 a48=0.000675
f49=0.000365 a49=0.000310
f50=0.000310
[ 0.393928,  0.191898,  0.109849,  0.069637,  0.047367,  0.033923,  0.025271,  0.019419,  0.015302,  0.012310,  0.010078,  0.008373,  0.007047,  0.005997,  0.005153,  0.004467,  0.003902,  0.003433,  0.003039,  0.002705,  0.002420,  0.002176,  0.001965,  0.001782,  0.001621,  0.001480,  0.001356,  0.001246,  0.001148,  0.001060,  0.000982,  0.000911,  0.000847,  0.000790,  0.000737,  0.000690,  0.000646,  0.000607,  0.000571,  0.000537,  0.000506,  0.000478,  0.000452,  0.000428,  0.000405,  0.000385,  0.000365, 0.000310]
0.000310 == 0.000310

total 92330 nodes
[ 0.000022,  0.001126,  0.396014,  0.190653,  0.109802,  0.068407,  0.044579,  0.039066,  0.021152,  0.021835,  0.016398,  0.007484,  0.012185,  0.011426,  0.003249,  0.006520,  0.004917,  0.004191,  0.005686,  0.003477,  0.001538,  0.002047,  0.002047,  0.003325,  0.001148,  0.004094,  0.000769,  0.001592,  0.001354,  0.001386,  0.001105,  0.001126,  0.001917,  0.000130,  0.000217,  0.001430,  0.000325,  0.000596,  0.000574,  0.000596,  0.000942,  0.000357,  0.000260,  0.000996,  0.000574,  0.000173,  0.000260,  0.000130,  0.000801,  0.000000,  0.000000,  0.000000,  0.000000,  0.000000,  0.000000,  0.000000,  0.000000,  0.000000,  0.000000,  0.000000,  0.000000,  0.000000,  0.000000,  0.000000,  0.000000,  0.000000,  0.000000,  0.000000,  0.000000,  0.000000,  0.000000,  0.000000,  0.000000,  0.000000,  0.000000,  0.000000,  0.000000,  0.000000,  0.000000,  0.000000,  0.000000,  0.000000,  0.000000,  0.000000,  0.000000,  0.000000,  0.000000,  0.000000,  0.000000,  0.000000,  0.000000,  0.000000,  0.000000,  0.000000,  0.000000,  0.000000,  0.000000,  0.000000,  0.000000,  0.000000,  0.000000,  0.000000,  0.000000,  0.000000,  0.000000,  0.000000,  0.000000,  0.000000,  0.000000,  0.000000,  0.000000,  0.000000,  0.000000,  0.000000,  0.000000,  0.000000,  0.000000,  0.000000,  0.000000,  0.000000,  0.000000,  0.000000,  0.000000,  0.000000,  0.000000,  0.000000,  0.000000,  0.000000,  0.000000,  0.000000,  0.000000,  0.000000,  0.000000,  0.000000,  0.000000,  0.000000,  0.000000,  0.000000,  0.000000,  0.000000,  0.000000,  0.000000,  0.000000,  0.000000,  0.000000,  0.000000,  0.000000,  0.000000,  0.000000,  0.000000,  0.000000,  0.000000,  0.000000,  0.000000,  0.000000,  0.000000,  0.000000,  0.000000,  0.000000,  0.000000,  0.000000,  0.000000,  0.000000,  0.000000,  0.000000,  0.000000,  0.000000,  0.000000,  0.000000,  0.000000,  0.000000,  0.000000,  0.000000,  0.000000,  0.000000,  0.000000,  0.000000,  0.000000,  0.000000,  0.000000,  0.000000,  0.000000,  0.000000,  0.000000,  0.000000,  0.000000,  0.000000,  0.000000,  0.000000,  0.000000,  0.000000,  0.000000,  0.000000,  0.000000,  0.000000,  0.000000,  0.000000,  0.000000,  0.000000,  0.000000,  0.000000,  0.000000,  0.000000,  0.000000,  0.000000,  0.000000,  0.000000,  0.000000,  0.000000,  0.000000,  0.000000,  0.000000,  0.000000,  0.000000,  0.000000,  0.000000,  0.000000,  0.000000,  0.000000,  0.000000,  0.000000,  0.000000,  0.000000,  0.000000,  0.000000,  0.000000,  0.000000,  0.000000,  0.000000,  0.000000,  0.000000,  0.000000,  0.000000,  0.000000,  0.000000,  0.000000,  0.000000,  0.000000,  0.000000,  0.000000,  0.000000,  0.000000,  0.000000,  0.000000,  0.000000,  0.000000,  0.000000,  0.000000,  0.000000,  0.000000,  0.000000,  0.000000,  0.000000,  0.000000,  0.000000,  0.000000,  0.000000,  0.000000,  0.000000,  0.000000,  0.000000,  0.000000,  0.000000,  0.000000,  0.000000,  0.000000,  0.000000,  0.000000,  0.000000,  0.000000,  0.000000,  0.000000,  0.000000,  0.000000,  0.000000,  0.000000,  0.000000,  0.000000,  0.000000,  0.000000,  0.000000,  0.000000,  0.000000,  0.000000,  0.000000,  0.000000,  0.000000,  0.000000,  0.000000,  0.000000,  0.000000,  0.000000,  0.000000,  0.000000,  0.000000,  0.000000,  0.000000,  0.000000,  0.000000,  0.000000,  0.000000,  0.000000,  0.000000,  0.000000,  0.000000,  0.000000,  0.000000,  0.000000,  0.000000,  0.000000,  0.000000,  0.000000,  0.000000,  0.000000,  0.000000,  0.000000,  0.000000,  0.000000,  0.000000,  0.000000,  0.000000,  0.000000,  0.000000,  0.000000,  0.000000,  0.000000,  0.000000,  0.000000,  0.000000,  0.000000,  0.000000,  0.000000,  0.000000,  0.000000,  0.000000,  0.000000,  0.000000,  0.000000,  0.000000,  0.000000,  0.000000,  0.000000,  0.000000,  0.000000,  0.000000,  0.000000,  0.000000,  0.000000,  0.000000,  0.000000,  0.000000,  0.000000,  0.000000,  0.000000,  0.000000,  0.000000,  0.000000,  0.000000,  0.000000,  0.000000,  0.000000,  0.000000,  0.000000,  0.000000,  0.000000,  0.000000,  0.000000,  0.000000,  0.000000,  0.000000,  0.000000,  0.000000,  0.000000,  0.000000,  0.000000,  0.000000,  0.000000,  0.000000,  0.000000,  0.000000,  0.000000,  0.000000,  0.000000,  0.000000,  0.000000,  0.000000,  0.000000,  0.000000,  0.000000,  0.000000,  0.000000,  0.000000,  0.000000,  0.000000,  0.000000,  0.000000,  0.000000,  0.000000,  0.000000,  0.000000,  0.000000,  0.000000,  0.000000,  0.000000,  0.000000,  0.000000,  0.000000,  0.000000,  0.000000,  0.000000,  0.000000,  0.000000,  0.000000,  0.000000,  0.000000,  0.000000,  0.000000,  0.000000,  0.000000,  0.000000,  0.000000,  0.000000,  0.000000,  0.000000,  0.000000,  0.000000,  0.000000,  0.000000,  0.000000,  0.000000,  0.000000,  0.000000,  0.000000,  0.000000,  0.000000,  0.000000,  0.000000,  0.000000,  0.000000,  0.000000,  0.000000,  0.000000,  0.000000,  0.000000,  0.000000,  0.000000,  0.000000,  0.000000,  0.000000,  0.000000,  0.000000,  0.000000,  0.000000,  0.000000,  0.000000,  0.000000,  0.000000,  0.000000,  0.000000,  0.000000,  0.000000,  0.000000,  0.000000,  0.000000,  0.000000,  0.000000,  0.000000,  0.000000,  0.000000,  0.000000,  0.000000,  0.000000,  0.000000,  0.000000,  0.000000,  0.000000,  0.000000,  0.000000,  0.000000,  0.000000,  0.000000,  0.000000,  0.000000,  0.000000,  0.000000,  0.000000,  0.000000,  0.000000,  0.000000,  0.000000,  0.000000,  0.000000,  0.000000,  0.000000,  0.000000,  0.000000,  0.000000,  0.000000,  0.000000,  0.000000 ]
checksum = 1.000000
Repeated 3 time
f3=0.393928 a3=0.606072
f4=0.191898 a4=0.414173
f5=0.109849 a5=0.304325
f6=0.069637 a6=0.234687
f7=0.047367 a7=0.187320
f8=0.033923 a8=0.153397
f9=0.025271 a9=0.128127
f10=0.019419 a10=0.108708
f11=0.015302 a11=0.093406
f12=0.012310 a12=0.081096
f13=0.010078 a13=0.071018
f14=0.008373 a14=0.062645
f15=0.007047 a15=0.055598
f16=0.005997 a16=0.049601
f17=0.005153 a17=0.044448
f18=0.004467 a18=0.039981
f19=0.003902 a19=0.036078
f20=0.003433 a20=0.032645
f21=0.003039 a21=0.029607
f22=0.002705 a22=0.026902
f23=0.002420 a23=0.024481
f24=0.002176 a24=0.022305
f25=0.001965 a25=0.020340
f26=0.001782 a26=0.018559
f27=0.001621 a27=0.016938
f28=0.001480 a28=0.015457
f29=0.001356 a29=0.014101
f30=0.001246 a30=0.012856
f31=0.001148 a31=0.011708
f32=0.001060 a32=0.010648
f33=0.000982 a33=0.009666
f34=0.000911 a34=0.008755
f35=0.000847 a35=0.007908
f36=0.000790 a36=0.007118
f37=0.000737 a37=0.006381
f38=0.000690 a38=0.005691
f39=0.000646 a39=0.005045
f40=0.000607 a40=0.004438
f41=0.000571 a41=0.003867
f42=0.000537 a42=0.003330
f43=0.000506 a43=0.002824
f44=0.000478 a44=0.002345
f45=0.000452 a45=0.001893
f46=0.000428 a46=0.001465
f47=0.000405 a47=0.001060
f48=0.000385 a48=0.000675
f49=0.000365 a49=0.000310
f50=0.000310
[ 0.393928,  0.191898,  0.109849,  0.069637,  0.047367,  0.033923,  0.025271,  0.019419,  0.015302,  0.012310,  0.010078,  0.008373,  0.007047,  0.005997,  0.005153,  0.004467,  0.003902,  0.003433,  0.003039,  0.002705,  0.002420,  0.002176,  0.001965,  0.001782,  0.001621,  0.001480,  0.001356,  0.001246,  0.001148,  0.001060,  0.000982,  0.000911,  0.000847,  0.000790,  0.000737,  0.000690,  0.000646,  0.000607,  0.000571,  0.000537,  0.000506,  0.000478,  0.000452,  0.000428,  0.000405,  0.000385,  0.000365, 0.000310]
0.000310 == 0.000310

total 92404 nodes
[ 0.000043,  0.001851,  0.399582,  0.181994,  0.114865,  0.070928,  0.039652,  0.039912,  0.021698,  0.021514,  0.016644,  0.010227,  0.011028,  0.007997,  0.007911,  0.004156,  0.006482,  0.003907,  0.005411,  0.002511,  0.001959,  0.000996,  0.005281,  0.001699,  0.001234,  0.001634,  0.000887,  0.001526,  0.002532,  0.001180,  0.000249,  0.001407,  0.000747,  0.001299,  0.001851,  0.000184,  0.001050,  0.000628,  0.000801,  0.000357,  0.000801,  0.000097,  0.000400,  0.000400,  0.000195,  0.000455,  0.000660,  0.000563,  0.000606,  0.000011,  0.000000,  0.000000,  0.000000,  0.000000,  0.000000,  0.000000,  0.000000,  0.000000,  0.000000,  0.000000,  0.000000,  0.000000,  0.000000,  0.000000,  0.000000,  0.000000,  0.000000,  0.000000,  0.000000,  0.000000,  0.000000,  0.000000,  0.000000,  0.000000,  0.000000,  0.000000,  0.000000,  0.000000,  0.000000,  0.000000,  0.000000,  0.000000,  0.000000,  0.000000,  0.000000,  0.000000,  0.000000,  0.000000,  0.000000,  0.000000,  0.000000,  0.000000,  0.000000,  0.000000,  0.000000,  0.000000,  0.000000,  0.000000,  0.000000,  0.000000,  0.000000,  0.000000,  0.000000,  0.000000,  0.000000,  0.000000,  0.000000,  0.000000,  0.000000,  0.000000,  0.000000,  0.000000,  0.000000,  0.000000,  0.000000,  0.000000,  0.000000,  0.000000,  0.000000,  0.000000,  0.000000,  0.000000,  0.000000,  0.000000,  0.000000,  0.000000,  0.000000,  0.000000,  0.000000,  0.000000,  0.000000,  0.000000,  0.000000,  0.000000,  0.000000,  0.000000,  0.000000,  0.000000,  0.000000,  0.000000,  0.000000,  0.000000,  0.000000,  0.000000,  0.000000,  0.000000,  0.000000,  0.000000,  0.000000,  0.000000,  0.000000,  0.000000,  0.000000,  0.000000,  0.000000,  0.000000,  0.000000,  0.000000,  0.000000,  0.000000,  0.000000,  0.000000,  0.000000,  0.000000,  0.000000,  0.000000,  0.000000,  0.000000,  0.000000,  0.000000,  0.000000,  0.000000,  0.000000,  0.000000,  0.000000,  0.000000,  0.000000,  0.000000,  0.000000,  0.000000,  0.000000,  0.000000,  0.000000,  0.000000,  0.000000,  0.000000,  0.000000,  0.000000,  0.000000,  0.000000,  0.000000,  0.000000,  0.000000,  0.000000,  0.000000,  0.000000,  0.000000,  0.000000,  0.000000,  0.000000,  0.000000,  0.000000,  0.000000,  0.000000,  0.000000,  0.000000,  0.000000,  0.000000,  0.000000,  0.000000,  0.000000,  0.000000,  0.000000,  0.000000,  0.000000,  0.000000,  0.000000,  0.000000,  0.000000,  0.000000,  0.000000,  0.000000,  0.000000,  0.000000,  0.000000,  0.000000,  0.000000,  0.000000,  0.000000,  0.000000,  0.000000,  0.000000,  0.000000,  0.000000,  0.000000,  0.000000,  0.000000,  0.000000,  0.000000,  0.000000,  0.000000,  0.000000,  0.000000,  0.000000,  0.000000,  0.000000,  0.000000,  0.000000,  0.000000,  0.000000,  0.000000,  0.000000,  0.000000,  0.000000,  0.000000,  0.000000,  0.000000,  0.000000,  0.000000,  0.000000,  0.000000,  0.000000,  0.000000,  0.000000,  0.000000,  0.000000,  0.000000,  0.000000,  0.000000,  0.000000,  0.000000,  0.000000,  0.000000,  0.000000,  0.000000,  0.000000,  0.000000,  0.000000,  0.000000,  0.000000,  0.000000,  0.000000,  0.000000,  0.000000,  0.000000,  0.000000,  0.000000,  0.000000,  0.000000,  0.000000,  0.000000,  0.000000,  0.000000,  0.000000,  0.000000,  0.000000,  0.000000,  0.000000,  0.000000,  0.000000,  0.000000,  0.000000,  0.000000,  0.000000,  0.000000,  0.000000,  0.000000,  0.000000,  0.000000,  0.000000,  0.000000,  0.000000,  0.000000,  0.000000,  0.000000,  0.000000,  0.000000,  0.000000,  0.000000,  0.000000,  0.000000,  0.000000,  0.000000,  0.000000,  0.000000,  0.000000,  0.000000,  0.000000,  0.000000,  0.000000,  0.000000,  0.000000,  0.000000,  0.000000,  0.000000,  0.000000,  0.000000,  0.000000,  0.000000,  0.000000,  0.000000,  0.000000,  0.000000,  0.000000,  0.000000,  0.000000,  0.000000,  0.000000,  0.000000,  0.000000,  0.000000,  0.000000,  0.000000,  0.000000,  0.000000,  0.000000,  0.000000,  0.000000,  0.000000,  0.000000,  0.000000,  0.000000,  0.000000,  0.000000,  0.000000,  0.000000,  0.000000,  0.000000,  0.000000,  0.000000,  0.000000,  0.000000,  0.000000,  0.000000,  0.000000,  0.000000,  0.000000,  0.000000,  0.000000,  0.000000,  0.000000,  0.000000,  0.000000,  0.000000,  0.000000,  0.000000,  0.000000,  0.000000,  0.000000,  0.000000,  0.000000,  0.000000,  0.000000,  0.000000,  0.000000,  0.000000,  0.000000,  0.000000,  0.000000,  0.000000,  0.000000,  0.000000,  0.000000,  0.000000,  0.000000,  0.000000,  0.000000,  0.000000,  0.000000,  0.000000,  0.000000,  0.000000,  0.000000,  0.000000,  0.000000,  0.000000,  0.000000,  0.000000,  0.000000,  0.000000,  0.000000,  0.000000,  0.000000,  0.000000,  0.000000,  0.000000,  0.000000,  0.000000,  0.000000,  0.000000,  0.000000,  0.000000,  0.000000,  0.000000,  0.000000,  0.000000,  0.000000,  0.000000,  0.000000,  0.000000,  0.000000,  0.000000,  0.000000,  0.000000,  0.000000,  0.000000,  0.000000,  0.000000,  0.000000,  0.000000,  0.000000,  0.000000,  0.000000,  0.000000,  0.000000,  0.000000,  0.000000,  0.000000,  0.000000,  0.000000,  0.000000,  0.000000,  0.000000,  0.000000,  0.000000,  0.000000,  0.000000,  0.000000,  0.000000,  0.000000,  0.000000,  0.000000,  0.000000,  0.000000,  0.000000,  0.000000,  0.000000,  0.000000,  0.000000,  0.000000,  0.000000,  0.000000,  0.000000,  0.000000,  0.000000,  0.000000,  0.000000,  0.000000,  0.000000,  0.000000,  0.000000,  0.000000,  0.000000,  0.000000,  0.000000,  0.000000,  0.000000,  0.000000,  0.000000,  0.000000 ]
checksum = 1.000000
Repeated 4 time
f3=0.393928 a3=0.606072
f4=0.191898 a4=0.414173
f5=0.109849 a5=0.304325
f6=0.069637 a6=0.234687
f7=0.047367 a7=0.187320
f8=0.033923 a8=0.153397
f9=0.025271 a9=0.128127
f10=0.019419 a10=0.108708
f11=0.015302 a11=0.093406
f12=0.012310 a12=0.081096
f13=0.010078 a13=0.071018
f14=0.008373 a14=0.062645
f15=0.007047 a15=0.055598
f16=0.005997 a16=0.049601
f17=0.005153 a17=0.044448
f18=0.004467 a18=0.039981
f19=0.003902 a19=0.036078
f20=0.003433 a20=0.032645
f21=0.003039 a21=0.029607
f22=0.002705 a22=0.026902
f23=0.002420 a23=0.024481
f24=0.002176 a24=0.022305
f25=0.001965 a25=0.020340
f26=0.001782 a26=0.018559
f27=0.001621 a27=0.016938
f28=0.001480 a28=0.015457
f29=0.001356 a29=0.014101
f30=0.001246 a30=0.012856
f31=0.001148 a31=0.011708
f32=0.001060 a32=0.010648
f33=0.000982 a33=0.009666
f34=0.000911 a34=0.008755
f35=0.000847 a35=0.007908
f36=0.000790 a36=0.007118
f37=0.000737 a37=0.006381
f38=0.000690 a38=0.005691
f39=0.000646 a39=0.005045
f40=0.000607 a40=0.004438
f41=0.000571 a41=0.003867
f42=0.000537 a42=0.003330
f43=0.000506 a43=0.002824
f44=0.000478 a44=0.002345
f45=0.000452 a45=0.001893
f46=0.000428 a46=0.001465
f47=0.000405 a47=0.001060
f48=0.000385 a48=0.000675
f49=0.000365 a49=0.000310
f50=0.000310
[ 0.393928,  0.191898,  0.109849,  0.069637,  0.047367,  0.033923,  0.025271,  0.019419,  0.015302,  0.012310,  0.010078,  0.008373,  0.007047,  0.005997,  0.005153,  0.004467,  0.003902,  0.003433,  0.003039,  0.002705,  0.002420,  0.002176,  0.001965,  0.001782,  0.001621,  0.001480,  0.001356,  0.001246,  0.001148,  0.001060,  0.000982,  0.000911,  0.000847,  0.000790,  0.000737,  0.000690,  0.000646,  0.000607,  0.000571,  0.000537,  0.000506,  0.000478,  0.000452,  0.000428,  0.000405,  0.000385,  0.000365, 0.000310]
0.000310 == 0.000310

total 92178 nodes
[ 0.000011,  0.001519,  0.395257,  0.189188,  0.109701,  0.074649,  0.037113,  0.037449,  0.023834,  0.016371,  0.020439,  0.017553,  0.006357,  0.008625,  0.005077,  0.007334,  0.005272,  0.005468,  0.005511,  0.000401,  0.002897,  0.002354,  0.002604,  0.002973,  0.002484,  0.001866,  0.002159,  0.000890,  0.001486,  0.000640,  0.001606,  0.000966,  0.001063,  0.000401,  0.000401,  0.001497,  0.000521,  0.000803,  0.000282,  0.000401,  0.000282,  0.001020,  0.000586,  0.000542,  0.000391,  0.000217,  0.000347,  0.000608,  0.000586,  0.000000,  0.000000,  0.000000,  0.000000,  0.000000,  0.000000,  0.000000,  0.000000,  0.000000,  0.000000,  0.000000,  0.000000,  0.000000,  0.000000,  0.000000,  0.000000,  0.000000,  0.000000,  0.000000,  0.000000,  0.000000,  0.000000,  0.000000,  0.000000,  0.000000,  0.000000,  0.000000,  0.000000,  0.000000,  0.000000,  0.000000,  0.000000,  0.000000,  0.000000,  0.000000,  0.000000,  0.000000,  0.000000,  0.000000,  0.000000,  0.000000,  0.000000,  0.000000,  0.000000,  0.000000,  0.000000,  0.000000,  0.000000,  0.000000,  0.000000,  0.000000,  0.000000,  0.000000,  0.000000,  0.000000,  0.000000,  0.000000,  0.000000,  0.000000,  0.000000,  0.000000,  0.000000,  0.000000,  0.000000,  0.000000,  0.000000,  0.000000,  0.000000,  0.000000,  0.000000,  0.000000,  0.000000,  0.000000,  0.000000,  0.000000,  0.000000,  0.000000,  0.000000,  0.000000,  0.000000,  0.000000,  0.000000,  0.000000,  0.000000,  0.000000,  0.000000,  0.000000,  0.000000,  0.000000,  0.000000,  0.000000,  0.000000,  0.000000,  0.000000,  0.000000,  0.000000,  0.000000,  0.000000,  0.000000,  0.000000,  0.000000,  0.000000,  0.000000,  0.000000,  0.000000,  0.000000,  0.000000,  0.000000,  0.000000,  0.000000,  0.000000,  0.000000,  0.000000,  0.000000,  0.000000,  0.000000,  0.000000,  0.000000,  0.000000,  0.000000,  0.000000,  0.000000,  0.000000,  0.000000,  0.000000,  0.000000,  0.000000,  0.000000,  0.000000,  0.000000,  0.000000,  0.000000,  0.000000,  0.000000,  0.000000,  0.000000,  0.000000,  0.000000,  0.000000,  0.000000,  0.000000,  0.000000,  0.000000,  0.000000,  0.000000,  0.000000,  0.000000,  0.000000,  0.000000,  0.000000,  0.000000,  0.000000,  0.000000,  0.000000,  0.000000,  0.000000,  0.000000,  0.000000,  0.000000,  0.000000,  0.000000,  0.000000,  0.000000,  0.000000,  0.000000,  0.000000,  0.000000,  0.000000,  0.000000,  0.000000,  0.000000,  0.000000,  0.000000,  0.000000,  0.000000,  0.000000,  0.000000,  0.000000,  0.000000,  0.000000,  0.000000,  0.000000,  0.000000,  0.000000,  0.000000,  0.000000,  0.000000,  0.000000,  0.000000,  0.000000,  0.000000,  0.000000,  0.000000,  0.000000,  0.000000,  0.000000,  0.000000,  0.000000,  0.000000,  0.000000,  0.000000,  0.000000,  0.000000,  0.000000,  0.000000,  0.000000,  0.000000,  0.000000,  0.000000,  0.000000,  0.000000,  0.000000,  0.000000,  0.000000,  0.000000,  0.000000,  0.000000,  0.000000,  0.000000,  0.000000,  0.000000,  0.000000,  0.000000,  0.000000,  0.000000,  0.000000,  0.000000,  0.000000,  0.000000,  0.000000,  0.000000,  0.000000,  0.000000,  0.000000,  0.000000,  0.000000,  0.000000,  0.000000,  0.000000,  0.000000,  0.000000,  0.000000,  0.000000,  0.000000,  0.000000,  0.000000,  0.000000,  0.000000,  0.000000,  0.000000,  0.000000,  0.000000,  0.000000,  0.000000,  0.000000,  0.000000,  0.000000,  0.000000,  0.000000,  0.000000,  0.000000,  0.000000,  0.000000,  0.000000,  0.000000,  0.000000,  0.000000,  0.000000,  0.000000,  0.000000,  0.000000,  0.000000,  0.000000,  0.000000,  0.000000,  0.000000,  0.000000,  0.000000,  0.000000,  0.000000,  0.000000,  0.000000,  0.000000,  0.000000,  0.000000,  0.000000,  0.000000,  0.000000,  0.000000,  0.000000,  0.000000,  0.000000,  0.000000,  0.000000,  0.000000,  0.000000,  0.000000,  0.000000,  0.000000,  0.000000,  0.000000,  0.000000,  0.000000,  0.000000,  0.000000,  0.000000,  0.000000,  0.000000,  0.000000,  0.000000,  0.000000,  0.000000,  0.000000,  0.000000,  0.000000,  0.000000,  0.000000,  0.000000,  0.000000,  0.000000,  0.000000,  0.000000,  0.000000,  0.000000,  0.000000,  0.000000,  0.000000,  0.000000,  0.000000,  0.000000,  0.000000,  0.000000,  0.000000,  0.000000,  0.000000,  0.000000,  0.000000,  0.000000,  0.000000,  0.000000,  0.000000,  0.000000,  0.000000,  0.000000,  0.000000,  0.000000,  0.000000,  0.000000,  0.000000,  0.000000,  0.000000,  0.000000,  0.000000,  0.000000,  0.000000,  0.000000,  0.000000,  0.000000,  0.000000,  0.000000,  0.000000,  0.000000,  0.000000,  0.000000,  0.000000,  0.000000,  0.000000,  0.000000,  0.000000,  0.000000,  0.000000,  0.000000,  0.000000,  0.000000,  0.000000,  0.000000,  0.000000,  0.000000,  0.000000,  0.000000,  0.000000,  0.000000,  0.000000,  0.000000,  0.000000,  0.000000,  0.000000,  0.000000,  0.000000,  0.000000,  0.000000,  0.000000,  0.000000,  0.000000,  0.000000,  0.000000,  0.000000,  0.000000,  0.000000,  0.000000,  0.000000,  0.000000,  0.000000,  0.000000,  0.000000,  0.000000,  0.000000,  0.000000,  0.000000,  0.000000,  0.000000,  0.000000,  0.000000,  0.000000,  0.000000,  0.000000,  0.000000,  0.000000,  0.000000,  0.000000,  0.000000,  0.000000,  0.000000,  0.000000,  0.000000,  0.000000,  0.000000,  0.000000,  0.000000,  0.000000,  0.000000,  0.000000,  0.000000,  0.000000,  0.000000,  0.000000,  0.000000,  0.000000,  0.000000,  0.000000,  0.000000,  0.000000,  0.000000,  0.000000,  0.000000,  0.000000,  0.000000,  0.000000,  0.000000,  0.000000,  0.000000 ]
checksum = 1.000000
Repeated 5 time
f3=0.393928 a3=0.606072
f4=0.191898 a4=0.414173
f5=0.109849 a5=0.304325
f6=0.069637 a6=0.234687
f7=0.047367 a7=0.187320
f8=0.033923 a8=0.153397
f9=0.025271 a9=0.128127
f10=0.019419 a10=0.108708
f11=0.015302 a11=0.093406
f12=0.012310 a12=0.081096
f13=0.010078 a13=0.071018
f14=0.008373 a14=0.062645
f15=0.007047 a15=0.055598
f16=0.005997 a16=0.049601
f17=0.005153 a17=0.044448
f18=0.004467 a18=0.039981
f19=0.003902 a19=0.036078
f20=0.003433 a20=0.032645
f21=0.003039 a21=0.029607
f22=0.002705 a22=0.026902
f23=0.002420 a23=0.024481
f24=0.002176 a24=0.022305
f25=0.001965 a25=0.020340
f26=0.001782 a26=0.018559
f27=0.001621 a27=0.016938
f28=0.001480 a28=0.015457
f29=0.001356 a29=0.014101
f30=0.001246 a30=0.012856
f31=0.001148 a31=0.011708
f32=0.001060 a32=0.010648
f33=0.000982 a33=0.009666
f34=0.000911 a34=0.008755
f35=0.000847 a35=0.007908
f36=0.000790 a36=0.007118
f37=0.000737 a37=0.006381
f38=0.000690 a38=0.005691
f39=0.000646 a39=0.005045
f40=0.000607 a40=0.004438
f41=0.000571 a41=0.003867
f42=0.000537 a42=0.003330
f43=0.000506 a43=0.002824
f44=0.000478 a44=0.002345
f45=0.000452 a45=0.001893
f46=0.000428 a46=0.001465
f47=0.000405 a47=0.001060
f48=0.000385 a48=0.000675
f49=0.000365 a49=0.000310
f50=0.000310
[ 0.393928,  0.191898,  0.109849,  0.069637,  0.047367,  0.033923,  0.025271,  0.019419,  0.015302,  0.012310,  0.010078,  0.008373,  0.007047,  0.005997,  0.005153,  0.004467,  0.003902,  0.003433,  0.003039,  0.002705,  0.002420,  0.002176,  0.001965,  0.001782,  0.001621,  0.001480,  0.001356,  0.001246,  0.001148,  0.001060,  0.000982,  0.000911,  0.000847,  0.000790,  0.000737,  0.000690,  0.000646,  0.000607,  0.000571,  0.000537,  0.000506,  0.000478,  0.000452,  0.000428,  0.000405,  0.000385,  0.000365, 0.000310]
0.000310 == 0.000310

total 91812 nodes
[ 0.000022,  0.001133,  0.388740,  0.194909,  0.113591,  0.065558,  0.049939,  0.029746,  0.028482,  0.019801,  0.016610,  0.011643,  0.008833,  0.007134,  0.007886,  0.005991,  0.005653,  0.004324,  0.004030,  0.003115,  0.003235,  0.002059,  0.004455,  0.001590,  0.000773,  0.001013,  0.003420,  0.001775,  0.000719,  0.001144,  0.001176,  0.001340,  0.001100,  0.000490,  0.000566,  0.001884,  0.000174,  0.000359,  0.001067,  0.000218,  0.000686,  0.000555,  0.000686,  0.000272,  0.000425,  0.000327,  0.000283,  0.000686,  0.000349,  0.000033,  0.000000,  0.000000,  0.000000,  0.000000,  0.000000,  0.000000,  0.000000,  0.000000,  0.000000,  0.000000,  0.000000,  0.000000,  0.000000,  0.000000,  0.000000,  0.000000,  0.000000,  0.000000,  0.000000,  0.000000,  0.000000,  0.000000,  0.000000,  0.000000,  0.000000,  0.000000,  0.000000,  0.000000,  0.000000,  0.000000,  0.000000,  0.000000,  0.000000,  0.000000,  0.000000,  0.000000,  0.000000,  0.000000,  0.000000,  0.000000,  0.000000,  0.000000,  0.000000,  0.000000,  0.000000,  0.000000,  0.000000,  0.000000,  0.000000,  0.000000,  0.000000,  0.000000,  0.000000,  0.000000,  0.000000,  0.000000,  0.000000,  0.000000,  0.000000,  0.000000,  0.000000,  0.000000,  0.000000,  0.000000,  0.000000,  0.000000,  0.000000,  0.000000,  0.000000,  0.000000,  0.000000,  0.000000,  0.000000,  0.000000,  0.000000,  0.000000,  0.000000,  0.000000,  0.000000,  0.000000,  0.000000,  0.000000,  0.000000,  0.000000,  0.000000,  0.000000,  0.000000,  0.000000,  0.000000,  0.000000,  0.000000,  0.000000,  0.000000,  0.000000,  0.000000,  0.000000,  0.000000,  0.000000,  0.000000,  0.000000,  0.000000,  0.000000,  0.000000,  0.000000,  0.000000,  0.000000,  0.000000,  0.000000,  0.000000,  0.000000,  0.000000,  0.000000,  0.000000,  0.000000,  0.000000,  0.000000,  0.000000,  0.000000,  0.000000,  0.000000,  0.000000,  0.000000,  0.000000,  0.000000,  0.000000,  0.000000,  0.000000,  0.000000,  0.000000,  0.000000,  0.000000,  0.000000,  0.000000,  0.000000,  0.000000,  0.000000,  0.000000,  0.000000,  0.000000,  0.000000,  0.000000,  0.000000,  0.000000,  0.000000,  0.000000,  0.000000,  0.000000,  0.000000,  0.000000,  0.000000,  0.000000,  0.000000,  0.000000,  0.000000,  0.000000,  0.000000,  0.000000,  0.000000,  0.000000,  0.000000,  0.000000,  0.000000,  0.000000,  0.000000,  0.000000,  0.000000,  0.000000,  0.000000,  0.000000,  0.000000,  0.000000,  0.000000,  0.000000,  0.000000,  0.000000,  0.000000,  0.000000,  0.000000,  0.000000,  0.000000,  0.000000,  0.000000,  0.000000,  0.000000,  0.000000,  0.000000,  0.000000,  0.000000,  0.000000,  0.000000,  0.000000,  0.000000,  0.000000,  0.000000,  0.000000,  0.000000,  0.000000,  0.000000,  0.000000,  0.000000,  0.000000,  0.000000,  0.000000,  0.000000,  0.000000,  0.000000,  0.000000,  0.000000,  0.000000,  0.000000,  0.000000,  0.000000,  0.000000,  0.000000,  0.000000,  0.000000,  0.000000,  0.000000,  0.000000,  0.000000,  0.000000,  0.000000,  0.000000,  0.000000,  0.000000,  0.000000,  0.000000,  0.000000,  0.000000,  0.000000,  0.000000,  0.000000,  0.000000,  0.000000,  0.000000,  0.000000,  0.000000,  0.000000,  0.000000,  0.000000,  0.000000,  0.000000,  0.000000,  0.000000,  0.000000,  0.000000,  0.000000,  0.000000,  0.000000,  0.000000,  0.000000,  0.000000,  0.000000,  0.000000,  0.000000,  0.000000,  0.000000,  0.000000,  0.000000,  0.000000,  0.000000,  0.000000,  0.000000,  0.000000,  0.000000,  0.000000,  0.000000,  0.000000,  0.000000,  0.000000,  0.000000,  0.000000,  0.000000,  0.000000,  0.000000,  0.000000,  0.000000,  0.000000,  0.000000,  0.000000,  0.000000,  0.000000,  0.000000,  0.000000,  0.000000,  0.000000,  0.000000,  0.000000,  0.000000,  0.000000,  0.000000,  0.000000,  0.000000,  0.000000,  0.000000,  0.000000,  0.000000,  0.000000,  0.000000,  0.000000,  0.000000,  0.000000,  0.000000,  0.000000,  0.000000,  0.000000,  0.000000,  0.000000,  0.000000,  0.000000,  0.000000,  0.000000,  0.000000,  0.000000,  0.000000,  0.000000,  0.000000,  0.000000,  0.000000,  0.000000,  0.000000,  0.000000,  0.000000,  0.000000,  0.000000,  0.000000,  0.000000,  0.000000,  0.000000,  0.000000,  0.000000,  0.000000,  0.000000,  0.000000,  0.000000,  0.000000,  0.000000,  0.000000,  0.000000,  0.000000,  0.000000,  0.000000,  0.000000,  0.000000,  0.000000,  0.000000,  0.000000,  0.000000,  0.000000,  0.000000,  0.000000,  0.000000,  0.000000,  0.000000,  0.000000,  0.000000,  0.000000,  0.000000,  0.000000,  0.000000,  0.000000,  0.000000,  0.000000,  0.000000,  0.000000,  0.000000,  0.000000,  0.000000,  0.000000,  0.000000,  0.000000,  0.000000,  0.000000,  0.000000,  0.000000,  0.000000,  0.000000,  0.000000,  0.000000,  0.000000,  0.000000,  0.000000,  0.000000,  0.000000,  0.000000,  0.000000,  0.000000,  0.000000,  0.000000,  0.000000,  0.000000,  0.000000,  0.000000,  0.000000,  0.000000,  0.000000,  0.000000,  0.000000,  0.000000,  0.000000,  0.000000,  0.000000,  0.000000,  0.000000,  0.000000,  0.000000,  0.000000,  0.000000,  0.000000,  0.000000,  0.000000,  0.000000,  0.000000,  0.000000,  0.000000,  0.000000,  0.000000,  0.000000,  0.000000,  0.000000,  0.000000,  0.000000,  0.000000,  0.000000,  0.000000,  0.000000,  0.000000,  0.000000,  0.000000,  0.000000,  0.000000,  0.000000,  0.000000,  0.000000,  0.000000,  0.000000,  0.000000,  0.000000,  0.000000,  0.000000,  0.000000,  0.000000,  0.000000,  0.000000,  0.000000,  0.000000,  0.000000,  0.000000,  0.000000,  0.000000 ]
checksum = 1.000000
Repeated 6 time
f3=0.393928 a3=0.606072
f4=0.191898 a4=0.414173
f5=0.109849 a5=0.304325
f6=0.069637 a6=0.234687
f7=0.047367 a7=0.187320
f8=0.033923 a8=0.153397
f9=0.025271 a9=0.128127
f10=0.019419 a10=0.108708
f11=0.015302 a11=0.093406
f12=0.012310 a12=0.081096
f13=0.010078 a13=0.071018
f14=0.008373 a14=0.062645
f15=0.007047 a15=0.055598
f16=0.005997 a16=0.049601
f17=0.005153 a17=0.044448
f18=0.004467 a18=0.039981
f19=0.003902 a19=0.036078
f20=0.003433 a20=0.032645
f21=0.003039 a21=0.029607
f22=0.002705 a22=0.026902
f23=0.002420 a23=0.024481
f24=0.002176 a24=0.022305
f25=0.001965 a25=0.020340
f26=0.001782 a26=0.018559
f27=0.001621 a27=0.016938
f28=0.001480 a28=0.015457
f29=0.001356 a29=0.014101
f30=0.001246 a30=0.012856
f31=0.001148 a31=0.011708
f32=0.001060 a32=0.010648
f33=0.000982 a33=0.009666
f34=0.000911 a34=0.008755
f35=0.000847 a35=0.007908
f36=0.000790 a36=0.007118
f37=0.000737 a37=0.006381
f38=0.000690 a38=0.005691
f39=0.000646 a39=0.005045
f40=0.000607 a40=0.004438
f41=0.000571 a41=0.003867
f42=0.000537 a42=0.003330
f43=0.000506 a43=0.002824
f44=0.000478 a44=0.002345
f45=0.000452 a45=0.001893
f46=0.000428 a46=0.001465
f47=0.000405 a47=0.001060
f48=0.000385 a48=0.000675
f49=0.000365 a49=0.000310
f50=0.000310
[ 0.393928,  0.191898,  0.109849,  0.069637,  0.047367,  0.033923,  0.025271,  0.019419,  0.015302,  0.012310,  0.010078,  0.008373,  0.007047,  0.005997,  0.005153,  0.004467,  0.003902,  0.003433,  0.003039,  0.002705,  0.002420,  0.002176,  0.001965,  0.001782,  0.001621,  0.001480,  0.001356,  0.001246,  0.001148,  0.001060,  0.000982,  0.000911,  0.000847,  0.000790,  0.000737,  0.000690,  0.000646,  0.000607,  0.000571,  0.000537,  0.000506,  0.000478,  0.000452,  0.000428,  0.000405,  0.000385,  0.000365, 0.000310]
0.000310 == 0.000310

total 92034 nodes
[ 0.000000,  0.001336,  0.393420,  0.194417,  0.103842,  0.076407,  0.043386,  0.033901,  0.025415,  0.017776,  0.016939,  0.012941,  0.011354,  0.007704,  0.004314,  0.009323,  0.000532,  0.006802,  0.004444,  0.002564,  0.003347,  0.003314,  0.002184,  0.002466,  0.000706,  0.003336,  0.000902,  0.002227,  0.001706,  0.000641,  0.000739,  0.000739,  0.000793,  0.002206,  0.000326,  0.000130,  0.001195,  0.000598,  0.000934,  0.000587,  0.000413,  0.000489,  0.000413,  0.000239,  0.000619,  0.000695,  0.000293,  0.000369,  0.000576,  0.000000,  0.000000,  0.000000,  0.000000,  0.000000,  0.000000,  0.000000,  0.000000,  0.000000,  0.000000,  0.000000,  0.000000,  0.000000,  0.000000,  0.000000,  0.000000,  0.000000,  0.000000,  0.000000,  0.000000,  0.000000,  0.000000,  0.000000,  0.000000,  0.000000,  0.000000,  0.000000,  0.000000,  0.000000,  0.000000,  0.000000,  0.000000,  0.000000,  0.000000,  0.000000,  0.000000,  0.000000,  0.000000,  0.000000,  0.000000,  0.000000,  0.000000,  0.000000,  0.000000,  0.000000,  0.000000,  0.000000,  0.000000,  0.000000,  0.000000,  0.000000,  0.000000,  0.000000,  0.000000,  0.000000,  0.000000,  0.000000,  0.000000,  0.000000,  0.000000,  0.000000,  0.000000,  0.000000,  0.000000,  0.000000,  0.000000,  0.000000,  0.000000,  0.000000,  0.000000,  0.000000,  0.000000,  0.000000,  0.000000,  0.000000,  0.000000,  0.000000,  0.000000,  0.000000,  0.000000,  0.000000,  0.000000,  0.000000,  0.000000,  0.000000,  0.000000,  0.000000,  0.000000,  0.000000,  0.000000,  0.000000,  0.000000,  0.000000,  0.000000,  0.000000,  0.000000,  0.000000,  0.000000,  0.000000,  0.000000,  0.000000,  0.000000,  0.000000,  0.000000,  0.000000,  0.000000,  0.000000,  0.000000,  0.000000,  0.000000,  0.000000,  0.000000,  0.000000,  0.000000,  0.000000,  0.000000,  0.000000,  0.000000,  0.000000,  0.000000,  0.000000,  0.000000,  0.000000,  0.000000,  0.000000,  0.000000,  0.000000,  0.000000,  0.000000,  0.000000,  0.000000,  0.000000,  0.000000,  0.000000,  0.000000,  0.000000,  0.000000,  0.000000,  0.000000,  0.000000,  0.000000,  0.000000,  0.000000,  0.000000,  0.000000,  0.000000,  0.000000,  0.000000,  0.000000,  0.000000,  0.000000,  0.000000,  0.000000,  0.000000,  0.000000,  0.000000,  0.000000,  0.000000,  0.000000,  0.000000,  0.000000,  0.000000,  0.000000,  0.000000,  0.000000,  0.000000,  0.000000,  0.000000,  0.000000,  0.000000,  0.000000,  0.000000,  0.000000,  0.000000,  0.000000,  0.000000,  0.000000,  0.000000,  0.000000,  0.000000,  0.000000,  0.000000,  0.000000,  0.000000,  0.000000,  0.000000,  0.000000,  0.000000,  0.000000,  0.000000,  0.000000,  0.000000,  0.000000,  0.000000,  0.000000,  0.000000,  0.000000,  0.000000,  0.000000,  0.000000,  0.000000,  0.000000,  0.000000,  0.000000,  0.000000,  0.000000,  0.000000,  0.000000,  0.000000,  0.000000,  0.000000,  0.000000,  0.000000,  0.000000,  0.000000,  0.000000,  0.000000,  0.000000,  0.000000,  0.000000,  0.000000,  0.000000,  0.000000,  0.000000,  0.000000,  0.000000,  0.000000,  0.000000,  0.000000,  0.000000,  0.000000,  0.000000,  0.000000,  0.000000,  0.000000,  0.000000,  0.000000,  0.000000,  0.000000,  0.000000,  0.000000,  0.000000,  0.000000,  0.000000,  0.000000,  0.000000,  0.000000,  0.000000,  0.000000,  0.000000,  0.000000,  0.000000,  0.000000,  0.000000,  0.000000,  0.000000,  0.000000,  0.000000,  0.000000,  0.000000,  0.000000,  0.000000,  0.000000,  0.000000,  0.000000,  0.000000,  0.000000,  0.000000,  0.000000,  0.000000,  0.000000,  0.000000,  0.000000,  0.000000,  0.000000,  0.000000,  0.000000,  0.000000,  0.000000,  0.000000,  0.000000,  0.000000,  0.000000,  0.000000,  0.000000,  0.000000,  0.000000,  0.000000,  0.000000,  0.000000,  0.000000,  0.000000,  0.000000,  0.000000,  0.000000,  0.000000,  0.000000,  0.000000,  0.000000,  0.000000,  0.000000,  0.000000,  0.000000,  0.000000,  0.000000,  0.000000,  0.000000,  0.000000,  0.000000,  0.000000,  0.000000,  0.000000,  0.000000,  0.000000,  0.000000,  0.000000,  0.000000,  0.000000,  0.000000,  0.000000,  0.000000,  0.000000,  0.000000,  0.000000,  0.000000,  0.000000,  0.000000,  0.000000,  0.000000,  0.000000,  0.000000,  0.000000,  0.000000,  0.000000,  0.000000,  0.000000,  0.000000,  0.000000,  0.000000,  0.000000,  0.000000,  0.000000,  0.000000,  0.000000,  0.000000,  0.000000,  0.000000,  0.000000,  0.000000,  0.000000,  0.000000,  0.000000,  0.000000,  0.000000,  0.000000,  0.000000,  0.000000,  0.000000,  0.000000,  0.000000,  0.000000,  0.000000,  0.000000,  0.000000,  0.000000,  0.000000,  0.000000,  0.000000,  0.000000,  0.000000,  0.000000,  0.000000,  0.000000,  0.000000,  0.000000,  0.000000,  0.000000,  0.000000,  0.000000,  0.000000,  0.000000,  0.000000,  0.000000,  0.000000,  0.000000,  0.000000,  0.000000,  0.000000,  0.000000,  0.000000,  0.000000,  0.000000,  0.000000,  0.000000,  0.000000,  0.000000,  0.000000,  0.000000,  0.000000,  0.000000,  0.000000,  0.000000,  0.000000,  0.000000,  0.000000,  0.000000,  0.000000,  0.000000,  0.000000,  0.000000,  0.000000,  0.000000,  0.000000,  0.000000,  0.000000,  0.000000,  0.000000,  0.000000,  0.000000,  0.000000,  0.000000,  0.000000,  0.000000,  0.000000,  0.000000,  0.000000,  0.000000,  0.000000,  0.000000,  0.000000,  0.000000,  0.000000,  0.000000,  0.000000,  0.000000,  0.000000,  0.000000,  0.000000,  0.000000,  0.000000,  0.000000,  0.000000,  0.000000,  0.000000,  0.000000,  0.000000,  0.000000,  0.000000,  0.000000,  0.000000,  0.000000 ]
checksum = 1.000000
Repeated 7 time
f3=0.393928 a3=0.606072
f4=0.191898 a4=0.414173
f5=0.109849 a5=0.304325
f6=0.069637 a6=0.234687
f7=0.047367 a7=0.187320
f8=0.033923 a8=0.153397
f9=0.025271 a9=0.128127
f10=0.019419 a10=0.108708
f11=0.015302 a11=0.093406
f12=0.012310 a12=0.081096
f13=0.010078 a13=0.071018
f14=0.008373 a14=0.062645
f15=0.007047 a15=0.055598
f16=0.005997 a16=0.049601
f17=0.005153 a17=0.044448
f18=0.004467 a18=0.039981
f19=0.003902 a19=0.036078
f20=0.003433 a20=0.032645
f21=0.003039 a21=0.029607
f22=0.002705 a22=0.026902
f23=0.002420 a23=0.024481
f24=0.002176 a24=0.022305
f25=0.001965 a25=0.020340
f26=0.001782 a26=0.018559
f27=0.001621 a27=0.016938
f28=0.001480 a28=0.015457
f29=0.001356 a29=0.014101
f30=0.001246 a30=0.012856
f31=0.001148 a31=0.011708
f32=0.001060 a32=0.010648
f33=0.000982 a33=0.009666
f34=0.000911 a34=0.008755
f35=0.000847 a35=0.007908
f36=0.000790 a36=0.007118
f37=0.000737 a37=0.006381
f38=0.000690 a38=0.005691
f39=0.000646 a39=0.005045
f40=0.000607 a40=0.004438
f41=0.000571 a41=0.003867
f42=0.000537 a42=0.003330
f43=0.000506 a43=0.002824
f44=0.000478 a44=0.002345
f45=0.000452 a45=0.001893
f46=0.000428 a46=0.001465
f47=0.000405 a47=0.001060
f48=0.000385 a48=0.000675
f49=0.000365 a49=0.000310
f50=0.000310
[ 0.393928,  0.191898,  0.109849,  0.069637,  0.047367,  0.033923,  0.025271,  0.019419,  0.015302,  0.012310,  0.010078,  0.008373,  0.007047,  0.005997,  0.005153,  0.004467,  0.003902,  0.003433,  0.003039,  0.002705,  0.002420,  0.002176,  0.001965,  0.001782,  0.001621,  0.001480,  0.001356,  0.001246,  0.001148,  0.001060,  0.000982,  0.000911,  0.000847,  0.000790,  0.000737,  0.000690,  0.000646,  0.000607,  0.000571,  0.000537,  0.000506,  0.000478,  0.000452,  0.000428,  0.000405,  0.000385,  0.000365, 0.000310]
0.000310 == 0.000310

total 92364 nodes
[ 0.000011,  0.001559,  0.390076,  0.197458,  0.101327,  0.071207,  0.047161,  0.037147,  0.023916,  0.021036,  0.019921,  0.007156,  0.011736,  0.009852,  0.003768,  0.007622,  0.004222,  0.005587,  0.001213,  0.007113,  0.003291,  0.000996,  0.002176,  0.003086,  0.001158,  0.000790,  0.002793,  0.001494,  0.001786,  0.001375,  0.001050,  0.000823,  0.001202,  0.000639,  0.000877,  0.001321,  0.000769,  0.000390,  0.000617,  0.000011,  0.001137,  0.000022,  0.000314,  0.000411,  0.000628,  0.000281,  0.000119,  0.000736,  0.000617,  0.000000,  0.000000,  0.000000,  0.000000,  0.000000,  0.000000,  0.000000,  0.000000,  0.000000,  0.000000,  0.000000,  0.000000,  0.000000,  0.000000,  0.000000,  0.000000,  0.000000,  0.000000,  0.000000,  0.000000,  0.000000,  0.000000,  0.000000,  0.000000,  0.000000,  0.000000,  0.000000,  0.000000,  0.000000,  0.000000,  0.000000,  0.000000,  0.000000,  0.000000,  0.000000,  0.000000,  0.000000,  0.000000,  0.000000,  0.000000,  0.000000,  0.000000,  0.000000,  0.000000,  0.000000,  0.000000,  0.000000,  0.000000,  0.000000,  0.000000,  0.000000,  0.000000,  0.000000,  0.000000,  0.000000,  0.000000,  0.000000,  0.000000,  0.000000,  0.000000,  0.000000,  0.000000,  0.000000,  0.000000,  0.000000,  0.000000,  0.000000,  0.000000,  0.000000,  0.000000,  0.000000,  0.000000,  0.000000,  0.000000,  0.000000,  0.000000,  0.000000,  0.000000,  0.000000,  0.000000,  0.000000,  0.000000,  0.000000,  0.000000,  0.000000,  0.000000,  0.000000,  0.000000,  0.000000,  0.000000,  0.000000,  0.000000,  0.000000,  0.000000,  0.000000,  0.000000,  0.000000,  0.000000,  0.000000,  0.000000,  0.000000,  0.000000,  0.000000,  0.000000,  0.000000,  0.000000,  0.000000,  0.000000,  0.000000,  0.000000,  0.000000,  0.000000,  0.000000,  0.000000,  0.000000,  0.000000,  0.000000,  0.000000,  0.000000,  0.000000,  0.000000,  0.000000,  0.000000,  0.000000,  0.000000,  0.000000,  0.000000,  0.000000,  0.000000,  0.000000,  0.000000,  0.000000,  0.000000,  0.000000,  0.000000,  0.000000,  0.000000,  0.000000,  0.000000,  0.000000,  0.000000,  0.000000,  0.000000,  0.000000,  0.000000,  0.000000,  0.000000,  0.000000,  0.000000,  0.000000,  0.000000,  0.000000,  0.000000,  0.000000,  0.000000,  0.000000,  0.000000,  0.000000,  0.000000,  0.000000,  0.000000,  0.000000,  0.000000,  0.000000,  0.000000,  0.000000,  0.000000,  0.000000,  0.000000,  0.000000,  0.000000,  0.000000,  0.000000,  0.000000,  0.000000,  0.000000,  0.000000,  0.000000,  0.000000,  0.000000,  0.000000,  0.000000,  0.000000,  0.000000,  0.000000,  0.000000,  0.000000,  0.000000,  0.000000,  0.000000,  0.000000,  0.000000,  0.000000,  0.000000,  0.000000,  0.000000,  0.000000,  0.000000,  0.000000,  0.000000,  0.000000,  0.000000,  0.000000,  0.000000,  0.000000,  0.000000,  0.000000,  0.000000,  0.000000,  0.000000,  0.000000,  0.000000,  0.000000,  0.000000,  0.000000,  0.000000,  0.000000,  0.000000,  0.000000,  0.000000,  0.000000,  0.000000,  0.000000,  0.000000,  0.000000,  0.000000,  0.000000,  0.000000,  0.000000,  0.000000,  0.000000,  0.000000,  0.000000,  0.000000,  0.000000,  0.000000,  0.000000,  0.000000,  0.000000,  0.000000,  0.000000,  0.000000,  0.000000,  0.000000,  0.000000,  0.000000,  0.000000,  0.000000,  0.000000,  0.000000,  0.000000,  0.000000,  0.000000,  0.000000,  0.000000,  0.000000,  0.000000,  0.000000,  0.000000,  0.000000,  0.000000,  0.000000,  0.000000,  0.000000,  0.000000,  0.000000,  0.000000,  0.000000,  0.000000,  0.000000,  0.000000,  0.000000,  0.000000,  0.000000,  0.000000,  0.000000,  0.000000,  0.000000,  0.000000,  0.000000,  0.000000,  0.000000,  0.000000,  0.000000,  0.000000,  0.000000,  0.000000,  0.000000,  0.000000,  0.000000,  0.000000,  0.000000,  0.000000,  0.000000,  0.000000,  0.000000,  0.000000,  0.000000,  0.000000,  0.000000,  0.000000,  0.000000,  0.000000,  0.000000,  0.000000,  0.000000,  0.000000,  0.000000,  0.000000,  0.000000,  0.000000,  0.000000,  0.000000,  0.000000,  0.000000,  0.000000,  0.000000,  0.000000,  0.000000,  0.000000,  0.000000,  0.000000,  0.000000,  0.000000,  0.000000,  0.000000,  0.000000,  0.000000,  0.000000,  0.000000,  0.000000,  0.000000,  0.000000,  0.000000,  0.000000,  0.000000,  0.000000,  0.000000,  0.000000,  0.000000,  0.000000,  0.000000,  0.000000,  0.000000,  0.000000,  0.000000,  0.000000,  0.000000,  0.000000,  0.000000,  0.000000,  0.000000,  0.000000,  0.000000,  0.000000,  0.000000,  0.000000,  0.000000,  0.000000,  0.000000,  0.000000,  0.000000,  0.000000,  0.000000,  0.000000,  0.000000,  0.000000,  0.000000,  0.000000,  0.000000,  0.000000,  0.000000,  0.000000,  0.000000,  0.000000,  0.000000,  0.000000,  0.000000,  0.000000,  0.000000,  0.000000,  0.000000,  0.000000,  0.000000,  0.000000,  0.000000,  0.000000,  0.000000,  0.000000,  0.000000,  0.000000,  0.000000,  0.000000,  0.000000,  0.000000,  0.000000,  0.000000,  0.000000,  0.000000,  0.000000,  0.000000,  0.000000,  0.000000,  0.000000,  0.000000,  0.000000,  0.000000,  0.000000,  0.000000,  0.000000,  0.000000,  0.000000,  0.000000,  0.000000,  0.000000,  0.000000,  0.000000,  0.000000,  0.000000,  0.000000,  0.000000,  0.000000,  0.000000,  0.000000,  0.000000,  0.000000,  0.000000,  0.000000,  0.000000,  0.000000,  0.000000,  0.000000,  0.000000,  0.000000,  0.000000,  0.000000,  0.000000,  0.000000,  0.000000,  0.000000,  0.000000,  0.000000,  0.000000,  0.000000,  0.000000,  0.000000,  0.000000,  0.000000,  0.000000,  0.000000,  0.000000 ]
checksum = 1.000000
Repeated 8 time
f3=0.393928 a3=0.606072
f4=0.191898 a4=0.414173
f5=0.109849 a5=0.304325
f6=0.069637 a6=0.234687
f7=0.047367 a7=0.187320
f8=0.033923 a8=0.153397
f9=0.025271 a9=0.128127
f10=0.019419 a10=0.108708
f11=0.015302 a11=0.093406
f12=0.012310 a12=0.081096
f13=0.010078 a13=0.071018
f14=0.008373 a14=0.062645
f15=0.007047 a15=0.055598
f16=0.005997 a16=0.049601
f17=0.005153 a17=0.044448
f18=0.004467 a18=0.039981
f19=0.003902 a19=0.036078
f20=0.003433 a20=0.032645
f21=0.003039 a21=0.029607
f22=0.002705 a22=0.026902
f23=0.002420 a23=0.024481
f24=0.002176 a24=0.022305
f25=0.001965 a25=0.020340
f26=0.001782 a26=0.018559
f27=0.001621 a27=0.016938
f28=0.001480 a28=0.015457
f29=0.001356 a29=0.014101
f30=0.001246 a30=0.012856
f31=0.001148 a31=0.011708
f32=0.001060 a32=0.010648
f33=0.000982 a33=0.009666
f34=0.000911 a34=0.008755
f35=0.000847 a35=0.007908
f36=0.000790 a36=0.007118
f37=0.000737 a37=0.006381
f38=0.000690 a38=0.005691
f39=0.000646 a39=0.005045
f40=0.000607 a40=0.004438
f41=0.000571 a41=0.003867
f42=0.000537 a42=0.003330
f43=0.000506 a43=0.002824
f44=0.000478 a44=0.002345
f45=0.000452 a45=0.001893
f46=0.000428 a46=0.001465
f47=0.000405 a47=0.001060
f48=0.000385 a48=0.000675
f49=0.000365 a49=0.000310
f50=0.000310
[ 0.393928,  0.191898,  0.109849,  0.069637,  0.047367,  0.033923,  0.025271,  0.019419,  0.015302,  0.012310,  0.010078,  0.008373,  0.007047,  0.005997,  0.005153,  0.004467,  0.003902,  0.003433,  0.003039,  0.002705,  0.002420,  0.002176,  0.001965,  0.001782,  0.001621,  0.001480,  0.001356,  0.001246,  0.001148,  0.001060,  0.000982,  0.000911,  0.000847,  0.000790,  0.000737,  0.000690,  0.000646,  0.000607,  0.000571,  0.000537,  0.000506,  0.000478,  0.000452,  0.000428,  0.000405,  0.000385,  0.000365, 0.000310]
0.000310 == 0.000310

total 91728 nodes
[ 0.000022,  0.001930,  0.395931,  0.190291,  0.111286,  0.067711,  0.044599,  0.036663,  0.018838,  0.023537,  0.014478,  0.015066,  0.006628,  0.010945,  0.007577,  0.002431,  0.006367,  0.005167,  0.004513,  0.003565,  0.003652,  0.002453,  0.003031,  0.000807,  0.001777,  0.003053,  0.001864,  0.001014,  0.000458,  0.002213,  0.001068,  0.000273,  0.001221,  0.001003,  0.000839,  0.001297,  0.000425,  0.000327,  0.000687,  0.000981,  0.000044,  0.001101,  0.000632,  0.000458,  0.000294,  0.000174,  0.000392,  0.000469,  0.000447,  0.000000,  0.000000,  0.000000,  0.000000,  0.000000,  0.000000,  0.000000,  0.000000,  0.000000,  0.000000,  0.000000,  0.000000,  0.000000,  0.000000,  0.000000,  0.000000,  0.000000,  0.000000,  0.000000,  0.000000,  0.000000,  0.000000,  0.000000,  0.000000,  0.000000,  0.000000,  0.000000,  0.000000,  0.000000,  0.000000,  0.000000,  0.000000,  0.000000,  0.000000,  0.000000,  0.000000,  0.000000,  0.000000,  0.000000,  0.000000,  0.000000,  0.000000,  0.000000,  0.000000,  0.000000,  0.000000,  0.000000,  0.000000,  0.000000,  0.000000,  0.000000,  0.000000,  0.000000,  0.000000,  0.000000,  0.000000,  0.000000,  0.000000,  0.000000,  0.000000,  0.000000,  0.000000,  0.000000,  0.000000,  0.000000,  0.000000,  0.000000,  0.000000,  0.000000,  0.000000,  0.000000,  0.000000,  0.000000,  0.000000,  0.000000,  0.000000,  0.000000,  0.000000,  0.000000,  0.000000,  0.000000,  0.000000,  0.000000,  0.000000,  0.000000,  0.000000,  0.000000,  0.000000,  0.000000,  0.000000,  0.000000,  0.000000,  0.000000,  0.000000,  0.000000,  0.000000,  0.000000,  0.000000,  0.000000,  0.000000,  0.000000,  0.000000,  0.000000,  0.000000,  0.000000,  0.000000,  0.000000,  0.000000,  0.000000,  0.000000,  0.000000,  0.000000,  0.000000,  0.000000,  0.000000,  0.000000,  0.000000,  0.000000,  0.000000,  0.000000,  0.000000,  0.000000,  0.000000,  0.000000,  0.000000,  0.000000,  0.000000,  0.000000,  0.000000,  0.000000,  0.000000,  0.000000,  0.000000,  0.000000,  0.000000,  0.000000,  0.000000,  0.000000,  0.000000,  0.000000,  0.000000,  0.000000,  0.000000,  0.000000,  0.000000,  0.000000,  0.000000,  0.000000,  0.000000,  0.000000,  0.000000,  0.000000,  0.000000,  0.000000,  0.000000,  0.000000,  0.000000,  0.000000,  0.000000,  0.000000,  0.000000,  0.000000,  0.000000,  0.000000,  0.000000,  0.000000,  0.000000,  0.000000,  0.000000,  0.000000,  0.000000,  0.000000,  0.000000,  0.000000,  0.000000,  0.000000,  0.000000,  0.000000,  0.000000,  0.000000,  0.000000,  0.000000,  0.000000,  0.000000,  0.000000,  0.000000,  0.000000,  0.000000,  0.000000,  0.000000,  0.000000,  0.000000,  0.000000,  0.000000,  0.000000,  0.000000,  0.000000,  0.000000,  0.000000,  0.000000,  0.000000,  0.000000,  0.000000,  0.000000,  0.000000,  0.000000,  0.000000,  0.000000,  0.000000,  0.000000,  0.000000,  0.000000,  0.000000,  0.000000,  0.000000,  0.000000,  0.000000,  0.000000,  0.000000,  0.000000,  0.000000,  0.000000,  0.000000,  0.000000,  0.000000,  0.000000,  0.000000,  0.000000,  0.000000,  0.000000,  0.000000,  0.000000,  0.000000,  0.000000,  0.000000,  0.000000,  0.000000,  0.000000,  0.000000,  0.000000,  0.000000,  0.000000,  0.000000,  0.000000,  0.000000,  0.000000,  0.000000,  0.000000,  0.000000,  0.000000,  0.000000,  0.000000,  0.000000,  0.000000,  0.000000,  0.000000,  0.000000,  0.000000,  0.000000,  0.000000,  0.000000,  0.000000,  0.000000,  0.000000,  0.000000,  0.000000,  0.000000,  0.000000,  0.000000,  0.000000,  0.000000,  0.000000,  0.000000,  0.000000,  0.000000,  0.000000,  0.000000,  0.000000,  0.000000,  0.000000,  0.000000,  0.000000,  0.000000,  0.000000,  0.000000,  0.000000,  0.000000,  0.000000,  0.000000,  0.000000,  0.000000,  0.000000,  0.000000,  0.000000,  0.000000,  0.000000,  0.000000,  0.000000,  0.000000,  0.000000,  0.000000,  0.000000,  0.000000,  0.000000,  0.000000,  0.000000,  0.000000,  0.000000,  0.000000,  0.000000,  0.000000,  0.000000,  0.000000,  0.000000,  0.000000,  0.000000,  0.000000,  0.000000,  0.000000,  0.000000,  0.000000,  0.000000,  0.000000,  0.000000,  0.000000,  0.000000,  0.000000,  0.000000,  0.000000,  0.000000,  0.000000,  0.000000,  0.000000,  0.000000,  0.000000,  0.000000,  0.000000,  0.000000,  0.000000,  0.000000,  0.000000,  0.000000,  0.000000,  0.000000,  0.000000,  0.000000,  0.000000,  0.000000,  0.000000,  0.000000,  0.000000,  0.000000,  0.000000,  0.000000,  0.000000,  0.000000,  0.000000,  0.000000,  0.000000,  0.000000,  0.000000,  0.000000,  0.000000,  0.000000,  0.000000,  0.000000,  0.000000,  0.000000,  0.000000,  0.000000,  0.000000,  0.000000,  0.000000,  0.000000,  0.000000,  0.000000,  0.000000,  0.000000,  0.000000,  0.000000,  0.000000,  0.000000,  0.000000,  0.000000,  0.000000,  0.000000,  0.000000,  0.000000,  0.000000,  0.000000,  0.000000,  0.000000,  0.000000,  0.000000,  0.000000,  0.000000,  0.000000,  0.000000,  0.000000,  0.000000,  0.000000,  0.000000,  0.000000,  0.000000,  0.000000,  0.000000,  0.000000,  0.000000,  0.000000,  0.000000,  0.000000,  0.000000,  0.000000,  0.000000,  0.000000,  0.000000,  0.000000,  0.000000,  0.000000,  0.000000,  0.000000,  0.000000,  0.000000,  0.000000,  0.000000,  0.000000,  0.000000,  0.000000,  0.000000,  0.000000,  0.000000,  0.000000,  0.000000,  0.000000,  0.000000,  0.000000,  0.000000,  0.000000,  0.000000,  0.000000,  0.000000,  0.000000,  0.000000,  0.000000,  0.000000,  0.000000,  0.000000,  0.000000,  0.000000,  0.000000,  0.000000 ]
checksum = 1.000000
Repeated 9 time
f3=0.393928 a3=0.606072
f4=0.191898 a4=0.414173
f5=0.109849 a5=0.304325
f6=0.069637 a6=0.234687
f7=0.047367 a7=0.187320
f8=0.033923 a8=0.153397
f9=0.025271 a9=0.128127
f10=0.019419 a10=0.108708
f11=0.015302 a11=0.093406
f12=0.012310 a12=0.081096
f13=0.010078 a13=0.071018
f14=0.008373 a14=0.062645
f15=0.007047 a15=0.055598
f16=0.005997 a16=0.049601
f17=0.005153 a17=0.044448
f18=0.004467 a18=0.039981
f19=0.003902 a19=0.036078
f20=0.003433 a20=0.032645
f21=0.003039 a21=0.029607
f22=0.002705 a22=0.026902
f23=0.002420 a23=0.024481
f24=0.002176 a24=0.022305
f25=0.001965 a25=0.020340
f26=0.001782 a26=0.018559
f27=0.001621 a27=0.016938
f28=0.001480 a28=0.015457
f29=0.001356 a29=0.014101
f30=0.001246 a30=0.012856
f31=0.001148 a31=0.011708
f32=0.001060 a32=0.010648
f33=0.000982 a33=0.009666
f34=0.000911 a34=0.008755
f35=0.000847 a35=0.007908
f36=0.000790 a36=0.007118
f37=0.000737 a37=0.006381
f38=0.000690 a38=0.005691
f39=0.000646 a39=0.005045
f40=0.000607 a40=0.004438
f41=0.000571 a41=0.003867
f42=0.000537 a42=0.003330
f43=0.000506 a43=0.002824
f44=0.000478 a44=0.002345
f45=0.000452 a45=0.001893
f46=0.000428 a46=0.001465
f47=0.000405 a47=0.001060
f48=0.000385 a48=0.000675
f49=0.000365 a49=0.000310
f50=0.000310
[ 0.393928,  0.191898,  0.109849,  0.069637,  0.047367,  0.033923,  0.025271,  0.019419,  0.015302,  0.012310,  0.010078,  0.008373,  0.007047,  0.005997,  0.005153,  0.004467,  0.003902,  0.003433,  0.003039,  0.002705,  0.002420,  0.002176,  0.001965,  0.001782,  0.001621,  0.001480,  0.001356,  0.001246,  0.001148,  0.001060,  0.000982,  0.000911,  0.000847,  0.000790,  0.000737,  0.000690,  0.000646,  0.000607,  0.000571,  0.000537,  0.000506,  0.000478,  0.000452,  0.000428,  0.000405,  0.000385,  0.000365, 0.000310]
0.000310 == 0.000310

total 92302 nodes
[ 0.000000,  0.001723,  0.393068,  0.188501,  0.115100,  0.071699,  0.041657,  0.029371,  0.028266,  0.022643,  0.015200,  0.012383,  0.011267,  0.007053,  0.003889,  0.009599,  0.004182,  0.003608,  0.004561,  0.004377,  0.002990,  0.002784,  0.000585,  0.003944,  0.002654,  0.000975,  0.001983,  0.001430,  0.001549,  0.000401,  0.000563,  0.001452,  0.000607,  0.001473,  0.000260,  0.000921,  0.001387,  0.000466,  0.000628,  0.001224,  0.000173,  0.000368,  0.000282,  0.000715,  0.000173,  0.000585,  0.000228,  0.000433,  0.000607,  0.000011,  0.000000,  0.000000,  0.000000,  0.000000,  0.000000,  0.000000,  0.000000,  0.000000,  0.000000,  0.000000,  0.000000,  0.000000,  0.000000,  0.000000,  0.000000,  0.000000,  0.000000,  0.000000,  0.000000,  0.000000,  0.000000,  0.000000,  0.000000,  0.000000,  0.000000,  0.000000,  0.000000,  0.000000,  0.000000,  0.000000,  0.000000,  0.000000,  0.000000,  0.000000,  0.000000,  0.000000,  0.000000,  0.000000,  0.000000,  0.000000,  0.000000,  0.000000,  0.000000,  0.000000,  0.000000,  0.000000,  0.000000,  0.000000,  0.000000,  0.000000,  0.000000,  0.000000,  0.000000,  0.000000,  0.000000,  0.000000,  0.000000,  0.000000,  0.000000,  0.000000,  0.000000,  0.000000,  0.000000,  0.000000,  0.000000,  0.000000,  0.000000,  0.000000,  0.000000,  0.000000,  0.000000,  0.000000,  0.000000,  0.000000,  0.000000,  0.000000,  0.000000,  0.000000,  0.000000,  0.000000,  0.000000,  0.000000,  0.000000,  0.000000,  0.000000,  0.000000,  0.000000,  0.000000,  0.000000,  0.000000,  0.000000,  0.000000,  0.000000,  0.000000,  0.000000,  0.000000,  0.000000,  0.000000,  0.000000,  0.000000,  0.000000,  0.000000,  0.000000,  0.000000,  0.000000,  0.000000,  0.000000,  0.000000,  0.000000,  0.000000,  0.000000,  0.000000,  0.000000,  0.000000,  0.000000,  0.000000,  0.000000,  0.000000,  0.000000,  0.000000,  0.000000,  0.000000,  0.000000,  0.000000,  0.000000,  0.000000,  0.000000,  0.000000,  0.000000,  0.000000,  0.000000,  0.000000,  0.000000,  0.000000,  0.000000,  0.000000,  0.000000,  0.000000,  0.000000,  0.000000,  0.000000,  0.000000,  0.000000,  0.000000,  0.000000,  0.000000,  0.000000,  0.000000,  0.000000,  0.000000,  0.000000,  0.000000,  0.000000,  0.000000,  0.000000,  0.000000,  0.000000,  0.000000,  0.000000,  0.000000,  0.000000,  0.000000,  0.000000,  0.000000,  0.000000,  0.000000,  0.000000,  0.000000,  0.000000,  0.000000,  0.000000,  0.000000,  0.000000,  0.000000,  0.000000,  0.000000,  0.000000,  0.000000,  0.000000,  0.000000,  0.000000,  0.000000,  0.000000,  0.000000,  0.000000,  0.000000,  0.000000,  0.000000,  0.000000,  0.000000,  0.000000,  0.000000,  0.000000,  0.000000,  0.000000,  0.000000,  0.000000,  0.000000,  0.000000,  0.000000,  0.000000,  0.000000,  0.000000,  0.000000,  0.000000,  0.000000,  0.000000,  0.000000,  0.000000,  0.000000,  0.000000,  0.000000,  0.000000,  0.000000,  0.000000,  0.000000,  0.000000,  0.000000,  0.000000,  0.000000,  0.000000,  0.000000,  0.000000,  0.000000,  0.000000,  0.000000,  0.000000,  0.000000,  0.000000,  0.000000,  0.000000,  0.000000,  0.000000,  0.000000,  0.000000,  0.000000,  0.000000,  0.000000,  0.000000,  0.000000,  0.000000,  0.000000,  0.000000,  0.000000,  0.000000,  0.000000,  0.000000,  0.000000,  0.000000,  0.000000,  0.000000,  0.000000,  0.000000,  0.000000,  0.000000,  0.000000,  0.000000,  0.000000,  0.000000,  0.000000,  0.000000,  0.000000,  0.000000,  0.000000,  0.000000,  0.000000,  0.000000,  0.000000,  0.000000,  0.000000,  0.000000,  0.000000,  0.000000,  0.000000,  0.000000,  0.000000,  0.000000,  0.000000,  0.000000,  0.000000,  0.000000,  0.000000,  0.000000,  0.000000,  0.000000,  0.000000,  0.000000,  0.000000,  0.000000,  0.000000,  0.000000,  0.000000,  0.000000,  0.000000,  0.000000,  0.000000,  0.000000,  0.000000,  0.000000,  0.000000,  0.000000,  0.000000,  0.000000,  0.000000,  0.000000,  0.000000,  0.000000,  0.000000,  0.000000,  0.000000,  0.000000,  0.000000,  0.000000,  0.000000,  0.000000,  0.000000,  0.000000,  0.000000,  0.000000,  0.000000,  0.000000,  0.000000,  0.000000,  0.000000,  0.000000,  0.000000,  0.000000,  0.000000,  0.000000,  0.000000,  0.000000,  0.000000,  0.000000,  0.000000,  0.000000,  0.000000,  0.000000,  0.000000,  0.000000,  0.000000,  0.000000,  0.000000,  0.000000,  0.000000,  0.000000,  0.000000,  0.000000,  0.000000,  0.000000,  0.000000,  0.000000,  0.000000,  0.000000,  0.000000,  0.000000,  0.000000,  0.000000,  0.000000,  0.000000,  0.000000,  0.000000,  0.000000,  0.000000,  0.000000,  0.000000,  0.000000,  0.000000,  0.000000,  0.000000,  0.000000,  0.000000,  0.000000,  0.000000,  0.000000,  0.000000,  0.000000,  0.000000,  0.000000,  0.000000,  0.000000,  0.000000,  0.000000,  0.000000,  0.000000,  0.000000,  0.000000,  0.000000,  0.000000,  0.000000,  0.000000,  0.000000,  0.000000,  0.000000,  0.000000,  0.000000,  0.000000,  0.000000,  0.000000,  0.000000,  0.000000,  0.000000,  0.000000,  0.000000,  0.000000,  0.000000,  0.000000,  0.000000,  0.000000,  0.000000,  0.000000,  0.000000,  0.000000,  0.000000,  0.000000,  0.000000,  0.000000,  0.000000,  0.000000,  0.000000,  0.000000,  0.000000,  0.000000,  0.000000,  0.000000,  0.000000,  0.000000,  0.000000,  0.000000,  0.000000,  0.000000,  0.000000,  0.000000,  0.000000,  0.000000,  0.000000,  0.000000,  0.000000,  0.000000,  0.000000,  0.000000,  0.000000,  0.000000,  0.000000,  0.000000,  0.000000,  0.000000,  0.000000,  0.000000,  0.000000,  0.000000 ]
checksum = 1.000000
====================
[ 0.000000,  0.000014,  0.001512,  0.393397,  0.191689,  0.109326,  0.070839,  0.044782,  0.034133,  0.024793,  0.020668,  0.016509,  0.011995,  0.009706,  0.008924,  0.005663,  0.006438,  0.004741,  0.004980,  0.004165,  0.003526,  0.002653,  0.002309,  0.002895,  0.002552,  0.001390,  0.002149,  0.001621,  0.001635,  0.001471,  0.001102,  0.000851,  0.001037,  0.001061,  0.000896,  0.000866,  0.000984,  0.000749,  0.000582,  0.000578,  0.000623,  0.000634,  0.000480,  0.000416,  0.000457,  0.000475,  0.000348,  0.000341,  0.000479,  0.000559,  0.000007,  0.000000,  0.000000,  0.000000,  0.000000,  0.000000,  0.000000,  0.000000,  0.000000,  0.000000,  0.000000,  0.000000,  0.000000,  0.000000,  0.000000,  0.000000,  0.000000,  0.000000,  0.000000,  0.000000,  0.000000,  0.000000,  0.000000,  0.000000,  0.000000,  0.000000,  0.000000,  0.000000,  0.000000,  0.000000,  0.000000,  0.000000,  0.000000,  0.000000,  0.000000,  0.000000,  0.000000,  0.000000,  0.000000,  0.000000,  0.000000,  0.000000,  0.000000,  0.000000,  0.000000,  0.000000,  0.000000,  0.000000,  0.000000,  0.000000,  0.000000 ]
f3=0.393928 a3=0.606072
f4=0.191898 a4=0.414173
f5=0.109849 a5=0.304325
f6=0.069637 a6=0.234687
f7=0.047367 a7=0.187320
f8=0.033923 a8=0.153397
f9=0.025271 a9=0.128127
f10=0.019419 a10=0.108708
f11=0.015302 a11=0.093406
f12=0.012310 a12=0.081096
f13=0.010078 a13=0.071018
f14=0.008373 a14=0.062645
f15=0.007047 a15=0.055598
f16=0.005997 a16=0.049601
f17=0.005153 a17=0.044448
f18=0.004467 a18=0.039981
f19=0.003902 a19=0.036078
f20=0.003433 a20=0.032645
f21=0.003039 a21=0.029607
f22=0.002705 a22=0.026902
f23=0.002420 a23=0.024481
f24=0.002176 a24=0.022305
f25=0.001965 a25=0.020340
f26=0.001782 a26=0.018559
f27=0.001621 a27=0.016938
f28=0.001480 a28=0.015457
f29=0.001356 a29=0.014101
f30=0.001246 a30=0.012856
f31=0.001148 a31=0.011708
f32=0.001060 a32=0.010648
f33=0.000982 a33=0.009666
f34=0.000911 a34=0.008755
f35=0.000847 a35=0.007908
f36=0.000790 a36=0.007118
f37=0.000737 a37=0.006381
f38=0.000690 a38=0.005691
f39=0.000646 a39=0.005045
f40=0.000607 a40=0.004438
f41=0.000571 a41=0.003867
f42=0.000537 a42=0.003330
f43=0.000506 a43=0.002824
f44=0.000478 a44=0.002345
f45=0.000452 a45=0.001893
f46=0.000428 a46=0.001465
f47=0.000405 a47=0.001060
f48=0.000385 a48=0.000675
f49=0.000365 a49=0.000310
f50=0.000310
[ 0.393928,  0.191898,  0.109849,  0.069637,  0.047367,  0.033923,  0.025271,  0.019419,  0.015302,  0.012310,  0.010078,  0.008373,  0.007047,  0.005997,  0.005153,  0.004467,  0.003902,  0.003433,  0.003039,  0.002705,  0.002420,  0.002176,  0.001965,  0.001782,  0.001621,  0.001480,  0.001356,  0.001246,  0.001148,  0.001060,  0.000982,  0.000911,  0.000847,  0.000790,  0.000737,  0.000690,  0.000646,  0.000607,  0.000571,  0.000537,  0.000506,  0.000478,  0.000452,  0.000428,  0.000405,  0.000385,  0.000365, 0.000310]
0.000310 == 0.000310
