Repeated 0 time
f2=0.497536 a2=0.502464
f3=0.166486 a3=0.335978
f4=0.076567 a4=0.259410
f5=0.041917 a5=0.217493
f6=0.025621 a6=0.191872
f7=0.016898 a7=0.174974
f8=0.011783 a8=0.163191
f9=0.008573 a9=0.154618
f10=0.154618
[ 0.497536,  0.166486,  0.076567,  0.041917,  0.025621,  0.016898,  0.011783,  0.008573, 0.154618]
0.154618 == 0.154618

total 92154 nodes
[ 0.000195,  0.495280,  0.167415,  0.085715,  0.032001,  0.024795,  0.018979,  0.014476,  0.010461,  0.150683,  0.000000,  0.000000,  0.000000,  0.000000,  0.000000,  0.000000,  0.000000,  0.000000,  0.000000,  0.000000,  0.000000,  0.000000,  0.000000,  0.000000,  0.000000,  0.000000,  0.000000,  0.000000,  0.000000,  0.000000,  0.000000,  0.000000,  0.000000,  0.000000,  0.000000,  0.000000,  0.000000,  0.000000,  0.000000,  0.000000,  0.000000,  0.000000,  0.000000,  0.000000,  0.000000,  0.000000,  0.000000,  0.000000,  0.000000,  0.000000,  0.000000,  0.000000,  0.000000,  0.000000,  0.000000,  0.000000,  0.000000,  0.000000,  0.000000,  0.000000,  0.000000,  0.000000,  0.000000,  0.000000,  0.000000,  0.000000,  0.000000,  0.000000,  0.000000,  0.000000,  0.000000,  0.000000,  0.000000,  0.000000,  0.000000,  0.000000,  0.000000,  0.000000,  0.000000,  0.000000,  0.000000,  0.000000,  0.000000,  0.000000,  0.000000,  0.000000,  0.000000,  0.000000,  0.000000,  0.000000,  0.000000,  0.000000,  0.000000,  0.000000,  0.000000,  0.000000,  0.000000,  0.000000,  0.000000,  0.000000 ]
checksum = 1.000000
Repeated 1 time
f2=0.497536 a2=0.502464
f3=0.166486 a3=0.335978
f4=0.076567 a4=0.259410
f5=0.041917 a5=0.217493
f6=0.025621 a6=0.191872
f7=0.016898 a7=0.174974
f8=0.011783 a8=0.163191
f9=0.008573 a9=0.154618
f10=0.154618
[ 0.497536,  0.166486,  0.076567,  0.041917,  0.025621,  0.016898,  0.011783,  0.008573, 0.154618]
0.154618 == 0.154618

total 91476 nodes
[ 0.000142,  0.498721,  0.167924,  0.075484,  0.031855,  0.038032,  0.012900,  0.012779,  0.009292,  0.152871,  0.000000,  0.000000,  0.000000,  0.000000,  0.000000,  0.000000,  0.000000,  0.000000,  0.000000,  0.000000,  0.000000,  0.000000,  0.000000,  0.000000,  0.000000,  0.000000,  0.000000,  0.000000,  0.000000,  0.000000,  0.000000,  0.000000,  0.000000,  0.000000,  0.000000,  0.000000,  0.000000,  0.000000,  0.000000,  0.000000,  0.000000,  0.000000,  0.000000,  0.000000,  0.000000,  0.000000,  0.000000,  0.000000,  0.000000,  0.000000,  0.000000,  0.000000,  0.000000,  0.000000,  0.000000,  0.000000,  0.000000,  0.000000,  0.000000,  0.000000,  0.000000,  0.000000,  0.000000,  0.000000,  0.000000,  0.000000,  0.000000,  0.000000,  0.000000,  0.000000,  0.000000,  0.000000,  0.000000,  0.000000,  0.000000,  0.000000,  0.000000,  0.000000,  0.000000,  0.000000,  0.000000,  0.000000,  0.000000,  0.000000,  0.000000,  0.000000,  0.000000,  0.000000,  0.000000,  0.000000,  0.000000,  0.000000,  0.000000,  0.000000,  0.000000,  0.000000,  0.000000,  0.000000,  0.000000,  0.000000 ]
checksum = 1.000000
Repeated 2 time
f2=0.497536 a2=0.502464
f3=0.166486 a3=0.335978
f4=0.076567 a4=0.259410
f5=0.041917 a5=0.217493
f6=0.025621 a6=0.191872
f7=0.016898 a7=0.174974
f8=0.011783 a8=0.163191
f9=0.008573 a9=0.154618
f10=0.154618
[ 0.497536,  0.166486,  0.076567,  0.041917,  0.025621,  0.016898,  0.011783,  0.008573, 0.154618]
0.154618 == 0.154618

total 92178 nodes
[ 0.000054,  0.495444,  0.170236,  0.069724,  0.046551,  0.029280,  0.011261,  0.015611,  0.010415,  0.151424,  0.000000,  0.000000,  0.000000,  0.000000,  0.000000,  0.000000,  0.000000,  0.000000,  0.000000,  0.000000,  0.000000,  0.000000,  0.000000,  0.000000,  0.000000,  0.000000,  0.000000,  0.000000,  0.000000,  0.000000,  0.000000,  0.000000,  0.000000,  0.000000,  0.000000,  0.000000,  0.000000,  0.000000,  0.000000,  0.000000,  0.000000,  0.000000,  0.000000,  0.000000,  0.000000,  0.000000,  0.000000,  0.000000,  0.000000,  0.000000,  0.000000,  0.000000,  0.000000,  0.000000,  0.000000,  0.000000,  0.000000,  0.000000,  0.000000,  0.000000,  0.000000,  0.000000,  0.000000,  0.000000,  0.000000,  0.000000,  0.000000,  0.000000,  0.000000,  0.000000,  0.000000,  0.000000,  0.000000,  0.000000,  0.000000,  0.000000,  0.000000,  0.000000,  0.000000,  0.000000,  0.000000,  0.000000,  0.000000,  0.000000,  0.000000,  0.000000,  0.000000,  0.000000,  0.000000,  0.000000,  0.000000,  0.000000,  0.000000,  0.000000,  0.000000,  0.000000,  0.000000,  0.000000,  0.000000,  0.000000 ]
checksum = 1.000000
Repeated 3 time
f2=0.497536 a2=0.502464
f3=0.166486 a3=0.335978
f4=0.076567 a4=0.259410
f5=0.041917 a5=0.217493
f6=0.025621 a6=0.191872
f7=0.016898 a7=0.174974
f8=0.011783 a8=0.163191
f9=0.008573 a9=0.154618
f10=0.154618
[ 0.497536,  0.166486,  0.076567,  0.041917,  0.025621,  0.016898,  0.011783,  0.008573, 0.154618]
0.154618 == 0.154618

total 91706 nodes
[ 0.000044,  0.490862,  0.172399,  0.071784,  0.052875,  0.020926,  0.015866,  0.014132,  0.008985,  0.152127,  0.000000,  0.000000,  0.000000,  0.000000,  0.000000,  0.000000,  0.000000,  0.000000,  0.000000,  0.000000,  0.000000,  0.000000,  0.000000,  0.000000,  0.000000,  0.000000,  0.000000,  0.000000,  0.000000,  0.000000,  0.000000,  0.000000,  0.000000,  0.000000,  0.000000,  0.000000,  0.000000,  0.000000,  0.000000,  0.000000,  0.000000,  0.000000,  0.000000,  0.000000,  0.000000,  0.000000,  0.000000,  0.000000,  0.000000,  0.000000,  0.000000,  0.000000,  0.000000,  0.000000,  0.000000,  0.000000,  0.000000,  0.000000,  0.000000,  0.000000,  0.000000,  0.000000,  0.000000,  0.000000,  0.000000,  0.000000,  0.000000,  0.000000,  0.000000,  0.000000,  0.000000,  0.000000,  0.000000,  0.000000,  0.000000,  0.000000,  0.000000,  0.000000,  0.000000,  0.000000,  0.000000,  0.000000,  0.000000,  0.000000,  0.000000,  0.000000,  0.000000,  0.000000,  0.000000,  0.000000,  0.000000,  0.000000,  0.000000,  0.000000,  0.000000,  0.000000,  0.000000,  0.000000,  0.000000,  0.000000 ]
checksum = 1.000000
Repeated 4 time
f2=0.497536 a2=0.502464
f3=0.166486 a3=0.335978
f4=0.076567 a4=0.259410
f5=0.041917 a5=0.217493
f6=0.025621 a6=0.191872
f7=0.016898 a7=0.174974
f8=0.011783 a8=0.163191
f9=0.008573 a9=0.154618
f10=0.154618
[ 0.497536,  0.166486,  0.076567,  0.041917,  0.025621,  0.016898,  0.011783,  0.008573, 0.154618]
0.154618 == 0.154618

total 91268 nodes
[ 0.000066,  0.496680,  0.167824,  0.072588,  0.042425,  0.028005,  0.017794,  0.014134,  0.004744,  0.155739,  0.000000,  0.000000,  0.000000,  0.000000,  0.000000,  0.000000,  0.000000,  0.000000,  0.000000,  0.000000,  0.000000,  0.000000,  0.000000,  0.000000,  0.000000,  0.000000,  0.000000,  0.000000,  0.000000,  0.000000,  0.000000,  0.000000,  0.000000,  0.000000,  0.000000,  0.000000,  0.000000,  0.000000,  0.000000,  0.000000,  0.000000,  0.000000,  0.000000,  0.000000,  0.000000,  0.000000,  0.000000,  0.000000,  0.000000,  0.000000,  0.000000,  0.000000,  0.000000,  0.000000,  0.000000,  0.000000,  0.000000,  0.000000,  0.000000,  0.000000,  0.000000,  0.000000,  0.000000,  0.000000,  0.000000,  0.000000,  0.000000,  0.000000,  0.000000,  0.000000,  0.000000,  0.000000,  0.000000,  0.000000,  0.000000,  0.000000,  0.000000,  0.000000,  0.000000,  0.000000,  0.000000,  0.000000,  0.000000,  0.000000,  0.000000,  0.000000,  0.000000,  0.000000,  0.000000,  0.000000,  0.000000,  0.000000,  0.000000,  0.000000,  0.000000,  0.000000,  0.000000,  0.000000,  0.000000,  0.000000 ]
checksum = 1.000000
Repeated 5 time
f2=0.497536 a2=0.502464
f3=0.166486 a3=0.335978
f4=0.076567 a4=0.259410
f5=0.041917 a5=0.217493
f6=0.025621 a6=0.191872
f7=0.016898 a7=0.174974
f8=0.011783 a8=0.163191
f9=0.008573 a9=0.154618
f10=0.154618
[ 0.497536,  0.166486,  0.076567,  0.041917,  0.025621,  0.016898,  0.011783,  0.008573, 0.154618]
0.154618 == 0.154618

total 92104 nodes
[ 0.000152,  0.499674,  0.163305,  0.079910,  0.037479,  0.027447,  0.018566,  0.010564,  0.008371,  0.154532,  0.000000,  0.000000,  0.000000,  0.000000,  0.000000,  0.000000,  0.000000,  0.000000,  0.000000,  0.000000,  0.000000,  0.000000,  0.000000,  0.000000,  0.000000,  0.000000,  0.000000,  0.000000,  0.000000,  0.000000,  0.000000,  0.000000,  0.000000,  0.000000,  0.000000,  0.000000,  0.000000,  0.000000,  0.000000,  0.000000,  0.000000,  0.000000,  0.000000,  0.000000,  0.000000,  0.000000,  0.000000,  0.000000,  0.000000,  0.000000,  0.000000,  0.000000,  0.000000,  0.000000,  0.000000,  0.000000,  0.000000,  0.000000,  0.000000,  0.000000,  0.000000,  0.000000,  0.000000,  0.000000,  0.000000,  0.000000,  0.000000,  0.000000,  0.000000,  0.000000,  0.000000,  0.000000,  0.000000,  0.000000,  0.000000,  0.000000,  0.000000,  0.000000,  0.000000,  0.000000,  0.000000,  0.000000,  0.000000,  0.000000,  0.000000,  0.000000,  0.000000,  0.000000,  0.000000,  0.000000,  0.000000,  0.000000,  0.000000,  0.000000,  0.000000,  0.000000,  0.000000,  0.000000,  0.000000,  0.000000 ]
checksum = 1.000000
Repeated 6 time
f2=0.497536 a2=0.502464
f3=0.166486 a3=0.335978
f4=0.076567 a4=0.259410
f5=0.041917 a5=0.217493
f6=0.025621 a6=0.191872
f7=0.016898 a7=0.174974
f8=0.011783 a8=0.163191
f9=0.008573 a9=0.154618
f10=0.154618
[ 0.497536,  0.166486,  0.076567,  0.041917,  0.025621,  0.016898,  0.011783,  0.008573, 0.154618]
0.154618 == 0.154618

total 92200 nodes
[ 0.000043,  0.495846,  0.168319,  0.079382,  0.040380,  0.023720,  0.016952,  0.013308,  0.007299,  0.154751,  0.000000,  0.000000,  0.000000,  0.000000,  0.000000,  0.000000,  0.000000,  0.000000,  0.000000,  0.000000,  0.000000,  0.000000,  0.000000,  0.000000,  0.000000,  0.000000,  0.000000,  0.000000,  0.000000,  0.000000,  0.000000,  0.000000,  0.000000,  0.000000,  0.000000,  0.000000,  0.000000,  0.000000,  0.000000,  0.000000,  0.000000,  0.000000,  0.000000,  0.000000,  0.000000,  0.000000,  0.000000,  0.000000,  0.000000,  0.000000,  0.000000,  0.000000,  0.000000,  0.000000,  0.000000,  0.000000,  0.000000,  0.000000,  0.000000,  0.000000,  0.000000,  0.000000,  0.000000,  0.000000,  0.000000,  0.000000,  0.000000,  0.000000,  0.000000,  0.000000,  0.000000,  0.000000,  0.000000,  0.000000,  0.000000,  0.000000,  0.000000,  0.000000,  0.000000,  0.000000,  0.000000,  0.000000,  0.000000,  0.000000,  0.000000,  0.000000,  0.000000,  0.000000,  0.000000,  0.000000,  0.000000,  0.000000,  0.000000,  0.000000,  0.000000,  0.000000,  0.000000,  0.000000,  0.000000,  0.000000 ]
checksum = 1.000000
Repeated 7 time
f2=0.497536 a2=0.502464
f3=0.166486 a3=0.335978
f4=0.076567 a4=0.259410
f5=0.041917 a5=0.217493
f6=0.025621 a6=0.191872
f7=0.016898 a7=0.174974
f8=0.011783 a8=0.163191
f9=0.008573 a9=0.154618
f10=0.154618
[ 0.497536,  0.166486,  0.076567,  0.041917,  0.025621,  0.016898,  0.011783,  0.008573, 0.154618]
0.154618 == 0.154618

total 92208 nodes
[ 0.000087,  0.494447,  0.167545,  0.083539,  0.039649,  0.026776,  0.012830,  0.008958,  0.012385,  0.153783,  0.000000,  0.000000,  0.000000,  0.000000,  0.000000,  0.000000,  0.000000,  0.000000,  0.000000,  0.000000,  0.000000,  0.000000,  0.000000,  0.000000,  0.000000,  0.000000,  0.000000,  0.000000,  0.000000,  0.000000,  0.000000,  0.000000,  0.000000,  0.000000,  0.000000,  0.000000,  0.000000,  0.000000,  0.000000,  0.000000,  0.000000,  0.000000,  0.000000,  0.000000,  0.000000,  0.000000,  0.000000,  0.000000,  0.000000,  0.000000,  0.000000,  0.000000,  0.000000,  0.000000,  0.000000,  0.000000,  0.000000,  0.000000,  0.000000,  0.000000,  0.000000,  0.000000,  0.000000,  0.000000,  0.000000,  0.000000,  0.000000,  0.000000,  0.000000,  0.000000,  0.000000,  0.000000,  0.000000,  0.000000,  0.000000,  0.000000,  0.000000,  0.000000,  0.000000,  0.000000,  0.000000,  0.000000,  0.000000,  0.000000,  0.000000,  0.000000,  0.000000,  0.000000,  0.000000,  0.000000,  0.000000,  0.000000,  0.000000,  0.000000,  0.000000,  0.000000,  0.000000,  0.000000,  0.000000,  0.000000 ]
checksum = 1.000000
Repeated 8 time
f2=0.497536 a2=0.502464
f3=0.166486 a3=0.335978
f4=0.076567 a4=0.259410
f5=0.041917 a5=0.217493
f6=0.025621 a6=0.191872
f7=0.016898 a7=0.174974
f8=0.011783 a8=0.163191
f9=0.008573 a9=0.154618
f10=0.154618
[ 0.497536,  0.166486,  0.076567,  0.041917,  0.025621,  0.016898,  0.011783,  0.008573, 0.154618]
0.154618 == 0.154618

total 92302 nodes
[ 0.000033,  0.495060,  0.175186,  0.070107,  0.040812,  0.023867,  0.023835,  0.007703,  0.010314,  0.153084,  0.000000,  0.000000,  0.000000,  0.000000,  0.000000,  0.000000,  0.000000,  0.000000,  0.000000,  0.000000,  0.000000,  0.000000,  0.000000,  0.000000,  0.000000,  0.000000,  0.000000,  0.000000,  0.000000,  0.000000,  0.000000,  0.000000,  0.000000,  0.000000,  0.000000,  0.000000,  0.000000,  0.000000,  0.000000,  0.000000,  0.000000,  0.000000,  0.000000,  0.000000,  0.000000,  0.000000,  0.000000,  0.000000,  0.000000,  0.000000,  0.000000,  0.000000,  0.000000,  0.000000,  0.000000,  0.000000,  0.000000,  0.000000,  0.000000,  0.000000,  0.000000,  0.000000,  0.000000,  0.000000,  0.000000,  0.000000,  0.000000,  0.000000,  0.000000,  0.000000,  0.000000,  0.000000,  0.000000,  0.000000,  0.000000,  0.000000,  0.000000,  0.000000,  0.000000,  0.000000,  0.000000,  0.000000,  0.000000,  0.000000,  0.000000,  0.000000,  0.000000,  0.000000,  0.000000,  0.000000,  0.000000,  0.000000,  0.000000,  0.000000,  0.000000,  0.000000,  0.000000,  0.000000,  0.000000,  0.000000 ]
checksum = 1.000000
Repeated 9 time
f2=0.497536 a2=0.502464
f3=0.166486 a3=0.335978
f4=0.076567 a4=0.259410
f5=0.041917 a5=0.217493
f6=0.025621 a6=0.191872
f7=0.016898 a7=0.174974
f8=0.011783 a8=0.163191
f9=0.008573 a9=0.154618
f10=0.154618
[ 0.497536,  0.166486,  0.076567,  0.041917,  0.025621,  0.016898,  0.011783,  0.008573, 0.154618]
0.154618 == 0.154618

total 92412 nodes
[ 0.000065,  0.493789,  0.165931,  0.087478,  0.034433,  0.025083,  0.020354,  0.013256,  0.004231,  0.155380,  0.000000,  0.000000,  0.000000,  0.000000,  0.000000,  0.000000,  0.000000,  0.000000,  0.000000,  0.000000,  0.000000,  0.000000,  0.000000,  0.000000,  0.000000,  0.000000,  0.000000,  0.000000,  0.000000,  0.000000,  0.000000,  0.000000,  0.000000,  0.000000,  0.000000,  0.000000,  0.000000,  0.000000,  0.000000,  0.000000,  0.000000,  0.000000,  0.000000,  0.000000,  0.000000,  0.000000,  0.000000,  0.000000,  0.000000,  0.000000,  0.000000,  0.000000,  0.000000,  0.000000,  0.000000,  0.000000,  0.000000,  0.000000,  0.000000,  0.000000,  0.000000,  0.000000,  0.000000,  0.000000,  0.000000,  0.000000,  0.000000,  0.000000,  0.000000,  0.000000,  0.000000,  0.000000,  0.000000,  0.000000,  0.000000,  0.000000,  0.000000,  0.000000,  0.000000,  0.000000,  0.000000,  0.000000,  0.000000,  0.000000,  0.000000,  0.000000,  0.000000,  0.000000,  0.000000,  0.000000,  0.000000,  0.000000,  0.000000,  0.000000,  0.000000,  0.000000,  0.000000,  0.000000,  0.000000,  0.000000 ]
checksum = 1.000000
====================
[ 0.000000,  0.000088,  0.495580,  0.168608,  0.077571,  0.039846,  0.026793,  0.016934,  0.012492,  0.008650,  0.153437,  0.000000,  0.000000,  0.000000,  0.000000,  0.000000,  0.000000,  0.000000,  0.000000,  0.000000,  0.000000,  0.000000,  0.000000,  0.000000,  0.000000,  0.000000,  0.000000,  0.000000,  0.000000,  0.000000,  0.000000,  0.000000,  0.000000,  0.000000,  0.000000,  0.000000,  0.000000,  0.000000,  0.000000,  0.000000,  0.000000,  0.000000,  0.000000,  0.000000,  0.000000,  0.000000,  0.000000,  0.000000,  0.000000,  0.000000,  0.000000,  0.000000,  0.000000,  0.000000,  0.000000,  0.000000,  0.000000,  0.000000,  0.000000,  0.000000,  0.000000,  0.000000,  0.000000,  0.000000,  0.000000,  0.000000,  0.000000,  0.000000,  0.000000,  0.000000,  0.000000,  0.000000,  0.000000,  0.000000,  0.000000,  0.000000,  0.000000,  0.000000,  0.000000,  0.000000,  0.000000,  0.000000,  0.000000,  0.000000,  0.000000,  0.000000,  0.000000,  0.000000,  0.000000,  0.000000,  0.000000,  0.000000,  0.000000,  0.000000,  0.000000,  0.000000,  0.000000,  0.000000,  0.000000,  0.000000,  0.000000 ]
f2=0.497536 a2=0.502464
f3=0.166486 a3=0.335978
f4=0.076567 a4=0.259410
f5=0.041917 a5=0.217493
f6=0.025621 a6=0.191872
f7=0.016898 a7=0.174974
f8=0.011783 a8=0.163191
f9=0.008573 a9=0.154618
f10=0.154618
[ 0.497536,  0.166486,  0.076567,  0.041917,  0.025621,  0.016898,  0.011783,  0.008573, 0.154618]
0.154618 == 0.154618
