Repeated 0 time
f2=0.543049 a2=0.456951
f3=0.181716 a3=0.275235
f4=0.083571 a4=0.191663
f5=0.045751 a5=0.145912
f6=0.027965 a6=0.117948
f7=0.018444 a7=0.099504
f8=0.012861 a8=0.086643
f9=0.009358 a9=0.077285
f10=0.007041 a10=0.070244
f11=0.005443 a11=0.064801
f12=0.004304 a12=0.060497
f13=0.003467 a13=0.057030
f14=0.002838 a14=0.054192
f15=0.002356 a15=0.051836
f16=0.001979 a16=0.049856
f17=0.001680 a17=0.048176
f18=0.001440 a18=0.046736
f19=0.001244 a19=0.045492
f20=0.045492
[ 0.543049,  0.181716,  0.083571,  0.045751,  0.027965,  0.018444,  0.012861,  0.009358,  0.007041,  0.005443,  0.004304,  0.003467,  0.002838,  0.002356,  0.001979,  0.001680,  0.001440,  0.001244, 0.045492]
0.045492 == 0.045492

total 92531 nodes
[ 0.002302,  0.545795,  0.177076,  0.086274,  0.040592,  0.029439,  0.019993,  0.012861,  0.009078,  0.006787,  0.003696,  0.004442,  0.006117,  0.000616,  0.002669,  0.002691,  0.003242,  0.000875,  0.000573,  0.044882,  0.000000,  0.000000,  0.000000,  0.000000,  0.000000,  0.000000,  0.000000,  0.000000,  0.000000,  0.000000,  0.000000,  0.000000,  0.000000,  0.000000,  0.000000,  0.000000,  0.000000,  0.000000,  0.000000,  0.000000,  0.000000,  0.000000,  0.000000,  0.000000,  0.000000,  0.000000,  0.000000,  0.000000,  0.000000,  0.000000,  0.000000,  0.000000,  0.000000,  0.000000,  0.000000,  0.000000,  0.000000,  0.000000,  0.000000,  0.000000,  0.000000,  0.000000,  0.000000,  0.000000,  0.000000,  0.000000,  0.000000,  0.000000,  0.000000,  0.000000,  0.000000,  0.000000,  0.000000,  0.000000,  0.000000,  0.000000,  0.000000,  0.000000,  0.000000,  0.000000,  0.000000,  0.000000,  0.000000,  0.000000,  0.000000,  0.000000,  0.000000,  0.000000,  0.000000,  0.000000,  0.000000,  0.000000,  0.000000,  0.000000,  0.000000,  0.000000,  0.000000,  0.000000,  0.000000,  0.000000,  0.000000,  0.000000,  0.000000,  0.000000,  0.000000,  0.000000,  0.000000,  0.000000,  0.000000,  0.000000,  0.000000,  0.000000,  0.000000,  0.000000,  0.000000,  0.000000,  0.000000,  0.000000,  0.000000,  0.000000,  0.000000,  0.000000,  0.000000,  0.000000,  0.000000,  0.000000,  0.000000,  0.000000,  0.000000,  0.000000,  0.000000,  0.000000,  0.000000,  0.000000,  0.000000,  0.000000,  0.000000,  0.000000,  0.000000,  0.000000,  0.000000,  0.000000,  0.000000,  0.000000,  0.000000,  0.000000,  0.000000,  0.000000,  0.000000,  0.000000,  0.000000,  0.000000,  0.000000,  0.000000,  0.000000,  0.000000,  0.000000,  0.000000,  0.000000,  0.000000,  0.000000,  0.000000,  0.000000,  0.000000,  0.000000,  0.000000,  0.000000,  0.000000,  0.000000,  0.000000,  0.000000,  0.000000,  0.000000,  0.000000,  0.000000,  0.000000,  0.000000,  0.000000,  0.000000,  0.000000,  0.000000,  0.000000,  0.000000,  0.000000,  0.000000,  0.000000,  0.000000,  0.000000,  0.000000,  0.000000,  0.000000,  0.000000,  0.000000,  0.000000,  0.000000,  0.000000,  0.000000,  0.000000,  0.000000,  0.000000 ]
checksum = 1.000000
Repeated 1 time
f2=0.543049 a2=0.456951
f3=0.181716 a3=0.275235
f4=0.083571 a4=0.191663
f5=0.045751 a5=0.145912
f6=0.027965 a6=0.117948
f7=0.018444 a7=0.099504
f8=0.012861 a8=0.086643
f9=0.009358 a9=0.077285
f10=0.007041 a10=0.070244
f11=0.005443 a11=0.064801
f12=0.004304 a12=0.060497
f13=0.003467 a13=0.057030
f14=0.002838 a14=0.054192
f15=0.002356 a15=0.051836
f16=0.001979 a16=0.049856
f17=0.001680 a17=0.048176
f18=0.001440 a18=0.046736
f19=0.001244 a19=0.045492
f20=0.045492
[ 0.543049,  0.181716,  0.083571,  0.045751,  0.027965,  0.018444,  0.012861,  0.009358,  0.007041,  0.005443,  0.004304,  0.003467,  0.002838,  0.002356,  0.001979,  0.001680,  0.001440,  0.001244, 0.045492]
0.045492 == 0.045492

total 91810 nodes
[ 0.002059,  0.539277,  0.183411,  0.084054,  0.044625,  0.030334,  0.017101,  0.013768,  0.010239,  0.005762,  0.004400,  0.003736,  0.002429,  0.004117,  0.004629,  0.002168,  0.000501,  0.000959,  0.002015,  0.044418,  0.000000,  0.000000,  0.000000,  0.000000,  0.000000,  0.000000,  0.000000,  0.000000,  0.000000,  0.000000,  0.000000,  0.000000,  0.000000,  0.000000,  0.000000,  0.000000,  0.000000,  0.000000,  0.000000,  0.000000,  0.000000,  0.000000,  0.000000,  0.000000,  0.000000,  0.000000,  0.000000,  0.000000,  0.000000,  0.000000,  0.000000,  0.000000,  0.000000,  0.000000,  0.000000,  0.000000,  0.000000,  0.000000,  0.000000,  0.000000,  0.000000,  0.000000,  0.000000,  0.000000,  0.000000,  0.000000,  0.000000,  0.000000,  0.000000,  0.000000,  0.000000,  0.000000,  0.000000,  0.000000,  0.000000,  0.000000,  0.000000,  0.000000,  0.000000,  0.000000,  0.000000,  0.000000,  0.000000,  0.000000,  0.000000,  0.000000,  0.000000,  0.000000,  0.000000,  0.000000,  0.000000,  0.000000,  0.000000,  0.000000,  0.000000,  0.000000,  0.000000,  0.000000,  0.000000,  0.000000,  0.000000,  0.000000,  0.000000,  0.000000,  0.000000,  0.000000,  0.000000,  0.000000,  0.000000,  0.000000,  0.000000,  0.000000,  0.000000,  0.000000,  0.000000,  0.000000,  0.000000,  0.000000,  0.000000,  0.000000,  0.000000,  0.000000,  0.000000,  0.000000,  0.000000,  0.000000,  0.000000,  0.000000,  0.000000,  0.000000,  0.000000,  0.000000,  0.000000,  0.000000,  0.000000,  0.000000,  0.000000,  0.000000,  0.000000,  0.000000,  0.000000,  0.000000,  0.000000,  0.000000,  0.000000,  0.000000,  0.000000,  0.000000,  0.000000,  0.000000,  0.000000,  0.000000,  0.000000,  0.000000,  0.000000,  0.000000,  0.000000,  0.000000,  0.000000,  0.000000,  0.000000,  0.000000,  0.000000,  0.000000,  0.000000,  0.000000,  0.000000,  0.000000,  0.000000,  0.000000,  0.000000,  0.000000,  0.000000,  0.000000,  0.000000,  0.000000,  0.000000,  0.000000,  0.000000,  0.000000,  0.000000,  0.000000,  0.000000,  0.000000,  0.000000,  0.000000,  0.000000,  0.000000,  0.000000,  0.000000,  0.000000,  0.000000,  0.000000,  0.000000,  0.000000,  0.000000,  0.000000,  0.000000,  0.000000,  0.000000 ]
checksum = 1.000000
Repeated 2 time
f2=0.543049 a2=0.456951
f3=0.181716 a3=0.275235
f4=0.083571 a4=0.191663
f5=0.045751 a5=0.145912
f6=0.027965 a6=0.117948
f7=0.018444 a7=0.099504
f8=0.012861 a8=0.086643
f9=0.009358 a9=0.077285
f10=0.007041 a10=0.070244
f11=0.005443 a11=0.064801
f12=0.004304 a12=0.060497
f13=0.003467 a13=0.057030
f14=0.002838 a14=0.054192
f15=0.002356 a15=0.051836
f16=0.001979 a16=0.049856
f17=0.001680 a17=0.048176
f18=0.001440 a18=0.046736
f19=0.001244 a19=0.045492
f20=0.045492
[ 0.543049,  0.181716,  0.083571,  0.045751,  0.027965,  0.018444,  0.012861,  0.009358,  0.007041,  0.005443,  0.004304,  0.003467,  0.002838,  0.002356,  0.001979,  0.001680,  0.001440,  0.001244, 0.045492]
0.045492 == 0.045492

total 92128 nodes
[ 0.001693,  0.544145,  0.176928,  0.084426,  0.046848,  0.029871,  0.015196,  0.016455,  0.008076,  0.007186,  0.003929,  0.006100,  0.000380,  0.004146,  0.000326,  0.005807,  0.001444,  0.000608,  0.001172,  0.045263,  0.000000,  0.000000,  0.000000,  0.000000,  0.000000,  0.000000,  0.000000,  0.000000,  0.000000,  0.000000,  0.000000,  0.000000,  0.000000,  0.000000,  0.000000,  0.000000,  0.000000,  0.000000,  0.000000,  0.000000,  0.000000,  0.000000,  0.000000,  0.000000,  0.000000,  0.000000,  0.000000,  0.000000,  0.000000,  0.000000,  0.000000,  0.000000,  0.000000,  0.000000,  0.000000,  0.000000,  0.000000,  0.000000,  0.000000,  0.000000,  0.000000,  0.000000,  0.000000,  0.000000,  0.000000,  0.000000,  0.000000,  0.000000,  0.000000,  0.000000,  0.000000,  0.000000,  0.000000,  0.000000,  0.000000,  0.000000,  0.000000,  0.000000,  0.000000,  0.000000,  0.000000,  0.000000,  0.000000,  0.000000,  0.000000,  0.000000,  0.000000,  0.000000,  0.000000,  0.000000,  0.000000,  0.000000,  0.000000,  0.000000,  0.000000,  0.000000,  0.000000,  0.000000,  0.000000,  0.000000,  0.000000,  0.000000,  0.000000,  0.000000,  0.000000,  0.000000,  0.000000,  0.000000,  0.000000,  0.000000,  0.000000,  0.000000,  0.000000,  0.000000,  0.000000,  0.000000,  0.000000,  0.000000,  0.000000,  0.000000,  0.000000,  0.000000,  0.000000,  0.000000,  0.000000,  0.000000,  0.000000,  0.000000,  0.000000,  0.000000,  0.000000,  0.000000,  0.000000,  0.000000,  0.000000,  0.000000,  0.000000,  0.000000,  0.000000,  0.000000,  0.000000,  0.000000,  0.000000,  0.000000,  0.000000,  0.000000,  0.000000,  0.000000,  0.000000,  0.000000,  0.000000,  0.000000,  0.000000,  0.000000,  0.000000,  0.000000,  0.000000,  0.000000,  0.000000,  0.000000,  0.000000,  0.000000,  0.000000,  0.000000,  0.000000,  0.000000,  0.000000,  0.000000,  0.000000,  0.000000,  0.000000,  0.000000,  0.000000,  0.000000,  0.000000,  0.000000,  0.000000,  0.000000,  0.000000,  0.000000,  0.000000,  0.000000,  0.000000,  0.000000,  0.000000,  0.000000,  0.000000,  0.000000,  0.000000,  0.000000,  0.000000,  0.000000,  0.000000,  0.000000,  0.000000,  0.000000,  0.000000,  0.000000,  0.000000,  0.000000 ]
checksum = 1.000000
Repeated 3 time
f2=0.543049 a2=0.456951
f3=0.181716 a3=0.275235
f4=0.083571 a4=0.191663
f5=0.045751 a5=0.145912
f6=0.027965 a6=0.117948
f7=0.018444 a7=0.099504
f8=0.012861 a8=0.086643
f9=0.009358 a9=0.077285
f10=0.007041 a10=0.070244
f11=0.005443 a11=0.064801
f12=0.004304 a12=0.060497
f13=0.003467 a13=0.057030
f14=0.002838 a14=0.054192
f15=0.002356 a15=0.051836
f16=0.001979 a16=0.049856
f17=0.001680 a17=0.048176
f18=0.001440 a18=0.046736
f19=0.001244 a19=0.045492
f20=0.045492
[ 0.543049,  0.181716,  0.083571,  0.045751,  0.027965,  0.018444,  0.012861,  0.009358,  0.007041,  0.005443,  0.004304,  0.003467,  0.002838,  0.002356,  0.001979,  0.001680,  0.001440,  0.001244, 0.045492]
0.045492 == 0.045492

total 91594 nodes
[ 0.002053,  0.544457,  0.176027,  0.090530,  0.038933,  0.030155,  0.018396,  0.010983,  0.008658,  0.010732,  0.005590,  0.003297,  0.003341,  0.004378,  0.001266,  0.001310,  0.004160,  0.000055,  0.001943,  0.043736,  0.000000,  0.000000,  0.000000,  0.000000,  0.000000,  0.000000,  0.000000,  0.000000,  0.000000,  0.000000,  0.000000,  0.000000,  0.000000,  0.000000,  0.000000,  0.000000,  0.000000,  0.000000,  0.000000,  0.000000,  0.000000,  0.000000,  0.000000,  0.000000,  0.000000,  0.000000,  0.000000,  0.000000,  0.000000,  0.000000,  0.000000,  0.000000,  0.000000,  0.000000,  0.000000,  0.000000,  0.000000,  0.000000,  0.000000,  0.000000,  0.000000,  0.000000,  0.000000,  0.000000,  0.000000,  0.000000,  0.000000,  0.000000,  0.000000,  0.000000,  0.000000,  0.000000,  0.000000,  0.000000,  0.000000,  0.000000,  0.000000,  0.000000,  0.000000,  0.000000,  0.000000,  0.000000,  0.000000,  0.000000,  0.000000,  0.000000,  0.000000,  0.000000,  0.000000,  0.000000,  0.000000,  0.000000,  0.000000,  0.000000,  0.000000,  0.000000,  0.000000,  0.000000,  0.000000,  0.000000,  0.000000,  0.000000,  0.000000,  0.000000,  0.000000,  0.000000,  0.000000,  0.000000,  0.000000,  0.000000,  0.000000,  0.000000,  0.000000,  0.000000,  0.000000,  0.000000,  0.000000,  0.000000,  0.000000,  0.000000,  0.000000,  0.000000,  0.000000,  0.000000,  0.000000,  0.000000,  0.000000,  0.000000,  0.000000,  0.000000,  0.000000,  0.000000,  0.000000,  0.000000,  0.000000,  0.000000,  0.000000,  0.000000,  0.000000,  0.000000,  0.000000,  0.000000,  0.000000,  0.000000,  0.000000,  0.000000,  0.000000,  0.000000,  0.000000,  0.000000,  0.000000,  0.000000,  0.000000,  0.000000,  0.000000,  0.000000,  0.000000,  0.000000,  0.000000,  0.000000,  0.000000,  0.000000,  0.000000,  0.000000,  0.000000,  0.000000,  0.000000,  0.000000,  0.000000,  0.000000,  0.000000,  0.000000,  0.000000,  0.000000,  0.000000,  0.000000,  0.000000,  0.000000,  0.000000,  0.000000,  0.000000,  0.000000,  0.000000,  0.000000,  0.000000,  0.000000,  0.000000,  0.000000,  0.000000,  0.000000,  0.000000,  0.000000,  0.000000,  0.000000,  0.000000,  0.000000,  0.000000,  0.000000,  0.000000,  0.000000 ]
checksum = 1.000000
Repeated 4 time
f2=0.543049 a2=0.456951
f3=0.181716 a3=0.275235
f4=0.083571 a4=0.191663
f5=0.045751 a5=0.145912
f6=0.027965 a6=0.117948
f7=0.018444 a7=0.099504
f8=0.012861 a8=0.086643
f9=0.009358 a9=0.077285
f10=0.007041 a10=0.070244
f11=0.005443 a11=0.064801
f12=0.004304 a12=0.060497
f13=0.003467 a13=0.057030
f14=0.002838 a14=0.054192
f15=0.002356 a15=0.051836
f16=0.001979 a16=0.049856
f17=0.001680 a17=0.048176
f18=0.001440 a18=0.046736
f19=0.001244 a19=0.045492
f20=0.045492
[ 0.543049,  0.181716,  0.083571,  0.045751,  0.027965,  0.018444,  0.012861,  0.009358,  0.007041,  0.005443,  0.004304,  0.003467,  0.002838,  0.002356,  0.001979,  0.001680,  0.001440,  0.001244, 0.045492]
0.045492 == 0.045492

total 92421 nodes
[ 0.003008,  0.540007,  0.179407,  0.086366,  0.046418,  0.030534,  0.013211,  0.013990,  0.011696,  0.002424,  0.010539,  0.002391,  0.004988,  0.002077,  0.002716,  0.001536,  0.002543,  0.001547,  0.001839,  0.042761,  0.000000,  0.000000,  0.000000,  0.000000,  0.000000,  0.000000,  0.000000,  0.000000,  0.000000,  0.000000,  0.000000,  0.000000,  0.000000,  0.000000,  0.000000,  0.000000,  0.000000,  0.000000,  0.000000,  0.000000,  0.000000,  0.000000,  0.000000,  0.000000,  0.000000,  0.000000,  0.000000,  0.000000,  0.000000,  0.000000,  0.000000,  0.000000,  0.000000,  0.000000,  0.000000,  0.000000,  0.000000,  0.000000,  0.000000,  0.000000,  0.000000,  0.000000,  0.000000,  0.000000,  0.000000,  0.000000,  0.000000,  0.000000,  0.000000,  0.000000,  0.000000,  0.000000,  0.000000,  0.000000,  0.000000,  0.000000,  0.000000,  0.000000,  0.000000,  0.000000,  0.000000,  0.000000,  0.000000,  0.000000,  0.000000,  0.000000,  0.000000,  0.000000,  0.000000,  0.000000,  0.000000,  0.000000,  0.000000,  0.000000,  0.000000,  0.000000,  0.000000,  0.000000,  0.000000,  0.000000,  0.000000,  0.000000,  0.000000,  0.000000,  0.000000,  0.000000,  0.000000,  0.000000,  0.000000,  0.000000,  0.000000,  0.000000,  0.000000,  0.000000,  0.000000,  0.000000,  0.000000,  0.000000,  0.000000,  0.000000,  0.000000,  0.000000,  0.000000,  0.000000,  0.000000,  0.000000,  0.000000,  0.000000,  0.000000,  0.000000,  0.000000,  0.000000,  0.000000,  0.000000,  0.000000,  0.000000,  0.000000,  0.000000,  0.000000,  0.000000,  0.000000,  0.000000,  0.000000,  0.000000,  0.000000,  0.000000,  0.000000,  0.000000,  0.000000,  0.000000,  0.000000,  0.000000,  0.000000,  0.000000,  0.000000,  0.000000,  0.000000,  0.000000,  0.000000,  0.000000,  0.000000,  0.000000,  0.000000,  0.000000,  0.000000,  0.000000,  0.000000,  0.000000,  0.000000,  0.000000,  0.000000,  0.000000,  0.000000,  0.000000,  0.000000,  0.000000,  0.000000,  0.000000,  0.000000,  0.000000,  0.000000,  0.000000,  0.000000,  0.000000,  0.000000,  0.000000,  0.000000,  0.000000,  0.000000,  0.000000,  0.000000,  0.000000,  0.000000,  0.000000,  0.000000,  0.000000,  0.000000,  0.000000,  0.000000,  0.000000 ]
checksum = 1.000000
Repeated 5 time
f2=0.543049 a2=0.456951
f3=0.181716 a3=0.275235
f4=0.083571 a4=0.191663
f5=0.045751 a5=0.145912
f6=0.027965 a6=0.117948
f7=0.018444 a7=0.099504
f8=0.012861 a8=0.086643
f9=0.009358 a9=0.077285
f10=0.007041 a10=0.070244
f11=0.005443 a11=0.064801
f12=0.004304 a12=0.060497
f13=0.003467 a13=0.057030
f14=0.002838 a14=0.054192
f15=0.002356 a15=0.051836
f16=0.001979 a16=0.049856
f17=0.001680 a17=0.048176
f18=0.001440 a18=0.046736
f19=0.001244 a19=0.045492
f20=0.045492
[ 0.543049,  0.181716,  0.083571,  0.045751,  0.027965,  0.018444,  0.012861,  0.009358,  0.007041,  0.005443,  0.004304,  0.003467,  0.002838,  0.002356,  0.001979,  0.001680,  0.001440,  0.001244, 0.045492]
0.045492 == 0.045492

total 92580 nodes
[ 0.002420,  0.538432,  0.186358,  0.085105,  0.041013,  0.028570,  0.017563,  0.013588,  0.007853,  0.007021,  0.005152,  0.008458,  0.002744,  0.001167,  0.003489,  0.001599,  0.002571,  0.000259,  0.003208,  0.043433,  0.000000,  0.000000,  0.000000,  0.000000,  0.000000,  0.000000,  0.000000,  0.000000,  0.000000,  0.000000,  0.000000,  0.000000,  0.000000,  0.000000,  0.000000,  0.000000,  0.000000,  0.000000,  0.000000,  0.000000,  0.000000,  0.000000,  0.000000,  0.000000,  0.000000,  0.000000,  0.000000,  0.000000,  0.000000,  0.000000,  0.000000,  0.000000,  0.000000,  0.000000,  0.000000,  0.000000,  0.000000,  0.000000,  0.000000,  0.000000,  0.000000,  0.000000,  0.000000,  0.000000,  0.000000,  0.000000,  0.000000,  0.000000,  0.000000,  0.000000,  0.000000,  0.000000,  0.000000,  0.000000,  0.000000,  0.000000,  0.000000,  0.000000,  0.000000,  0.000000,  0.000000,  0.000000,  0.000000,  0.000000,  0.000000,  0.000000,  0.000000,  0.000000,  0.000000,  0.000000,  0.000000,  0.000000,  0.000000,  0.000000,  0.000000,  0.000000,  0.000000,  0.000000,  0.000000,  0.000000,  0.000000,  0.000000,  0.000000,  0.000000,  0.000000,  0.000000,  0.000000,  0.000000,  0.000000,  0.000000,  0.000000,  0.000000,  0.000000,  0.000000,  0.000000,  0.000000,  0.000000,  0.000000,  0.000000,  0.000000,  0.000000,  0.000000,  0.000000,  0.000000,  0.000000,  0.000000,  0.000000,  0.000000,  0.000000,  0.000000,  0.000000,  0.000000,  0.000000,  0.000000,  0.000000,  0.000000,  0.000000,  0.000000,  0.000000,  0.000000,  0.000000,  0.000000,  0.000000,  0.000000,  0.000000,  0.000000,  0.000000,  0.000000,  0.000000,  0.000000,  0.000000,  0.000000,  0.000000,  0.000000,  0.000000,  0.000000,  0.000000,  0.000000,  0.000000,  0.000000,  0.000000,  0.000000,  0.000000,  0.000000,  0.000000,  0.000000,  0.000000,  0.000000,  0.000000,  0.000000,  0.000000,  0.000000,  0.000000,  0.000000,  0.000000,  0.000000,  0.000000,  0.000000,  0.000000,  0.000000,  0.000000,  0.000000,  0.000000,  0.000000,  0.000000,  0.000000,  0.000000,  0.000000,  0.000000,  0.000000,  0.000000,  0.000000,  0.000000,  0.000000,  0.000000,  0.000000,  0.000000,  0.000000,  0.000000,  0.000000 ]
checksum = 1.000000
Repeated 6 time
f2=0.543049 a2=0.456951
f3=0.181716 a3=0.275235
f4=0.083571 a4=0.191663
f5=0.045751 a5=0.145912
f6=0.027965 a6=0.117948
f7=0.018444 a7=0.099504
f8=0.012861 a8=0.086643
f9=0.009358 a9=0.077285
f10=0.007041 a10=0.070244
f11=0.005443 a11=0.064801
f12=0.004304 a12=0.060497
f13=0.003467 a13=0.057030
f14=0.002838 a14=0.054192
f15=0.002356 a15=0.051836
f16=0.001979 a16=0.049856
f17=0.001680 a17=0.048176
f18=0.001440 a18=0.046736
f19=0.001244 a19=0.045492
f20=0.045492
[ 0.543049,  0.181716,  0.083571,  0.045751,  0.027965,  0.018444,  0.012861,  0.009358,  0.007041,  0.005443,  0.004304,  0.003467,  0.002838,  0.002356,  0.001979,  0.001680,  0.001440,  0.001244, 0.045492]
0.045492 == 0.045492

total 92082 nodes
[ 0.001944,  0.538726,  0.183880,  0.081112,  0.045764,  0.029311,  0.018853,  0.013227,  0.009828,  0.006244,  0.006396,  0.005408,  0.002085,  0.004398,  0.001119,  0.005028,  0.001108,  0.000152,  0.002020,  0.043396,  0.000000,  0.000000,  0.000000,  0.000000,  0.000000,  0.000000,  0.000000,  0.000000,  0.000000,  0.000000,  0.000000,  0.000000,  0.000000,  0.000000,  0.000000,  0.000000,  0.000000,  0.000000,  0.000000,  0.000000,  0.000000,  0.000000,  0.000000,  0.000000,  0.000000,  0.000000,  0.000000,  0.000000,  0.000000,  0.000000,  0.000000,  0.000000,  0.000000,  0.000000,  0.000000,  0.000000,  0.000000,  0.000000,  0.000000,  0.000000,  0.000000,  0.000000,  0.000000,  0.000000,  0.000000,  0.000000,  0.000000,  0.000000,  0.000000,  0.000000,  0.000000,  0.000000,  0.000000,  0.000000,  0.000000,  0.000000,  0.000000,  0.000000,  0.000000,  0.000000,  0.000000,  0.000000,  0.000000,  0.000000,  0.000000,  0.000000,  0.000000,  0.000000,  0.000000,  0.000000,  0.000000,  0.000000,  0.000000,  0.000000,  0.000000,  0.000000,  0.000000,  0.000000,  0.000000,  0.000000,  0.000000,  0.000000,  0.000000,  0.000000,  0.000000,  0.000000,  0.000000,  0.000000,  0.000000,  0.000000,  0.000000,  0.000000,  0.000000,  0.000000,  0.000000,  0.000000,  0.000000,  0.000000,  0.000000,  0.000000,  0.000000,  0.000000,  0.000000,  0.000000,  0.000000,  0.000000,  0.000000,  0.000000,  0.000000,  0.000000,  0.000000,  0.000000,  0.000000,  0.000000,  0.000000,  0.000000,  0.000000,  0.000000,  0.000000,  0.000000,  0.000000,  0.000000,  0.000000,  0.000000,  0.000000,  0.000000,  0.000000,  0.000000,  0.000000,  0.000000,  0.000000,  0.000000,  0.000000,  0.000000,  0.000000,  0.000000,  0.000000,  0.000000,  0.000000,  0.000000,  0.000000,  0.000000,  0.000000,  0.000000,  0.000000,  0.000000,  0.000000,  0.000000,  0.000000,  0.000000,  0.000000,  0.000000,  0.000000,  0.000000,  0.000000,  0.000000,  0.000000,  0.000000,  0.000000,  0.000000,  0.000000,  0.000000,  0.000000,  0.000000,  0.000000,  0.000000,  0.000000,  0.000000,  0.000000,  0.000000,  0.000000,  0.000000,  0.000000,  0.000000,  0.000000,  0.000000,  0.000000,  0.000000,  0.000000,  0.000000 ]
checksum = 1.000000
Repeated 7 time
f2=0.543049 a2=0.456951
f3=0.181716 a3=0.275235
f4=0.083571 a4=0.191663
f5=0.045751 a5=0.145912
f6=0.027965 a6=0.117948
f7=0.018444 a7=0.099504
f8=0.012861 a8=0.086643
f9=0.009358 a9=0.077285
f10=0.007041 a10=0.070244
f11=0.005443 a11=0.064801
f12=0.004304 a12=0.060497
f13=0.003467 a13=0.057030
f14=0.002838 a14=0.054192
f15=0.002356 a15=0.051836
f16=0.001979 a16=0.049856
f17=0.001680 a17=0.048176
f18=0.001440 a18=0.046736
f19=0.001244 a19=0.045492
f20=0.045492
[ 0.543049,  0.181716,  0.083571,  0.045751,  0.027965,  0.018444,  0.012861,  0.009358,  0.007041,  0.005443,  0.004304,  0.003467,  0.002838,  0.002356,  0.001979,  0.001680,  0.001440,  0.001244, 0.045492]
0.045492 == 0.045492

total 92101 nodes
[ 0.002454,  0.542882,  0.184363,  0.080488,  0.043648,  0.029066,  0.016601,  0.012964,  0.009631,  0.010098,  0.001661,  0.005917,  0.003692,  0.003442,  0.001249,  0.001944,  0.001477,  0.000423,  0.002997,  0.045005,  0.000000,  0.000000,  0.000000,  0.000000,  0.000000,  0.000000,  0.000000,  0.000000,  0.000000,  0.000000,  0.000000,  0.000000,  0.000000,  0.000000,  0.000000,  0.000000,  0.000000,  0.000000,  0.000000,  0.000000,  0.000000,  0.000000,  0.000000,  0.000000,  0.000000,  0.000000,  0.000000,  0.000000,  0.000000,  0.000000,  0.000000,  0.000000,  0.000000,  0.000000,  0.000000,  0.000000,  0.000000,  0.000000,  0.000000,  0.000000,  0.000000,  0.000000,  0.000000,  0.000000,  0.000000,  0.000000,  0.000000,  0.000000,  0.000000,  0.000000,  0.000000,  0.000000,  0.000000,  0.000000,  0.000000,  0.000000,  0.000000,  0.000000,  0.000000,  0.000000,  0.000000,  0.000000,  0.000000,  0.000000,  0.000000,  0.000000,  0.000000,  0.000000,  0.000000,  0.000000,  0.000000,  0.000000,  0.000000,  0.000000,  0.000000,  0.000000,  0.000000,  0.000000,  0.000000,  0.000000,  0.000000,  0.000000,  0.000000,  0.000000,  0.000000,  0.000000,  0.000000,  0.000000,  0.000000,  0.000000,  0.000000,  0.000000,  0.000000,  0.000000,  0.000000,  0.000000,  0.000000,  0.000000,  0.000000,  0.000000,  0.000000,  0.000000,  0.000000,  0.000000,  0.000000,  0.000000,  0.000000,  0.000000,  0.000000,  0.000000,  0.000000,  0.000000,  0.000000,  0.000000,  0.000000,  0.000000,  0.000000,  0.000000,  0.000000,  0.000000,  0.000000,  0.000000,  0.000000,  0.000000,  0.000000,  0.000000,  0.000000,  0.000000,  0.000000,  0.000000,  0.000000,  0.000000,  0.000000,  0.000000,  0.000000,  0.000000,  0.000000,  0.000000,  0.000000,  0.000000,  0.000000,  0.000000,  0.000000,  0.000000,  0.000000,  0.000000,  0.000000,  0.000000,  0.000000,  0.000000,  0.000000,  0.000000,  0.000000,  0.000000,  0.000000,  0.000000,  0.000000,  0.000000,  0.000000,  0.000000,  0.000000,  0.000000,  0.000000,  0.000000,  0.000000,  0.000000,  0.000000,  0.000000,  0.000000,  0.000000,  0.000000,  0.000000,  0.000000,  0.000000,  0.000000,  0.000000,  0.000000,  0.000000,  0.000000,  0.000000 ]
checksum = 1.000000
Repeated 8 time
f2=0.543049 a2=0.456951
f3=0.181716 a3=0.275235
f4=0.083571 a4=0.191663
f5=0.045751 a5=0.145912
f6=0.027965 a6=0.117948
f7=0.018444 a7=0.099504
f8=0.012861 a8=0.086643
f9=0.009358 a9=0.077285
f10=0.007041 a10=0.070244
f11=0.005443 a11=0.064801
f12=0.004304 a12=0.060497
f13=0.003467 a13=0.057030
f14=0.002838 a14=0.054192
f15=0.002356 a15=0.051836
f16=0.001979 a16=0.049856
f17=0.001680 a17=0.048176
f18=0.001440 a18=0.046736
f19=0.001244 a19=0.045492
f20=0.045492
[ 0.543049,  0.181716,  0.083571,  0.045751,  0.027965,  0.018444,  0.012861,  0.009358,  0.007041,  0.005443,  0.004304,  0.003467,  0.002838,  0.002356,  0.001979,  0.001680,  0.001440,  0.001244, 0.045492]
0.045492 == 0.045492

total 92276 nodes
[ 0.002330,  0.539057,  0.176189,  0.092863,  0.043728,  0.028805,  0.020590,  0.008236,  0.012831,  0.003381,  0.004497,  0.006806,  0.002308,  0.004335,  0.004422,  0.000217,  0.000618,  0.003880,  0.000856,  0.044053,  0.000000,  0.000000,  0.000000,  0.000000,  0.000000,  0.000000,  0.000000,  0.000000,  0.000000,  0.000000,  0.000000,  0.000000,  0.000000,  0.000000,  0.000000,  0.000000,  0.000000,  0.000000,  0.000000,  0.000000,  0.000000,  0.000000,  0.000000,  0.000000,  0.000000,  0.000000,  0.000000,  0.000000,  0.000000,  0.000000,  0.000000,  0.000000,  0.000000,  0.000000,  0.000000,  0.000000,  0.000000,  0.000000,  0.000000,  0.000000,  0.000000,  0.000000,  0.000000,  0.000000,  0.000000,  0.000000,  0.000000,  0.000000,  0.000000,  0.000000,  0.000000,  0.000000,  0.000000,  0.000000,  0.000000,  0.000000,  0.000000,  0.000000,  0.000000,  0.000000,  0.000000,  0.000000,  0.000000,  0.000000,  0.000000,  0.000000,  0.000000,  0.000000,  0.000000,  0.000000,  0.000000,  0.000000,  0.000000,  0.000000,  0.000000,  0.000000,  0.000000,  0.000000,  0.000000,  0.000000,  0.000000,  0.000000,  0.000000,  0.000000,  0.000000,  0.000000,  0.000000,  0.000000,  0.000000,  0.000000,  0.000000,  0.000000,  0.000000,  0.000000,  0.000000,  0.000000,  0.000000,  0.000000,  0.000000,  0.000000,  0.000000,  0.000000,  0.000000,  0.000000,  0.000000,  0.000000,  0.000000,  0.000000,  0.000000,  0.000000,  0.000000,  0.000000,  0.000000,  0.000000,  0.000000,  0.000000,  0.000000,  0.000000,  0.000000,  0.000000,  0.000000,  0.000000,  0.000000,  0.000000,  0.000000,  0.000000,  0.000000,  0.000000,  0.000000,  0.000000,  0.000000,  0.000000,  0.000000,  0.000000,  0.000000,  0.000000,  0.000000,  0.000000,  0.000000,  0.000000,  0.000000,  0.000000,  0.000000,  0.000000,  0.000000,  0.000000,  0.000000,  0.000000,  0.000000,  0.000000,  0.000000,  0.000000,  0.000000,  0.000000,  0.000000,  0.000000,  0.000000,  0.000000,  0.000000,  0.000000,  0.000000,  0.000000,  0.000000,  0.000000,  0.000000,  0.000000,  0.000000,  0.000000,  0.000000,  0.000000,  0.000000,  0.000000,  0.000000,  0.000000,  0.000000,  0.000000,  0.000000,  0.000000,  0.000000,  0.000000 ]
checksum = 1.000000
Repeated 9 time
f2=0.543049 a2=0.456951
f3=0.181716 a3=0.275235
f4=0.083571 a4=0.191663
f5=0.045751 a5=0.145912
f6=0.027965 a6=0.117948
f7=0.018444 a7=0.099504
f8=0.012861 a8=0.086643
f9=0.009358 a9=0.077285
f10=0.007041 a10=0.070244
f11=0.005443 a11=0.064801
f12=0.004304 a12=0.060497
f13=0.003467 a13=0.057030
f14=0.002838 a14=0.054192
f15=0.002356 a15=0.051836
f16=0.001979 a16=0.049856
f17=0.001680 a17=0.048176
f18=0.001440 a18=0.046736
f19=0.001244 a19=0.045492
f20=0.045492
[ 0.543049,  0.181716,  0.083571,  0.045751,  0.027965,  0.018444,  0.012861,  0.009358,  0.007041,  0.005443,  0.004304,  0.003467,  0.002838,  0.002356,  0.001979,  0.001680,  0.001440,  0.001244, 0.045492]
0.045492 == 0.045492

total 92172 nodes
[ 0.001497,  0.542790,  0.176767,  0.086480,  0.045502,  0.030161,  0.017739,  0.013822,  0.011511,  0.004155,  0.005457,  0.005707,  0.001497,  0.005739,  0.000065,  0.001107,  0.000510,  0.003591,  0.000076,  0.045827,  0.000000,  0.000000,  0.000000,  0.000000,  0.000000,  0.000000,  0.000000,  0.000000,  0.000000,  0.000000,  0.000000,  0.000000,  0.000000,  0.000000,  0.000000,  0.000000,  0.000000,  0.000000,  0.000000,  0.000000,  0.000000,  0.000000,  0.000000,  0.000000,  0.000000,  0.000000,  0.000000,  0.000000,  0.000000,  0.000000,  0.000000,  0.000000,  0.000000,  0.000000,  0.000000,  0.000000,  0.000000,  0.000000,  0.000000,  0.000000,  0.000000,  0.000000,  0.000000,  0.000000,  0.000000,  0.000000,  0.000000,  0.000000,  0.000000,  0.000000,  0.000000,  0.000000,  0.000000,  0.000000,  0.000000,  0.000000,  0.000000,  0.000000,  0.000000,  0.000000,  0.000000,  0.000000,  0.000000,  0.000000,  0.000000,  0.000000,  0.000000,  0.000000,  0.000000,  0.000000,  0.000000,  0.000000,  0.000000,  0.000000,  0.000000,  0.000000,  0.000000,  0.000000,  0.000000,  0.000000,  0.000000,  0.000000,  0.000000,  0.000000,  0.000000,  0.000000,  0.000000,  0.000000,  0.000000,  0.000000,  0.000000,  0.000000,  0.000000,  0.000000,  0.000000,  0.000000,  0.000000,  0.000000,  0.000000,  0.000000,  0.000000,  0.000000,  0.000000,  0.000000,  0.000000,  0.000000,  0.000000,  0.000000,  0.000000,  0.000000,  0.000000,  0.000000,  0.000000,  0.000000,  0.000000,  0.000000,  0.000000,  0.000000,  0.000000,  0.000000,  0.000000,  0.000000,  0.000000,  0.000000,  0.000000,  0.000000,  0.000000,  0.000000,  0.000000,  0.000000,  0.000000,  0.000000,  0.000000,  0.000000,  0.000000,  0.000000,  0.000000,  0.000000,  0.000000,  0.000000,  0.000000,  0.000000,  0.000000,  0.000000,  0.000000,  0.000000,  0.000000,  0.000000,  0.000000,  0.000000,  0.000000,  0.000000,  0.000000,  0.000000,  0.000000,  0.000000,  0.000000,  0.000000,  0.000000,  0.000000,  0.000000,  0.000000,  0.000000,  0.000000,  0.000000,  0.000000,  0.000000,  0.000000,  0.000000,  0.000000,  0.000000,  0.000000,  0.000000,  0.000000,  0.000000,  0.000000,  0.000000,  0.000000,  0.000000,  0.000000 ]
checksum = 1.000000
====================
[ 0.000000,  0.002176,  0.541557,  0.180041,  0.085770,  0.043707,  0.029625,  0.017524,  0.012989,  0.009940,  0.006379,  0.005132,  0.005226,  0.002958,  0.003442,  0.002195,  0.002341,  0.001817,  0.001235,  0.001670,  0.044277,  0.000000,  0.000000,  0.000000,  0.000000,  0.000000,  0.000000,  0.000000,  0.000000,  0.000000,  0.000000,  0.000000,  0.000000,  0.000000,  0.000000,  0.000000,  0.000000,  0.000000,  0.000000,  0.000000,  0.000000,  0.000000,  0.000000,  0.000000,  0.000000,  0.000000,  0.000000,  0.000000,  0.000000,  0.000000,  0.000000,  0.000000,  0.000000,  0.000000,  0.000000,  0.000000,  0.000000,  0.000000,  0.000000,  0.000000,  0.000000,  0.000000,  0.000000,  0.000000,  0.000000,  0.000000,  0.000000,  0.000000,  0.000000,  0.000000,  0.000000,  0.000000,  0.000000,  0.000000,  0.000000,  0.000000,  0.000000,  0.000000,  0.000000,  0.000000,  0.000000,  0.000000,  0.000000,  0.000000,  0.000000,  0.000000,  0.000000,  0.000000,  0.000000,  0.000000,  0.000000,  0.000000,  0.000000,  0.000000,  0.000000,  0.000000,  0.000000,  0.000000,  0.000000,  0.000000,  0.000000 ]
f2=0.543049 a2=0.456951
f3=0.181716 a3=0.275235
f4=0.083571 a4=0.191663
f5=0.045751 a5=0.145912
f6=0.027965 a6=0.117948
f7=0.018444 a7=0.099504
f8=0.012861 a8=0.086643
f9=0.009358 a9=0.077285
f10=0.007041 a10=0.070244
f11=0.005443 a11=0.064801
f12=0.004304 a12=0.060497
f13=0.003467 a13=0.057030
f14=0.002838 a14=0.054192
f15=0.002356 a15=0.051836
f16=0.001979 a16=0.049856
f17=0.001680 a17=0.048176
f18=0.001440 a18=0.046736
f19=0.001244 a19=0.045492
f20=0.045492
[ 0.543049,  0.181716,  0.083571,  0.045751,  0.027965,  0.018444,  0.012861,  0.009358,  0.007041,  0.005443,  0.004304,  0.003467,  0.002838,  0.002356,  0.001979,  0.001680,  0.001440,  0.001244, 0.045492]
0.045492 == 0.045492
