Repeated 0 time
f2=0.556825 a2=0.443175
f3=0.186326 a3=0.256849
f4=0.085692 a4=0.171158
f5=0.046912 a5=0.124246
f6=0.028674 a6=0.095572
f7=0.018912 a7=0.076660
f8=0.013187 a8=0.063472
f9=0.009595 a9=0.053877
f10=0.007219 a10=0.046658
f11=0.005581 a11=0.041077
f12=0.004413 a12=0.036664
f13=0.003555 a13=0.033109
f14=0.002910 a14=0.030198
f15=0.002416 a15=0.027783
f16=0.002029 a16=0.025753
f17=0.001723 a17=0.024030
f18=0.001477 a18=0.022554
f19=0.001276 a19=0.021278
f20=0.001111 a20=0.020167
f21=0.000974 a21=0.019193
f22=0.000859 a22=0.018334
f23=0.000762 a23=0.017572
f24=0.000679 a24=0.016893
f25=0.000608 a25=0.016285
f26=0.000547 a26=0.015738
f27=0.000494 a27=0.015243
f28=0.000448 a28=0.014796
f29=0.000407 a29=0.014388
f30=0.000372 a30=0.014016
f31=0.000340 a31=0.013676
f32=0.000312 a32=0.013364
f33=0.000287 a33=0.013076
f34=0.000265 a34=0.012811
f35=0.000245 a35=0.012566
f36=0.000227 a36=0.012339
f37=0.000211 a37=0.012128
f38=0.000196 a38=0.011931
f39=0.000183 a39=0.011748
f40=0.000171 a40=0.011577
f41=0.000160 a41=0.011417
f42=0.000150 a42=0.011267
f43=0.000141 a43=0.011127
f44=0.000132 a44=0.010995
f45=0.000124 a45=0.010870
f46=0.000117 a46=0.010753
f47=0.000111 a47=0.010642
f48=0.000105 a48=0.010538
f49=0.000099 a49=0.010439
f50=0.010439
[ 0.556825,  0.186326,  0.085692,  0.046912,  0.028674,  0.018912,  0.013187,  0.009595,  0.007219,  0.005581,  0.004413,  0.003555,  0.002910,  0.002416,  0.002029,  0.001723,  0.001477,  0.001276,  0.001111,  0.000974,  0.000859,  0.000762,  0.000679,  0.000608,  0.000547,  0.000494,  0.000448,  0.000407,  0.000372,  0.000340,  0.000312,  0.000287,  0.000265,  0.000245,  0.000227,  0.000211,  0.000196,  0.000183,  0.000171,  0.000160,  0.000150,  0.000141,  0.000132,  0.000124,  0.000117,  0.000111,  0.000105,  0.000099, 0.010439]
0.010439 == 0.010439

total 91354 nodes
[ 0.023185,  0.541191,  0.182302,  0.084758,  0.046117,  0.028931,  0.016540,  0.014351,  0.009611,  0.007597,  0.005889,  0.003853,  0.004477,  0.002627,  0.002244,  0.000219,  0.000766,  0.003404,  0.002069,  0.000941,  0.000274,  0.001434,  0.001401,  0.000679,  0.000011,  0.000569,  0.000197,  0.001927,  0.000613,  0.000033,  0.000142,  0.000033,  0.000142,  0.000109,  0.000339,  0.000405,  0.000624,  0.000197,  0.000099,  0.000197,  0.000011,  0.000033,  0.000208,  0.000285,  0.000339,  0.000219,  0.000099,  0.000055,  0.001292,  0.006962,  0.000000,  0.000000,  0.000000,  0.000000,  0.000000,  0.000000,  0.000000,  0.000000,  0.000000,  0.000000,  0.000000,  0.000000,  0.000000,  0.000000,  0.000000,  0.000000,  0.000000,  0.000000,  0.000000,  0.000000,  0.000000,  0.000000,  0.000000,  0.000000,  0.000000,  0.000000,  0.000000,  0.000000,  0.000000,  0.000000,  0.000000,  0.000000,  0.000000,  0.000000,  0.000000,  0.000000,  0.000000,  0.000000,  0.000000,  0.000000,  0.000000,  0.000000,  0.000000,  0.000000,  0.000000,  0.000000,  0.000000,  0.000000,  0.000000,  0.000000,  0.000000,  0.000000,  0.000000,  0.000000,  0.000000,  0.000000,  0.000000,  0.000000,  0.000000,  0.000000,  0.000000,  0.000000,  0.000000,  0.000000,  0.000000,  0.000000,  0.000000,  0.000000,  0.000000,  0.000000,  0.000000,  0.000000,  0.000000,  0.000000,  0.000000,  0.000000,  0.000000,  0.000000,  0.000000,  0.000000,  0.000000,  0.000000,  0.000000,  0.000000,  0.000000,  0.000000,  0.000000,  0.000000,  0.000000,  0.000000,  0.000000,  0.000000,  0.000000,  0.000000,  0.000000,  0.000000,  0.000000,  0.000000,  0.000000,  0.000000,  0.000000,  0.000000,  0.000000,  0.000000,  0.000000,  0.000000,  0.000000,  0.000000,  0.000000,  0.000000,  0.000000,  0.000000,  0.000000,  0.000000,  0.000000,  0.000000,  0.000000,  0.000000,  0.000000,  0.000000,  0.000000,  0.000000,  0.000000,  0.000000,  0.000000,  0.000000,  0.000000,  0.000000,  0.000000,  0.000000,  0.000000,  0.000000,  0.000000,  0.000000,  0.000000,  0.000000,  0.000000,  0.000000,  0.000000,  0.000000,  0.000000,  0.000000,  0.000000,  0.000000,  0.000000,  0.000000,  0.000000,  0.000000,  0.000000,  0.000000,  0.000000,  0.000000,  0.000000,  0.000000,  0.000000,  0.000000,  0.000000,  0.000000,  0.000000,  0.000000,  0.000000,  0.000000,  0.000000,  0.000000,  0.000000,  0.000000,  0.000000,  0.000000,  0.000000,  0.000000,  0.000000,  0.000000,  0.000000,  0.000000,  0.000000,  0.000000,  0.000000,  0.000000,  0.000000,  0.000000,  0.000000,  0.000000,  0.000000,  0.000000,  0.000000,  0.000000,  0.000000,  0.000000,  0.000000,  0.000000,  0.000000,  0.000000,  0.000000,  0.000000,  0.000000,  0.000000,  0.000000,  0.000000,  0.000000,  0.000000,  0.000000,  0.000000,  0.000000,  0.000000,  0.000000,  0.000000,  0.000000,  0.000000,  0.000000,  0.000000,  0.000000,  0.000000,  0.000000,  0.000000,  0.000000,  0.000000,  0.000000,  0.000000,  0.000000,  0.000000,  0.000000,  0.000000,  0.000000,  0.000000,  0.000000,  0.000000,  0.000000,  0.000000,  0.000000,  0.000000,  0.000000,  0.000000,  0.000000,  0.000000,  0.000000,  0.000000,  0.000000,  0.000000,  0.000000,  0.000000,  0.000000,  0.000000,  0.000000,  0.000000,  0.000000,  0.000000,  0.000000,  0.000000,  0.000000,  0.000000,  0.000000,  0.000000,  0.000000,  0.000000,  0.000000,  0.000000,  0.000000,  0.000000,  0.000000,  0.000000,  0.000000,  0.000000,  0.000000,  0.000000,  0.000000,  0.000000,  0.000000,  0.000000,  0.000000,  0.000000,  0.000000,  0.000000,  0.000000,  0.000000,  0.000000,  0.000000,  0.000000,  0.000000,  0.000000,  0.000000,  0.000000,  0.000000,  0.000000,  0.000000,  0.000000,  0.000000,  0.000000,  0.000000,  0.000000,  0.000000,  0.000000,  0.000000,  0.000000,  0.000000,  0.000000,  0.000000,  0.000000,  0.000000,  0.000000,  0.000000,  0.000000,  0.000000,  0.000000,  0.000000,  0.000000,  0.000000,  0.000000,  0.000000,  0.000000,  0.000000,  0.000000,  0.000000,  0.000000,  0.000000,  0.000000,  0.000000,  0.000000,  0.000000,  0.000000,  0.000000,  0.000000,  0.000000,  0.000000,  0.000000,  0.000000,  0.000000,  0.000000,  0.000000,  0.000000,  0.000000,  0.000000,  0.000000,  0.000000,  0.000000,  0.000000,  0.000000,  0.000000,  0.000000,  0.000000,  0.000000,  0.000000,  0.000000,  0.000000,  0.000000,  0.000000,  0.000000,  0.000000,  0.000000,  0.000000,  0.000000,  0.000000,  0.000000,  0.000000,  0.000000,  0.000000,  0.000000,  0.000000,  0.000000,  0.000000,  0.000000,  0.000000,  0.000000,  0.000000,  0.000000,  0.000000,  0.000000,  0.000000,  0.000000,  0.000000,  0.000000,  0.000000,  0.000000,  0.000000,  0.000000,  0.000000,  0.000000,  0.000000,  0.000000,  0.000000,  0.000000,  0.000000,  0.000000,  0.000000,  0.000000,  0.000000,  0.000000,  0.000000,  0.000000,  0.000000,  0.000000,  0.000000,  0.000000,  0.000000,  0.000000,  0.000000,  0.000000,  0.000000,  0.000000,  0.000000,  0.000000,  0.000000,  0.000000,  0.000000,  0.000000,  0.000000,  0.000000,  0.000000,  0.000000,  0.000000,  0.000000,  0.000000,  0.000000,  0.000000,  0.000000,  0.000000,  0.000000,  0.000000,  0.000000,  0.000000,  0.000000,  0.000000,  0.000000,  0.000000,  0.000000,  0.000000,  0.000000,  0.000000,  0.000000,  0.000000,  0.000000,  0.000000,  0.000000,  0.000000,  0.000000,  0.000000,  0.000000,  0.000000,  0.000000,  0.000000,  0.000000,  0.000000,  0.000000,  0.000000,  0.000000,  0.000000,  0.000000,  0.000000,  0.000000,  0.000000,  0.000000 ]
checksum = 1.000000
Repeated 1 time
f2=0.556825 a2=0.443175
f3=0.186326 a3=0.256849
f4=0.085692 a4=0.171158
f5=0.046912 a5=0.124246
f6=0.028674 a6=0.095572
f7=0.018912 a7=0.076660
f8=0.013187 a8=0.063472
f9=0.009595 a9=0.053877
f10=0.007219 a10=0.046658
f11=0.005581 a11=0.041077
f12=0.004413 a12=0.036664
f13=0.003555 a13=0.033109
f14=0.002910 a14=0.030198
f15=0.002416 a15=0.027783
f16=0.002029 a16=0.025753
f17=0.001723 a17=0.024030
f18=0.001477 a18=0.022554
f19=0.001276 a19=0.021278
f20=0.001111 a20=0.020167
f21=0.000974 a21=0.019193
f22=0.000859 a22=0.018334
f23=0.000762 a23=0.017572
f24=0.000679 a24=0.016893
f25=0.000608 a25=0.016285
f26=0.000547 a26=0.015738
f27=0.000494 a27=0.015243
f28=0.000448 a28=0.014796
f29=0.000407 a29=0.014388
f30=0.000372 a30=0.014016
f31=0.000340 a31=0.013676
f32=0.000312 a32=0.013364
f33=0.000287 a33=0.013076
f34=0.000265 a34=0.012811
f35=0.000245 a35=0.012566
f36=0.000227 a36=0.012339
f37=0.000211 a37=0.012128
f38=0.000196 a38=0.011931
f39=0.000183 a39=0.011748
f40=0.000171 a40=0.011577
f41=0.000160 a41=0.011417
f42=0.000150 a42=0.011267
f43=0.000141 a43=0.011127
f44=0.000132 a44=0.010995
f45=0.000124 a45=0.010870
f46=0.000117 a46=0.010753
f47=0.000111 a47=0.010642
f48=0.000105 a48=0.010538
f49=0.000099 a49=0.010439
f50=0.010439
[ 0.556825,  0.186326,  0.085692,  0.046912,  0.028674,  0.018912,  0.013187,  0.009595,  0.007219,  0.005581,  0.004413,  0.003555,  0.002910,  0.002416,  0.002029,  0.001723,  0.001477,  0.001276,  0.001111,  0.000974,  0.000859,  0.000762,  0.000679,  0.000608,  0.000547,  0.000494,  0.000448,  0.000407,  0.000372,  0.000340,  0.000312,  0.000287,  0.000265,  0.000245,  0.000227,  0.000211,  0.000196,  0.000183,  0.000171,  0.000160,  0.000150,  0.000141,  0.000132,  0.000124,  0.000117,  0.000111,  0.000105,  0.000099, 0.010439]
0.010439 == 0.010439

total 91909 nodes
[ 0.019138,  0.548423,  0.176174,  0.086227,  0.045980,  0.033522,  0.016070,  0.011838,  0.010119,  0.006593,  0.004657,  0.003743,  0.003623,  0.004809,  0.001621,  0.002078,  0.000109,  0.003416,  0.000283,  0.002492,  0.001045,  0.000011,  0.001719,  0.000555,  0.000283,  0.000326,  0.000533,  0.000435,  0.001077,  0.000033,  0.000403,  0.000163,  0.000413,  0.000457,  0.000392,  0.000218,  0.000218,  0.000120,  0.000555,  0.000392,  0.000359,  0.000076,  0.000109,  0.000011,  0.000022,  0.000163,  0.000294,  0.000283,  0.000892,  0.007529,  0.000000,  0.000000,  0.000000,  0.000000,  0.000000,  0.000000,  0.000000,  0.000000,  0.000000,  0.000000,  0.000000,  0.000000,  0.000000,  0.000000,  0.000000,  0.000000,  0.000000,  0.000000,  0.000000,  0.000000,  0.000000,  0.000000,  0.000000,  0.000000,  0.000000,  0.000000,  0.000000,  0.000000,  0.000000,  0.000000,  0.000000,  0.000000,  0.000000,  0.000000,  0.000000,  0.000000,  0.000000,  0.000000,  0.000000,  0.000000,  0.000000,  0.000000,  0.000000,  0.000000,  0.000000,  0.000000,  0.000000,  0.000000,  0.000000,  0.000000,  0.000000,  0.000000,  0.000000,  0.000000,  0.000000,  0.000000,  0.000000,  0.000000,  0.000000,  0.000000,  0.000000,  0.000000,  0.000000,  0.000000,  0.000000,  0.000000,  0.000000,  0.000000,  0.000000,  0.000000,  0.000000,  0.000000,  0.000000,  0.000000,  0.000000,  0.000000,  0.000000,  0.000000,  0.000000,  0.000000,  0.000000,  0.000000,  0.000000,  0.000000,  0.000000,  0.000000,  0.000000,  0.000000,  0.000000,  0.000000,  0.000000,  0.000000,  0.000000,  0.000000,  0.000000,  0.000000,  0.000000,  0.000000,  0.000000,  0.000000,  0.000000,  0.000000,  0.000000,  0.000000,  0.000000,  0.000000,  0.000000,  0.000000,  0.000000,  0.000000,  0.000000,  0.000000,  0.000000,  0.000000,  0.000000,  0.000000,  0.000000,  0.000000,  0.000000,  0.000000,  0.000000,  0.000000,  0.000000,  0.000000,  0.000000,  0.000000,  0.000000,  0.000000,  0.000000,  0.000000,  0.000000,  0.000000,  0.000000,  0.000000,  0.000000,  0.000000,  0.000000,  0.000000,  0.000000,  0.000000,  0.000000,  0.000000,  0.000000,  0.000000,  0.000000,  0.000000,  0.000000,  0.000000,  0.000000,  0.000000,  0.000000,  0.000000,  0.000000,  0.000000,  0.000000,  0.000000,  0.000000,  0.000000,  0.000000,  0.000000,  0.000000,  0.000000,  0.000000,  0.000000,  0.000000,  0.000000,  0.000000,  0.000000,  0.000000,  0.000000,  0.000000,  0.000000,  0.000000,  0.000000,  0.000000,  0.000000,  0.000000,  0.000000,  0.000000,  0.000000,  0.000000,  0.000000,  0.000000,  0.000000,  0.000000,  0.000000,  0.000000,  0.000000,  0.000000,  0.000000,  0.000000,  0.000000,  0.000000,  0.000000,  0.000000,  0.000000,  0.000000,  0.000000,  0.000000,  0.000000,  0.000000,  0.000000,  0.000000,  0.000000,  0.000000,  0.000000,  0.000000,  0.000000,  0.000000,  0.000000,  0.000000,  0.000000,  0.000000,  0.000000,  0.000000,  0.000000,  0.000000,  0.000000,  0.000000,  0.000000,  0.000000,  0.000000,  0.000000,  0.000000,  0.000000,  0.000000,  0.000000,  0.000000,  0.000000,  0.000000,  0.000000,  0.000000,  0.000000,  0.000000,  0.000000,  0.000000,  0.000000,  0.000000,  0.000000,  0.000000,  0.000000,  0.000000,  0.000000,  0.000000,  0.000000,  0.000000,  0.000000,  0.000000,  0.000000,  0.000000,  0.000000,  0.000000,  0.000000,  0.000000,  0.000000,  0.000000,  0.000000,  0.000000,  0.000000,  0.000000,  0.000000,  0.000000,  0.000000,  0.000000,  0.000000,  0.000000,  0.000000,  0.000000,  0.000000,  0.000000,  0.000000,  0.000000,  0.000000,  0.000000,  0.000000,  0.000000,  0.000000,  0.000000,  0.000000,  0.000000,  0.000000,  0.000000,  0.000000,  0.000000,  0.000000,  0.000000,  0.000000,  0.000000,  0.000000,  0.000000,  0.000000,  0.000000,  0.000000,  0.000000,  0.000000,  0.000000,  0.000000,  0.000000,  0.000000,  0.000000,  0.000000,  0.000000,  0.000000,  0.000000,  0.000000,  0.000000,  0.000000,  0.000000,  0.000000,  0.000000,  0.000000,  0.000000,  0.000000,  0.000000,  0.000000,  0.000000,  0.000000,  0.000000,  0.000000,  0.000000,  0.000000,  0.000000,  0.000000,  0.000000,  0.000000,  0.000000,  0.000000,  0.000000,  0.000000,  0.000000,  0.000000,  0.000000,  0.000000,  0.000000,  0.000000,  0.000000,  0.000000,  0.000000,  0.000000,  0.000000,  0.000000,  0.000000,  0.000000,  0.000000,  0.000000,  0.000000,  0.000000,  0.000000,  0.000000,  0.000000,  0.000000,  0.000000,  0.000000,  0.000000,  0.000000,  0.000000,  0.000000,  0.000000,  0.000000,  0.000000,  0.000000,  0.000000,  0.000000,  0.000000,  0.000000,  0.000000,  0.000000,  0.000000,  0.000000,  0.000000,  0.000000,  0.000000,  0.000000,  0.000000,  0.000000,  0.000000,  0.000000,  0.000000,  0.000000,  0.000000,  0.000000,  0.000000,  0.000000,  0.000000,  0.000000,  0.000000,  0.000000,  0.000000,  0.000000,  0.000000,  0.000000,  0.000000,  0.000000,  0.000000,  0.000000,  0.000000,  0.000000,  0.000000,  0.000000,  0.000000,  0.000000,  0.000000,  0.000000,  0.000000,  0.000000,  0.000000,  0.000000,  0.000000,  0.000000,  0.000000,  0.000000,  0.000000,  0.000000,  0.000000,  0.000000,  0.000000,  0.000000,  0.000000,  0.000000,  0.000000,  0.000000,  0.000000,  0.000000,  0.000000,  0.000000,  0.000000,  0.000000,  0.000000,  0.000000,  0.000000,  0.000000,  0.000000,  0.000000,  0.000000,  0.000000,  0.000000,  0.000000,  0.000000,  0.000000,  0.000000,  0.000000,  0.000000,  0.000000,  0.000000,  0.000000,  0.000000,  0.000000,  0.000000,  0.000000,  0.000000 ]
checksum = 1.000000
Repeated 2 time
f2=0.556825 a2=0.443175
f3=0.186326 a3=0.256849
f4=0.085692 a4=0.171158
f5=0.046912 a5=0.124246
f6=0.028674 a6=0.095572
f7=0.018912 a7=0.076660
f8=0.013187 a8=0.063472
f9=0.009595 a9=0.053877
f10=0.007219 a10=0.046658
f11=0.005581 a11=0.041077
f12=0.004413 a12=0.036664
f13=0.003555 a13=0.033109
f14=0.002910 a14=0.030198
f15=0.002416 a15=0.027783
f16=0.002029 a16=0.025753
f17=0.001723 a17=0.024030
f18=0.001477 a18=0.022554
f19=0.001276 a19=0.021278
f20=0.001111 a20=0.020167
f21=0.000974 a21=0.019193
f22=0.000859 a22=0.018334
f23=0.000762 a23=0.017572
f24=0.000679 a24=0.016893
f25=0.000608 a25=0.016285
f26=0.000547 a26=0.015738
f27=0.000494 a27=0.015243
f28=0.000448 a28=0.014796
f29=0.000407 a29=0.014388
f30=0.000372 a30=0.014016
f31=0.000340 a31=0.013676
f32=0.000312 a32=0.013364
f33=0.000287 a33=0.013076
f34=0.000265 a34=0.012811
f35=0.000245 a35=0.012566
f36=0.000227 a36=0.012339
f37=0.000211 a37=0.012128
f38=0.000196 a38=0.011931
f39=0.000183 a39=0.011748
f40=0.000171 a40=0.011577
f41=0.000160 a41=0.011417
f42=0.000150 a42=0.011267
f43=0.000141 a43=0.011127
f44=0.000132 a44=0.010995
f45=0.000124 a45=0.010870
f46=0.000117 a46=0.010753
f47=0.000111 a47=0.010642
f48=0.000105 a48=0.010538
f49=0.000099 a49=0.010439
f50=0.010439
[ 0.556825,  0.186326,  0.085692,  0.046912,  0.028674,  0.018912,  0.013187,  0.009595,  0.007219,  0.005581,  0.004413,  0.003555,  0.002910,  0.002416,  0.002029,  0.001723,  0.001477,  0.001276,  0.001111,  0.000974,  0.000859,  0.000762,  0.000679,  0.000608,  0.000547,  0.000494,  0.000448,  0.000407,  0.000372,  0.000340,  0.000312,  0.000287,  0.000265,  0.000245,  0.000227,  0.000211,  0.000196,  0.000183,  0.000171,  0.000160,  0.000150,  0.000141,  0.000132,  0.000124,  0.000117,  0.000111,  0.000105,  0.000099, 0.010439]
0.010439 == 0.010439

total 91647 nodes
[ 0.020350,  0.545593,  0.186084,  0.078704,  0.044791,  0.029919,  0.022117,  0.010999,  0.007627,  0.006547,  0.006623,  0.004572,  0.003022,  0.002095,  0.003983,  0.001877,  0.001255,  0.001953,  0.000316,  0.001320,  0.001855,  0.001320,  0.000185,  0.001462,  0.000677,  0.000196,  0.000295,  0.001080,  0.000611,  0.000207,  0.000371,  0.000033,  0.000087,  0.000251,  0.000120,  0.000044,  0.000644,  0.000251,  0.000055,  0.000818,  0.000011,  0.000240,  0.000044,  0.000131,  0.000142,  0.000229,  0.000131,  0.000164,  0.000218,  0.008380,  0.000000,  0.000000,  0.000000,  0.000000,  0.000000,  0.000000,  0.000000,  0.000000,  0.000000,  0.000000,  0.000000,  0.000000,  0.000000,  0.000000,  0.000000,  0.000000,  0.000000,  0.000000,  0.000000,  0.000000,  0.000000,  0.000000,  0.000000,  0.000000,  0.000000,  0.000000,  0.000000,  0.000000,  0.000000,  0.000000,  0.000000,  0.000000,  0.000000,  0.000000,  0.000000,  0.000000,  0.000000,  0.000000,  0.000000,  0.000000,  0.000000,  0.000000,  0.000000,  0.000000,  0.000000,  0.000000,  0.000000,  0.000000,  0.000000,  0.000000,  0.000000,  0.000000,  0.000000,  0.000000,  0.000000,  0.000000,  0.000000,  0.000000,  0.000000,  0.000000,  0.000000,  0.000000,  0.000000,  0.000000,  0.000000,  0.000000,  0.000000,  0.000000,  0.000000,  0.000000,  0.000000,  0.000000,  0.000000,  0.000000,  0.000000,  0.000000,  0.000000,  0.000000,  0.000000,  0.000000,  0.000000,  0.000000,  0.000000,  0.000000,  0.000000,  0.000000,  0.000000,  0.000000,  0.000000,  0.000000,  0.000000,  0.000000,  0.000000,  0.000000,  0.000000,  0.000000,  0.000000,  0.000000,  0.000000,  0.000000,  0.000000,  0.000000,  0.000000,  0.000000,  0.000000,  0.000000,  0.000000,  0.000000,  0.000000,  0.000000,  0.000000,  0.000000,  0.000000,  0.000000,  0.000000,  0.000000,  0.000000,  0.000000,  0.000000,  0.000000,  0.000000,  0.000000,  0.000000,  0.000000,  0.000000,  0.000000,  0.000000,  0.000000,  0.000000,  0.000000,  0.000000,  0.000000,  0.000000,  0.000000,  0.000000,  0.000000,  0.000000,  0.000000,  0.000000,  0.000000,  0.000000,  0.000000,  0.000000,  0.000000,  0.000000,  0.000000,  0.000000,  0.000000,  0.000000,  0.000000,  0.000000,  0.000000,  0.000000,  0.000000,  0.000000,  0.000000,  0.000000,  0.000000,  0.000000,  0.000000,  0.000000,  0.000000,  0.000000,  0.000000,  0.000000,  0.000000,  0.000000,  0.000000,  0.000000,  0.000000,  0.000000,  0.000000,  0.000000,  0.000000,  0.000000,  0.000000,  0.000000,  0.000000,  0.000000,  0.000000,  0.000000,  0.000000,  0.000000,  0.000000,  0.000000,  0.000000,  0.000000,  0.000000,  0.000000,  0.000000,  0.000000,  0.000000,  0.000000,  0.000000,  0.000000,  0.000000,  0.000000,  0.000000,  0.000000,  0.000000,  0.000000,  0.000000,  0.000000,  0.000000,  0.000000,  0.000000,  0.000000,  0.000000,  0.000000,  0.000000,  0.000000,  0.000000,  0.000000,  0.000000,  0.000000,  0.000000,  0.000000,  0.000000,  0.000000,  0.000000,  0.000000,  0.000000,  0.000000,  0.000000,  0.000000,  0.000000,  0.000000,  0.000000,  0.000000,  0.000000,  0.000000,  0.000000,  0.000000,  0.000000,  0.000000,  0.000000,  0.000000,  0.000000,  0.000000,  0.000000,  0.000000,  0.000000,  0.000000,  0.000000,  0.000000,  0.000000,  0.000000,  0.000000,  0.000000,  0.000000,  0.000000,  0.000000,  0.000000,  0.000000,  0.000000,  0.000000,  0.000000,  0.000000,  0.000000,  0.000000,  0.000000,  0.000000,  0.000000,  0.000000,  0.000000,  0.000000,  0.000000,  0.000000,  0.000000,  0.000000,  0.000000,  0.000000,  0.000000,  0.000000,  0.000000,  0.000000,  0.000000,  0.000000,  0.000000,  0.000000,  0.000000,  0.000000,  0.000000,  0.000000,  0.000000,  0.000000,  0.000000,  0.000000,  0.000000,  0.000000,  0.000000,  0.000000,  0.000000,  0.000000,  0.000000,  0.000000,  0.000000,  0.000000,  0.000000,  0.000000,  0.000000,  0.000000,  0.000000,  0.000000,  0.000000,  0.000000,  0.000000,  0.000000,  0.000000,  0.000000,  0.000000,  0.000000,  0.000000,  0.000000,  0.000000,  0.000000,  0.000000,  0.000000,  0.000000,  0.000000,  0.000000,  0.000000,  0.000000,  0.000000,  0.000000,  0.000000,  0.000000,  0.000000,  0.000000,  0.000000,  0.000000,  0.000000,  0.000000,  0.000000,  0.000000,  0.000000,  0.000000,  0.000000,  0.000000,  0.000000,  0.000000,  0.000000,  0.000000,  0.000000,  0.000000,  0.000000,  0.000000,  0.000000,  0.000000,  0.000000,  0.000000,  0.000000,  0.000000,  0.000000,  0.000000,  0.000000,  0.000000,  0.000000,  0.000000,  0.000000,  0.000000,  0.000000,  0.000000,  0.000000,  0.000000,  0.000000,  0.000000,  0.000000,  0.000000,  0.000000,  0.000000,  0.000000,  0.000000,  0.000000,  0.000000,  0.000000,  0.000000,  0.000000,  0.000000,  0.000000,  0.000000,  0.000000,  0.000000,  0.000000,  0.000000,  0.000000,  0.000000,  0.000000,  0.000000,  0.000000,  0.000000,  0.000000,  0.000000,  0.000000,  0.000000,  0.000000,  0.000000,  0.000000,  0.000000,  0.000000,  0.000000,  0.000000,  0.000000,  0.000000,  0.000000,  0.000000,  0.000000,  0.000000,  0.000000,  0.000000,  0.000000,  0.000000,  0.000000,  0.000000,  0.000000,  0.000000,  0.000000,  0.000000,  0.000000,  0.000000,  0.000000,  0.000000,  0.000000,  0.000000,  0.000000,  0.000000,  0.000000,  0.000000,  0.000000,  0.000000,  0.000000,  0.000000,  0.000000,  0.000000,  0.000000,  0.000000,  0.000000,  0.000000,  0.000000,  0.000000,  0.000000,  0.000000,  0.000000,  0.000000,  0.000000,  0.000000,  0.000000,  0.000000,  0.000000,  0.000000 ]
checksum = 1.000000
Repeated 3 time
f2=0.556825 a2=0.443175
f3=0.186326 a3=0.256849
f4=0.085692 a4=0.171158
f5=0.046912 a5=0.124246
f6=0.028674 a6=0.095572
f7=0.018912 a7=0.076660
f8=0.013187 a8=0.063472
f9=0.009595 a9=0.053877
f10=0.007219 a10=0.046658
f11=0.005581 a11=0.041077
f12=0.004413 a12=0.036664
f13=0.003555 a13=0.033109
f14=0.002910 a14=0.030198
f15=0.002416 a15=0.027783
f16=0.002029 a16=0.025753
f17=0.001723 a17=0.024030
f18=0.001477 a18=0.022554
f19=0.001276 a19=0.021278
f20=0.001111 a20=0.020167
f21=0.000974 a21=0.019193
f22=0.000859 a22=0.018334
f23=0.000762 a23=0.017572
f24=0.000679 a24=0.016893
f25=0.000608 a25=0.016285
f26=0.000547 a26=0.015738
f27=0.000494 a27=0.015243
f28=0.000448 a28=0.014796
f29=0.000407 a29=0.014388
f30=0.000372 a30=0.014016
f31=0.000340 a31=0.013676
f32=0.000312 a32=0.013364
f33=0.000287 a33=0.013076
f34=0.000265 a34=0.012811
f35=0.000245 a35=0.012566
f36=0.000227 a36=0.012339
f37=0.000211 a37=0.012128
f38=0.000196 a38=0.011931
f39=0.000183 a39=0.011748
f40=0.000171 a40=0.011577
f41=0.000160 a41=0.011417
f42=0.000150 a42=0.011267
f43=0.000141 a43=0.011127
f44=0.000132 a44=0.010995
f45=0.000124 a45=0.010870
f46=0.000117 a46=0.010753
f47=0.000111 a47=0.010642
f48=0.000105 a48=0.010538
f49=0.000099 a49=0.010439
f50=0.010439
[ 0.556825,  0.186326,  0.085692,  0.046912,  0.028674,  0.018912,  0.013187,  0.009595,  0.007219,  0.005581,  0.004413,  0.003555,  0.002910,  0.002416,  0.002029,  0.001723,  0.001477,  0.001276,  0.001111,  0.000974,  0.000859,  0.000762,  0.000679,  0.000608,  0.000547,  0.000494,  0.000448,  0.000407,  0.000372,  0.000340,  0.000312,  0.000287,  0.000265,  0.000245,  0.000227,  0.000211,  0.000196,  0.000183,  0.000171,  0.000160,  0.000150,  0.000141,  0.000132,  0.000124,  0.000117,  0.000111,  0.000105,  0.000099, 0.010439]
0.010439 == 0.010439

total 91358 nodes
[ 0.021793,  0.545842,  0.176175,  0.088509,  0.047724,  0.030014,  0.013376,  0.013836,  0.009381,  0.007126,  0.004718,  0.003371,  0.004094,  0.005451,  0.001970,  0.000701,  0.001883,  0.003349,  0.000898,  0.000985,  0.000668,  0.001839,  0.000274,  0.000099,  0.000350,  0.000722,  0.000405,  0.000799,  0.000274,  0.000317,  0.000350,  0.000120,  0.000471,  0.000011,  0.000690,  0.000153,  0.000591,  0.000613,  0.000142,  0.000668,  0.000186,  0.000011,  0.000186,  0.000263,  0.000044,  0.000175,  0.000175,  0.000099,  0.000033,  0.008078,  0.000000,  0.000000,  0.000000,  0.000000,  0.000000,  0.000000,  0.000000,  0.000000,  0.000000,  0.000000,  0.000000,  0.000000,  0.000000,  0.000000,  0.000000,  0.000000,  0.000000,  0.000000,  0.000000,  0.000000,  0.000000,  0.000000,  0.000000,  0.000000,  0.000000,  0.000000,  0.000000,  0.000000,  0.000000,  0.000000,  0.000000,  0.000000,  0.000000,  0.000000,  0.000000,  0.000000,  0.000000,  0.000000,  0.000000,  0.000000,  0.000000,  0.000000,  0.000000,  0.000000,  0.000000,  0.000000,  0.000000,  0.000000,  0.000000,  0.000000,  0.000000,  0.000000,  0.000000,  0.000000,  0.000000,  0.000000,  0.000000,  0.000000,  0.000000,  0.000000,  0.000000,  0.000000,  0.000000,  0.000000,  0.000000,  0.000000,  0.000000,  0.000000,  0.000000,  0.000000,  0.000000,  0.000000,  0.000000,  0.000000,  0.000000,  0.000000,  0.000000,  0.000000,  0.000000,  0.000000,  0.000000,  0.000000,  0.000000,  0.000000,  0.000000,  0.000000,  0.000000,  0.000000,  0.000000,  0.000000,  0.000000,  0.000000,  0.000000,  0.000000,  0.000000,  0.000000,  0.000000,  0.000000,  0.000000,  0.000000,  0.000000,  0.000000,  0.000000,  0.000000,  0.000000,  0.000000,  0.000000,  0.000000,  0.000000,  0.000000,  0.000000,  0.000000,  0.000000,  0.000000,  0.000000,  0.000000,  0.000000,  0.000000,  0.000000,  0.000000,  0.000000,  0.000000,  0.000000,  0.000000,  0.000000,  0.000000,  0.000000,  0.000000,  0.000000,  0.000000,  0.000000,  0.000000,  0.000000,  0.000000,  0.000000,  0.000000,  0.000000,  0.000000,  0.000000,  0.000000,  0.000000,  0.000000,  0.000000,  0.000000,  0.000000,  0.000000,  0.000000,  0.000000,  0.000000,  0.000000,  0.000000,  0.000000,  0.000000,  0.000000,  0.000000,  0.000000,  0.000000,  0.000000,  0.000000,  0.000000,  0.000000,  0.000000,  0.000000,  0.000000,  0.000000,  0.000000,  0.000000,  0.000000,  0.000000,  0.000000,  0.000000,  0.000000,  0.000000,  0.000000,  0.000000,  0.000000,  0.000000,  0.000000,  0.000000,  0.000000,  0.000000,  0.000000,  0.000000,  0.000000,  0.000000,  0.000000,  0.000000,  0.000000,  0.000000,  0.000000,  0.000000,  0.000000,  0.000000,  0.000000,  0.000000,  0.000000,  0.000000,  0.000000,  0.000000,  0.000000,  0.000000,  0.000000,  0.000000,  0.000000,  0.000000,  0.000000,  0.000000,  0.000000,  0.000000,  0.000000,  0.000000,  0.000000,  0.000000,  0.000000,  0.000000,  0.000000,  0.000000,  0.000000,  0.000000,  0.000000,  0.000000,  0.000000,  0.000000,  0.000000,  0.000000,  0.000000,  0.000000,  0.000000,  0.000000,  0.000000,  0.000000,  0.000000,  0.000000,  0.000000,  0.000000,  0.000000,  0.000000,  0.000000,  0.000000,  0.000000,  0.000000,  0.000000,  0.000000,  0.000000,  0.000000,  0.000000,  0.000000,  0.000000,  0.000000,  0.000000,  0.000000,  0.000000,  0.000000,  0.000000,  0.000000,  0.000000,  0.000000,  0.000000,  0.000000,  0.000000,  0.000000,  0.000000,  0.000000,  0.000000,  0.000000,  0.000000,  0.000000,  0.000000,  0.000000,  0.000000,  0.000000,  0.000000,  0.000000,  0.000000,  0.000000,  0.000000,  0.000000,  0.000000,  0.000000,  0.000000,  0.000000,  0.000000,  0.000000,  0.000000,  0.000000,  0.000000,  0.000000,  0.000000,  0.000000,  0.000000,  0.000000,  0.000000,  0.000000,  0.000000,  0.000000,  0.000000,  0.000000,  0.000000,  0.000000,  0.000000,  0.000000,  0.000000,  0.000000,  0.000000,  0.000000,  0.000000,  0.000000,  0.000000,  0.000000,  0.000000,  0.000000,  0.000000,  0.000000,  0.000000,  0.000000,  0.000000,  0.000000,  0.000000,  0.000000,  0.000000,  0.000000,  0.000000,  0.000000,  0.000000,  0.000000,  0.000000,  0.000000,  0.000000,  0.000000,  0.000000,  0.000000,  0.000000,  0.000000,  0.000000,  0.000000,  0.000000,  0.000000,  0.000000,  0.000000,  0.000000,  0.000000,  0.000000,  0.000000,  0.000000,  0.000000,  0.000000,  0.000000,  0.000000,  0.000000,  0.000000,  0.000000,  0.000000,  0.000000,  0.000000,  0.000000,  0.000000,  0.000000,  0.000000,  0.000000,  0.000000,  0.000000,  0.000000,  0.000000,  0.000000,  0.000000,  0.000000,  0.000000,  0.000000,  0.000000,  0.000000,  0.000000,  0.000000,  0.000000,  0.000000,  0.000000,  0.000000,  0.000000,  0.000000,  0.000000,  0.000000,  0.000000,  0.000000,  0.000000,  0.000000,  0.000000,  0.000000,  0.000000,  0.000000,  0.000000,  0.000000,  0.000000,  0.000000,  0.000000,  0.000000,  0.000000,  0.000000,  0.000000,  0.000000,  0.000000,  0.000000,  0.000000,  0.000000,  0.000000,  0.000000,  0.000000,  0.000000,  0.000000,  0.000000,  0.000000,  0.000000,  0.000000,  0.000000,  0.000000,  0.000000,  0.000000,  0.000000,  0.000000,  0.000000,  0.000000,  0.000000,  0.000000,  0.000000,  0.000000,  0.000000,  0.000000,  0.000000,  0.000000,  0.000000,  0.000000,  0.000000,  0.000000,  0.000000,  0.000000,  0.000000,  0.000000,  0.000000,  0.000000,  0.000000,  0.000000,  0.000000,  0.000000,  0.000000,  0.000000,  0.000000,  0.000000,  0.000000,  0.000000,  0.000000,  0.000000,  0.000000 ]
checksum = 1.000000
Repeated 4 time
f2=0.556825 a2=0.443175
f3=0.186326 a3=0.256849
f4=0.085692 a4=0.171158
f5=0.046912 a5=0.124246
f6=0.028674 a6=0.095572
f7=0.018912 a7=0.076660
f8=0.013187 a8=0.063472
f9=0.009595 a9=0.053877
f10=0.007219 a10=0.046658
f11=0.005581 a11=0.041077
f12=0.004413 a12=0.036664
f13=0.003555 a13=0.033109
f14=0.002910 a14=0.030198
f15=0.002416 a15=0.027783
f16=0.002029 a16=0.025753
f17=0.001723 a17=0.024030
f18=0.001477 a18=0.022554
f19=0.001276 a19=0.021278
f20=0.001111 a20=0.020167
f21=0.000974 a21=0.019193
f22=0.000859 a22=0.018334
f23=0.000762 a23=0.017572
f24=0.000679 a24=0.016893
f25=0.000608 a25=0.016285
f26=0.000547 a26=0.015738
f27=0.000494 a27=0.015243
f28=0.000448 a28=0.014796
f29=0.000407 a29=0.014388
f30=0.000372 a30=0.014016
f31=0.000340 a31=0.013676
f32=0.000312 a32=0.013364
f33=0.000287 a33=0.013076
f34=0.000265 a34=0.012811
f35=0.000245 a35=0.012566
f36=0.000227 a36=0.012339
f37=0.000211 a37=0.012128
f38=0.000196 a38=0.011931
f39=0.000183 a39=0.011748
f40=0.000171 a40=0.011577
f41=0.000160 a41=0.011417
f42=0.000150 a42=0.011267
f43=0.000141 a43=0.011127
f44=0.000132 a44=0.010995
f45=0.000124 a45=0.010870
f46=0.000117 a46=0.010753
f47=0.000111 a47=0.010642
f48=0.000105 a48=0.010538
f49=0.000099 a49=0.010439
f50=0.010439
[ 0.556825,  0.186326,  0.085692,  0.046912,  0.028674,  0.018912,  0.013187,  0.009595,  0.007219,  0.005581,  0.004413,  0.003555,  0.002910,  0.002416,  0.002029,  0.001723,  0.001477,  0.001276,  0.001111,  0.000974,  0.000859,  0.000762,  0.000679,  0.000608,  0.000547,  0.000494,  0.000448,  0.000407,  0.000372,  0.000340,  0.000312,  0.000287,  0.000265,  0.000245,  0.000227,  0.000211,  0.000196,  0.000183,  0.000171,  0.000160,  0.000150,  0.000141,  0.000132,  0.000124,  0.000117,  0.000111,  0.000105,  0.000099, 0.010439]
0.010439 == 0.010439

total 91736 nodes
[ 0.018313,  0.545173,  0.181183,  0.087490,  0.040409,  0.034131,  0.017757,  0.011043,  0.012263,  0.007031,  0.005527,  0.003717,  0.003793,  0.004339,  0.001057,  0.001450,  0.001243,  0.002147,  0.002082,  0.000589,  0.000316,  0.001602,  0.000392,  0.000894,  0.000643,  0.000610,  0.000861,  0.000207,  0.001177,  0.000033,  0.000131,  0.000501,  0.000044,  0.000120,  0.000425,  0.000087,  0.000164,  0.000523,  0.000360,  0.000142,  0.000087,  0.000044,  0.000676,  0.000436,  0.000251,  0.000174,  0.000109,  0.000164,  0.000589,  0.007500,  0.000000,  0.000000,  0.000000,  0.000000,  0.000000,  0.000000,  0.000000,  0.000000,  0.000000,  0.000000,  0.000000,  0.000000,  0.000000,  0.000000,  0.000000,  0.000000,  0.000000,  0.000000,  0.000000,  0.000000,  0.000000,  0.000000,  0.000000,  0.000000,  0.000000,  0.000000,  0.000000,  0.000000,  0.000000,  0.000000,  0.000000,  0.000000,  0.000000,  0.000000,  0.000000,  0.000000,  0.000000,  0.000000,  0.000000,  0.000000,  0.000000,  0.000000,  0.000000,  0.000000,  0.000000,  0.000000,  0.000000,  0.000000,  0.000000,  0.000000,  0.000000,  0.000000,  0.000000,  0.000000,  0.000000,  0.000000,  0.000000,  0.000000,  0.000000,  0.000000,  0.000000,  0.000000,  0.000000,  0.000000,  0.000000,  0.000000,  0.000000,  0.000000,  0.000000,  0.000000,  0.000000,  0.000000,  0.000000,  0.000000,  0.000000,  0.000000,  0.000000,  0.000000,  0.000000,  0.000000,  0.000000,  0.000000,  0.000000,  0.000000,  0.000000,  0.000000,  0.000000,  0.000000,  0.000000,  0.000000,  0.000000,  0.000000,  0.000000,  0.000000,  0.000000,  0.000000,  0.000000,  0.000000,  0.000000,  0.000000,  0.000000,  0.000000,  0.000000,  0.000000,  0.000000,  0.000000,  0.000000,  0.000000,  0.000000,  0.000000,  0.000000,  0.000000,  0.000000,  0.000000,  0.000000,  0.000000,  0.000000,  0.000000,  0.000000,  0.000000,  0.000000,  0.000000,  0.000000,  0.000000,  0.000000,  0.000000,  0.000000,  0.000000,  0.000000,  0.000000,  0.000000,  0.000000,  0.000000,  0.000000,  0.000000,  0.000000,  0.000000,  0.000000,  0.000000,  0.000000,  0.000000,  0.000000,  0.000000,  0.000000,  0.000000,  0.000000,  0.000000,  0.000000,  0.000000,  0.000000,  0.000000,  0.000000,  0.000000,  0.000000,  0.000000,  0.000000,  0.000000,  0.000000,  0.000000,  0.000000,  0.000000,  0.000000,  0.000000,  0.000000,  0.000000,  0.000000,  0.000000,  0.000000,  0.000000,  0.000000,  0.000000,  0.000000,  0.000000,  0.000000,  0.000000,  0.000000,  0.000000,  0.000000,  0.000000,  0.000000,  0.000000,  0.000000,  0.000000,  0.000000,  0.000000,  0.000000,  0.000000,  0.000000,  0.000000,  0.000000,  0.000000,  0.000000,  0.000000,  0.000000,  0.000000,  0.000000,  0.000000,  0.000000,  0.000000,  0.000000,  0.000000,  0.000000,  0.000000,  0.000000,  0.000000,  0.000000,  0.000000,  0.000000,  0.000000,  0.000000,  0.000000,  0.000000,  0.000000,  0.000000,  0.000000,  0.000000,  0.000000,  0.000000,  0.000000,  0.000000,  0.000000,  0.000000,  0.000000,  0.000000,  0.000000,  0.000000,  0.000000,  0.000000,  0.000000,  0.000000,  0.000000,  0.000000,  0.000000,  0.000000,  0.000000,  0.000000,  0.000000,  0.000000,  0.000000,  0.000000,  0.000000,  0.000000,  0.000000,  0.000000,  0.000000,  0.000000,  0.000000,  0.000000,  0.000000,  0.000000,  0.000000,  0.000000,  0.000000,  0.000000,  0.000000,  0.000000,  0.000000,  0.000000,  0.000000,  0.000000,  0.000000,  0.000000,  0.000000,  0.000000,  0.000000,  0.000000,  0.000000,  0.000000,  0.000000,  0.000000,  0.000000,  0.000000,  0.000000,  0.000000,  0.000000,  0.000000,  0.000000,  0.000000,  0.000000,  0.000000,  0.000000,  0.000000,  0.000000,  0.000000,  0.000000,  0.000000,  0.000000,  0.000000,  0.000000,  0.000000,  0.000000,  0.000000,  0.000000,  0.000000,  0.000000,  0.000000,  0.000000,  0.000000,  0.000000,  0.000000,  0.000000,  0.000000,  0.000000,  0.000000,  0.000000,  0.000000,  0.000000,  0.000000,  0.000000,  0.000000,  0.000000,  0.000000,  0.000000,  0.000000,  0.000000,  0.000000,  0.000000,  0.000000,  0.000000,  0.000000,  0.000000,  0.000000,  0.000000,  0.000000,  0.000000,  0.000000,  0.000000,  0.000000,  0.000000,  0.000000,  0.000000,  0.000000,  0.000000,  0.000000,  0.000000,  0.000000,  0.000000,  0.000000,  0.000000,  0.000000,  0.000000,  0.000000,  0.000000,  0.000000,  0.000000,  0.000000,  0.000000,  0.000000,  0.000000,  0.000000,  0.000000,  0.000000,  0.000000,  0.000000,  0.000000,  0.000000,  0.000000,  0.000000,  0.000000,  0.000000,  0.000000,  0.000000,  0.000000,  0.000000,  0.000000,  0.000000,  0.000000,  0.000000,  0.000000,  0.000000,  0.000000,  0.000000,  0.000000,  0.000000,  0.000000,  0.000000,  0.000000,  0.000000,  0.000000,  0.000000,  0.000000,  0.000000,  0.000000,  0.000000,  0.000000,  0.000000,  0.000000,  0.000000,  0.000000,  0.000000,  0.000000,  0.000000,  0.000000,  0.000000,  0.000000,  0.000000,  0.000000,  0.000000,  0.000000,  0.000000,  0.000000,  0.000000,  0.000000,  0.000000,  0.000000,  0.000000,  0.000000,  0.000000,  0.000000,  0.000000,  0.000000,  0.000000,  0.000000,  0.000000,  0.000000,  0.000000,  0.000000,  0.000000,  0.000000,  0.000000,  0.000000,  0.000000,  0.000000,  0.000000,  0.000000,  0.000000,  0.000000,  0.000000,  0.000000,  0.000000,  0.000000,  0.000000,  0.000000,  0.000000,  0.000000,  0.000000,  0.000000,  0.000000,  0.000000,  0.000000,  0.000000,  0.000000,  0.000000,  0.000000,  0.000000,  0.000000,  0.000000,  0.000000,  0.000000,  0.000000 ]
checksum = 1.000000
Repeated 5 time
f2=0.556825 a2=0.443175
f3=0.186326 a3=0.256849
f4=0.085692 a4=0.171158
f5=0.046912 a5=0.124246
f6=0.028674 a6=0.095572
f7=0.018912 a7=0.076660
f8=0.013187 a8=0.063472
f9=0.009595 a9=0.053877
f10=0.007219 a10=0.046658
f11=0.005581 a11=0.041077
f12=0.004413 a12=0.036664
f13=0.003555 a13=0.033109
f14=0.002910 a14=0.030198
f15=0.002416 a15=0.027783
f16=0.002029 a16=0.025753
f17=0.001723 a17=0.024030
f18=0.001477 a18=0.022554
f19=0.001276 a19=0.021278
f20=0.001111 a20=0.020167
f21=0.000974 a21=0.019193
f22=0.000859 a22=0.018334
f23=0.000762 a23=0.017572
f24=0.000679 a24=0.016893
f25=0.000608 a25=0.016285
f26=0.000547 a26=0.015738
f27=0.000494 a27=0.015243
f28=0.000448 a28=0.014796
f29=0.000407 a29=0.014388
f30=0.000372 a30=0.014016
f31=0.000340 a31=0.013676
f32=0.000312 a32=0.013364
f33=0.000287 a33=0.013076
f34=0.000265 a34=0.012811
f35=0.000245 a35=0.012566
f36=0.000227 a36=0.012339
f37=0.000211 a37=0.012128
f38=0.000196 a38=0.011931
f39=0.000183 a39=0.011748
f40=0.000171 a40=0.011577
f41=0.000160 a41=0.011417
f42=0.000150 a42=0.011267
f43=0.000141 a43=0.011127
f44=0.000132 a44=0.010995
f45=0.000124 a45=0.010870
f46=0.000117 a46=0.010753
f47=0.000111 a47=0.010642
f48=0.000105 a48=0.010538
f49=0.000099 a49=0.010439
f50=0.010439
[ 0.556825,  0.186326,  0.085692,  0.046912,  0.028674,  0.018912,  0.013187,  0.009595,  0.007219,  0.005581,  0.004413,  0.003555,  0.002910,  0.002416,  0.002029,  0.001723,  0.001477,  0.001276,  0.001111,  0.000974,  0.000859,  0.000762,  0.000679,  0.000608,  0.000547,  0.000494,  0.000448,  0.000407,  0.000372,  0.000340,  0.000312,  0.000287,  0.000265,  0.000245,  0.000227,  0.000211,  0.000196,  0.000183,  0.000171,  0.000160,  0.000150,  0.000141,  0.000132,  0.000124,  0.000117,  0.000111,  0.000105,  0.000099, 0.010439]
0.010439 == 0.010439

total 91476 nodes
[ 0.017305,  0.536228,  0.194302,  0.085651,  0.045127,  0.026072,  0.017808,  0.016627,  0.007521,  0.006570,  0.006832,  0.003750,  0.005160,  0.001082,  0.003389,  0.002416,  0.001487,  0.000175,  0.001126,  0.001290,  0.000645,  0.001443,  0.001049,  0.001388,  0.000481,  0.000317,  0.000131,  0.000962,  0.000404,  0.000055,  0.000317,  0.000918,  0.000033,  0.000547,  0.000131,  0.000055,  0.000328,  0.000394,  0.000109,  0.000142,  0.000339,  0.000055,  0.000667,  0.000339,  0.000470,  0.000011,  0.000175,  0.000383,  0.000295,  0.007499,  0.000000,  0.000000,  0.000000,  0.000000,  0.000000,  0.000000,  0.000000,  0.000000,  0.000000,  0.000000,  0.000000,  0.000000,  0.000000,  0.000000,  0.000000,  0.000000,  0.000000,  0.000000,  0.000000,  0.000000,  0.000000,  0.000000,  0.000000,  0.000000,  0.000000,  0.000000,  0.000000,  0.000000,  0.000000,  0.000000,  0.000000,  0.000000,  0.000000,  0.000000,  0.000000,  0.000000,  0.000000,  0.000000,  0.000000,  0.000000,  0.000000,  0.000000,  0.000000,  0.000000,  0.000000,  0.000000,  0.000000,  0.000000,  0.000000,  0.000000,  0.000000,  0.000000,  0.000000,  0.000000,  0.000000,  0.000000,  0.000000,  0.000000,  0.000000,  0.000000,  0.000000,  0.000000,  0.000000,  0.000000,  0.000000,  0.000000,  0.000000,  0.000000,  0.000000,  0.000000,  0.000000,  0.000000,  0.000000,  0.000000,  0.000000,  0.000000,  0.000000,  0.000000,  0.000000,  0.000000,  0.000000,  0.000000,  0.000000,  0.000000,  0.000000,  0.000000,  0.000000,  0.000000,  0.000000,  0.000000,  0.000000,  0.000000,  0.000000,  0.000000,  0.000000,  0.000000,  0.000000,  0.000000,  0.000000,  0.000000,  0.000000,  0.000000,  0.000000,  0.000000,  0.000000,  0.000000,  0.000000,  0.000000,  0.000000,  0.000000,  0.000000,  0.000000,  0.000000,  0.000000,  0.000000,  0.000000,  0.000000,  0.000000,  0.000000,  0.000000,  0.000000,  0.000000,  0.000000,  0.000000,  0.000000,  0.000000,  0.000000,  0.000000,  0.000000,  0.000000,  0.000000,  0.000000,  0.000000,  0.000000,  0.000000,  0.000000,  0.000000,  0.000000,  0.000000,  0.000000,  0.000000,  0.000000,  0.000000,  0.000000,  0.000000,  0.000000,  0.000000,  0.000000,  0.000000,  0.000000,  0.000000,  0.000000,  0.000000,  0.000000,  0.000000,  0.000000,  0.000000,  0.000000,  0.000000,  0.000000,  0.000000,  0.000000,  0.000000,  0.000000,  0.000000,  0.000000,  0.000000,  0.000000,  0.000000,  0.000000,  0.000000,  0.000000,  0.000000,  0.000000,  0.000000,  0.000000,  0.000000,  0.000000,  0.000000,  0.000000,  0.000000,  0.000000,  0.000000,  0.000000,  0.000000,  0.000000,  0.000000,  0.000000,  0.000000,  0.000000,  0.000000,  0.000000,  0.000000,  0.000000,  0.000000,  0.000000,  0.000000,  0.000000,  0.000000,  0.000000,  0.000000,  0.000000,  0.000000,  0.000000,  0.000000,  0.000000,  0.000000,  0.000000,  0.000000,  0.000000,  0.000000,  0.000000,  0.000000,  0.000000,  0.000000,  0.000000,  0.000000,  0.000000,  0.000000,  0.000000,  0.000000,  0.000000,  0.000000,  0.000000,  0.000000,  0.000000,  0.000000,  0.000000,  0.000000,  0.000000,  0.000000,  0.000000,  0.000000,  0.000000,  0.000000,  0.000000,  0.000000,  0.000000,  0.000000,  0.000000,  0.000000,  0.000000,  0.000000,  0.000000,  0.000000,  0.000000,  0.000000,  0.000000,  0.000000,  0.000000,  0.000000,  0.000000,  0.000000,  0.000000,  0.000000,  0.000000,  0.000000,  0.000000,  0.000000,  0.000000,  0.000000,  0.000000,  0.000000,  0.000000,  0.000000,  0.000000,  0.000000,  0.000000,  0.000000,  0.000000,  0.000000,  0.000000,  0.000000,  0.000000,  0.000000,  0.000000,  0.000000,  0.000000,  0.000000,  0.000000,  0.000000,  0.000000,  0.000000,  0.000000,  0.000000,  0.000000,  0.000000,  0.000000,  0.000000,  0.000000,  0.000000,  0.000000,  0.000000,  0.000000,  0.000000,  0.000000,  0.000000,  0.000000,  0.000000,  0.000000,  0.000000,  0.000000,  0.000000,  0.000000,  0.000000,  0.000000,  0.000000,  0.000000,  0.000000,  0.000000,  0.000000,  0.000000,  0.000000,  0.000000,  0.000000,  0.000000,  0.000000,  0.000000,  0.000000,  0.000000,  0.000000,  0.000000,  0.000000,  0.000000,  0.000000,  0.000000,  0.000000,  0.000000,  0.000000,  0.000000,  0.000000,  0.000000,  0.000000,  0.000000,  0.000000,  0.000000,  0.000000,  0.000000,  0.000000,  0.000000,  0.000000,  0.000000,  0.000000,  0.000000,  0.000000,  0.000000,  0.000000,  0.000000,  0.000000,  0.000000,  0.000000,  0.000000,  0.000000,  0.000000,  0.000000,  0.000000,  0.000000,  0.000000,  0.000000,  0.000000,  0.000000,  0.000000,  0.000000,  0.000000,  0.000000,  0.000000,  0.000000,  0.000000,  0.000000,  0.000000,  0.000000,  0.000000,  0.000000,  0.000000,  0.000000,  0.000000,  0.000000,  0.000000,  0.000000,  0.000000,  0.000000,  0.000000,  0.000000,  0.000000,  0.000000,  0.000000,  0.000000,  0.000000,  0.000000,  0.000000,  0.000000,  0.000000,  0.000000,  0.000000,  0.000000,  0.000000,  0.000000,  0.000000,  0.000000,  0.000000,  0.000000,  0.000000,  0.000000,  0.000000,  0.000000,  0.000000,  0.000000,  0.000000,  0.000000,  0.000000,  0.000000,  0.000000,  0.000000,  0.000000,  0.000000,  0.000000,  0.000000,  0.000000,  0.000000,  0.000000,  0.000000,  0.000000,  0.000000,  0.000000,  0.000000,  0.000000,  0.000000,  0.000000,  0.000000,  0.000000,  0.000000,  0.000000,  0.000000,  0.000000,  0.000000,  0.000000,  0.000000,  0.000000,  0.000000,  0.000000,  0.000000,  0.000000,  0.000000,  0.000000,  0.000000,  0.000000,  0.000000,  0.000000,  0.000000,  0.000000 ]
checksum = 1.000000
Repeated 6 time
f2=0.556825 a2=0.443175
f3=0.186326 a3=0.256849
f4=0.085692 a4=0.171158
f5=0.046912 a5=0.124246
f6=0.028674 a6=0.095572
f7=0.018912 a7=0.076660
f8=0.013187 a8=0.063472
f9=0.009595 a9=0.053877
f10=0.007219 a10=0.046658
f11=0.005581 a11=0.041077
f12=0.004413 a12=0.036664
f13=0.003555 a13=0.033109
f14=0.002910 a14=0.030198
f15=0.002416 a15=0.027783
f16=0.002029 a16=0.025753
f17=0.001723 a17=0.024030
f18=0.001477 a18=0.022554
f19=0.001276 a19=0.021278
f20=0.001111 a20=0.020167
f21=0.000974 a21=0.019193
f22=0.000859 a22=0.018334
f23=0.000762 a23=0.017572
f24=0.000679 a24=0.016893
f25=0.000608 a25=0.016285
f26=0.000547 a26=0.015738
f27=0.000494 a27=0.015243
f28=0.000448 a28=0.014796
f29=0.000407 a29=0.014388
f30=0.000372 a30=0.014016
f31=0.000340 a31=0.013676
f32=0.000312 a32=0.013364
f33=0.000287 a33=0.013076
f34=0.000265 a34=0.012811
f35=0.000245 a35=0.012566
f36=0.000227 a36=0.012339
f37=0.000211 a37=0.012128
f38=0.000196 a38=0.011931
f39=0.000183 a39=0.011748
f40=0.000171 a40=0.011577
f41=0.000160 a41=0.011417
f42=0.000150 a42=0.011267
f43=0.000141 a43=0.011127
f44=0.000132 a44=0.010995
f45=0.000124 a45=0.010870
f46=0.000117 a46=0.010753
f47=0.000111 a47=0.010642
f48=0.000105 a48=0.010538
f49=0.000099 a49=0.010439
f50=0.010439
[ 0.556825,  0.186326,  0.085692,  0.046912,  0.028674,  0.018912,  0.013187,  0.009595,  0.007219,  0.005581,  0.004413,  0.003555,  0.002910,  0.002416,  0.002029,  0.001723,  0.001477,  0.001276,  0.001111,  0.000974,  0.000859,  0.000762,  0.000679,  0.000608,  0.000547,  0.000494,  0.000448,  0.000407,  0.000372,  0.000340,  0.000312,  0.000287,  0.000265,  0.000245,  0.000227,  0.000211,  0.000196,  0.000183,  0.000171,  0.000160,  0.000150,  0.000141,  0.000132,  0.000124,  0.000117,  0.000111,  0.000105,  0.000099, 0.010439]
0.010439 == 0.010439

total 92217 nodes
[ 0.019053,  0.545984,  0.182439,  0.085114,  0.042508,  0.031144,  0.017990,  0.012102,  0.009532,  0.007927,  0.005227,  0.006593,  0.001269,  0.005281,  0.001008,  0.000445,  0.001941,  0.001811,  0.001800,  0.002483,  0.000542,  0.000998,  0.000683,  0.000813,  0.000596,  0.000314,  0.000043,  0.000998,  0.000152,  0.000022,  0.000792,  0.000087,  0.000412,  0.000239,  0.000683,  0.000531,  0.000076,  0.000108,  0.000054,  0.000184,  0.000054,  0.000098,  0.000206,  0.000325,  0.000087,  0.000499,  0.000000,  0.000228,  0.000954,  0.007569,  0.000000,  0.000000,  0.000000,  0.000000,  0.000000,  0.000000,  0.000000,  0.000000,  0.000000,  0.000000,  0.000000,  0.000000,  0.000000,  0.000000,  0.000000,  0.000000,  0.000000,  0.000000,  0.000000,  0.000000,  0.000000,  0.000000,  0.000000,  0.000000,  0.000000,  0.000000,  0.000000,  0.000000,  0.000000,  0.000000,  0.000000,  0.000000,  0.000000,  0.000000,  0.000000,  0.000000,  0.000000,  0.000000,  0.000000,  0.000000,  0.000000,  0.000000,  0.000000,  0.000000,  0.000000,  0.000000,  0.000000,  0.000000,  0.000000,  0.000000,  0.000000,  0.000000,  0.000000,  0.000000,  0.000000,  0.000000,  0.000000,  0.000000,  0.000000,  0.000000,  0.000000,  0.000000,  0.000000,  0.000000,  0.000000,  0.000000,  0.000000,  0.000000,  0.000000,  0.000000,  0.000000,  0.000000,  0.000000,  0.000000,  0.000000,  0.000000,  0.000000,  0.000000,  0.000000,  0.000000,  0.000000,  0.000000,  0.000000,  0.000000,  0.000000,  0.000000,  0.000000,  0.000000,  0.000000,  0.000000,  0.000000,  0.000000,  0.000000,  0.000000,  0.000000,  0.000000,  0.000000,  0.000000,  0.000000,  0.000000,  0.000000,  0.000000,  0.000000,  0.000000,  0.000000,  0.000000,  0.000000,  0.000000,  0.000000,  0.000000,  0.000000,  0.000000,  0.000000,  0.000000,  0.000000,  0.000000,  0.000000,  0.000000,  0.000000,  0.000000,  0.000000,  0.000000,  0.000000,  0.000000,  0.000000,  0.000000,  0.000000,  0.000000,  0.000000,  0.000000,  0.000000,  0.000000,  0.000000,  0.000000,  0.000000,  0.000000,  0.000000,  0.000000,  0.000000,  0.000000,  0.000000,  0.000000,  0.000000,  0.000000,  0.000000,  0.000000,  0.000000,  0.000000,  0.000000,  0.000000,  0.000000,  0.000000,  0.000000,  0.000000,  0.000000,  0.000000,  0.000000,  0.000000,  0.000000,  0.000000,  0.000000,  0.000000,  0.000000,  0.000000,  0.000000,  0.000000,  0.000000,  0.000000,  0.000000,  0.000000,  0.000000,  0.000000,  0.000000,  0.000000,  0.000000,  0.000000,  0.000000,  0.000000,  0.000000,  0.000000,  0.000000,  0.000000,  0.000000,  0.000000,  0.000000,  0.000000,  0.000000,  0.000000,  0.000000,  0.000000,  0.000000,  0.000000,  0.000000,  0.000000,  0.000000,  0.000000,  0.000000,  0.000000,  0.000000,  0.000000,  0.000000,  0.000000,  0.000000,  0.000000,  0.000000,  0.000000,  0.000000,  0.000000,  0.000000,  0.000000,  0.000000,  0.000000,  0.000000,  0.000000,  0.000000,  0.000000,  0.000000,  0.000000,  0.000000,  0.000000,  0.000000,  0.000000,  0.000000,  0.000000,  0.000000,  0.000000,  0.000000,  0.000000,  0.000000,  0.000000,  0.000000,  0.000000,  0.000000,  0.000000,  0.000000,  0.000000,  0.000000,  0.000000,  0.000000,  0.000000,  0.000000,  0.000000,  0.000000,  0.000000,  0.000000,  0.000000,  0.000000,  0.000000,  0.000000,  0.000000,  0.000000,  0.000000,  0.000000,  0.000000,  0.000000,  0.000000,  0.000000,  0.000000,  0.000000,  0.000000,  0.000000,  0.000000,  0.000000,  0.000000,  0.000000,  0.000000,  0.000000,  0.000000,  0.000000,  0.000000,  0.000000,  0.000000,  0.000000,  0.000000,  0.000000,  0.000000,  0.000000,  0.000000,  0.000000,  0.000000,  0.000000,  0.000000,  0.000000,  0.000000,  0.000000,  0.000000,  0.000000,  0.000000,  0.000000,  0.000000,  0.000000,  0.000000,  0.000000,  0.000000,  0.000000,  0.000000,  0.000000,  0.000000,  0.000000,  0.000000,  0.000000,  0.000000,  0.000000,  0.000000,  0.000000,  0.000000,  0.000000,  0.000000,  0.000000,  0.000000,  0.000000,  0.000000,  0.000000,  0.000000,  0.000000,  0.000000,  0.000000,  0.000000,  0.000000,  0.000000,  0.000000,  0.000000,  0.000000,  0.000000,  0.000000,  0.000000,  0.000000,  0.000000,  0.000000,  0.000000,  0.000000,  0.000000,  0.000000,  0.000000,  0.000000,  0.000000,  0.000000,  0.000000,  0.000000,  0.000000,  0.000000,  0.000000,  0.000000,  0.000000,  0.000000,  0.000000,  0.000000,  0.000000,  0.000000,  0.000000,  0.000000,  0.000000,  0.000000,  0.000000,  0.000000,  0.000000,  0.000000,  0.000000,  0.000000,  0.000000,  0.000000,  0.000000,  0.000000,  0.000000,  0.000000,  0.000000,  0.000000,  0.000000,  0.000000,  0.000000,  0.000000,  0.000000,  0.000000,  0.000000,  0.000000,  0.000000,  0.000000,  0.000000,  0.000000,  0.000000,  0.000000,  0.000000,  0.000000,  0.000000,  0.000000,  0.000000,  0.000000,  0.000000,  0.000000,  0.000000,  0.000000,  0.000000,  0.000000,  0.000000,  0.000000,  0.000000,  0.000000,  0.000000,  0.000000,  0.000000,  0.000000,  0.000000,  0.000000,  0.000000,  0.000000,  0.000000,  0.000000,  0.000000,  0.000000,  0.000000,  0.000000,  0.000000,  0.000000,  0.000000,  0.000000,  0.000000,  0.000000,  0.000000,  0.000000,  0.000000,  0.000000,  0.000000,  0.000000,  0.000000,  0.000000,  0.000000,  0.000000,  0.000000,  0.000000,  0.000000,  0.000000,  0.000000,  0.000000,  0.000000,  0.000000,  0.000000,  0.000000,  0.000000,  0.000000,  0.000000,  0.000000,  0.000000,  0.000000,  0.000000,  0.000000,  0.000000,  0.000000,  0.000000,  0.000000,  0.000000 ]
checksum = 1.000000
Repeated 7 time
f2=0.556825 a2=0.443175
f3=0.186326 a3=0.256849
f4=0.085692 a4=0.171158
f5=0.046912 a5=0.124246
f6=0.028674 a6=0.095572
f7=0.018912 a7=0.076660
f8=0.013187 a8=0.063472
f9=0.009595 a9=0.053877
f10=0.007219 a10=0.046658
f11=0.005581 a11=0.041077
f12=0.004413 a12=0.036664
f13=0.003555 a13=0.033109
f14=0.002910 a14=0.030198
f15=0.002416 a15=0.027783
f16=0.002029 a16=0.025753
f17=0.001723 a17=0.024030
f18=0.001477 a18=0.022554
f19=0.001276 a19=0.021278
f20=0.001111 a20=0.020167
f21=0.000974 a21=0.019193
f22=0.000859 a22=0.018334
f23=0.000762 a23=0.017572
f24=0.000679 a24=0.016893
f25=0.000608 a25=0.016285
f26=0.000547 a26=0.015738
f27=0.000494 a27=0.015243
f28=0.000448 a28=0.014796
f29=0.000407 a29=0.014388
f30=0.000372 a30=0.014016
f31=0.000340 a31=0.013676
f32=0.000312 a32=0.013364
f33=0.000287 a33=0.013076
f34=0.000265 a34=0.012811
f35=0.000245 a35=0.012566
f36=0.000227 a36=0.012339
f37=0.000211 a37=0.012128
f38=0.000196 a38=0.011931
f39=0.000183 a39=0.011748
f40=0.000171 a40=0.011577
f41=0.000160 a41=0.011417
f42=0.000150 a42=0.011267
f43=0.000141 a43=0.011127
f44=0.000132 a44=0.010995
f45=0.000124 a45=0.010870
f46=0.000117 a46=0.010753
f47=0.000111 a47=0.010642
f48=0.000105 a48=0.010538
f49=0.000099 a49=0.010439
f50=0.010439
[ 0.556825,  0.186326,  0.085692,  0.046912,  0.028674,  0.018912,  0.013187,  0.009595,  0.007219,  0.005581,  0.004413,  0.003555,  0.002910,  0.002416,  0.002029,  0.001723,  0.001477,  0.001276,  0.001111,  0.000974,  0.000859,  0.000762,  0.000679,  0.000608,  0.000547,  0.000494,  0.000448,  0.000407,  0.000372,  0.000340,  0.000312,  0.000287,  0.000265,  0.000245,  0.000227,  0.000211,  0.000196,  0.000183,  0.000171,  0.000160,  0.000150,  0.000141,  0.000132,  0.000124,  0.000117,  0.000111,  0.000105,  0.000099, 0.010439]
0.010439 == 0.010439

total 91357 nodes
[ 0.020557,  0.548956,  0.178596,  0.084383,  0.047309,  0.021739,  0.021531,  0.017787,  0.007323,  0.004335,  0.004477,  0.006798,  0.001992,  0.004389,  0.002977,  0.001697,  0.000504,  0.002846,  0.000482,  0.002014,  0.000219,  0.001937,  0.000274,  0.000252,  0.001861,  0.000131,  0.000504,  0.000536,  0.000493,  0.000011,  0.000055,  0.000952,  0.000482,  0.000164,  0.000383,  0.000317,  0.000109,  0.000055,  0.000317,  0.000066,  0.000328,  0.000230,  0.000219,  0.000514,  0.000153,  0.000120,  0.000219,  0.000153,  0.000854,  0.007400,  0.000000,  0.000000,  0.000000,  0.000000,  0.000000,  0.000000,  0.000000,  0.000000,  0.000000,  0.000000,  0.000000,  0.000000,  0.000000,  0.000000,  0.000000,  0.000000,  0.000000,  0.000000,  0.000000,  0.000000,  0.000000,  0.000000,  0.000000,  0.000000,  0.000000,  0.000000,  0.000000,  0.000000,  0.000000,  0.000000,  0.000000,  0.000000,  0.000000,  0.000000,  0.000000,  0.000000,  0.000000,  0.000000,  0.000000,  0.000000,  0.000000,  0.000000,  0.000000,  0.000000,  0.000000,  0.000000,  0.000000,  0.000000,  0.000000,  0.000000,  0.000000,  0.000000,  0.000000,  0.000000,  0.000000,  0.000000,  0.000000,  0.000000,  0.000000,  0.000000,  0.000000,  0.000000,  0.000000,  0.000000,  0.000000,  0.000000,  0.000000,  0.000000,  0.000000,  0.000000,  0.000000,  0.000000,  0.000000,  0.000000,  0.000000,  0.000000,  0.000000,  0.000000,  0.000000,  0.000000,  0.000000,  0.000000,  0.000000,  0.000000,  0.000000,  0.000000,  0.000000,  0.000000,  0.000000,  0.000000,  0.000000,  0.000000,  0.000000,  0.000000,  0.000000,  0.000000,  0.000000,  0.000000,  0.000000,  0.000000,  0.000000,  0.000000,  0.000000,  0.000000,  0.000000,  0.000000,  0.000000,  0.000000,  0.000000,  0.000000,  0.000000,  0.000000,  0.000000,  0.000000,  0.000000,  0.000000,  0.000000,  0.000000,  0.000000,  0.000000,  0.000000,  0.000000,  0.000000,  0.000000,  0.000000,  0.000000,  0.000000,  0.000000,  0.000000,  0.000000,  0.000000,  0.000000,  0.000000,  0.000000,  0.000000,  0.000000,  0.000000,  0.000000,  0.000000,  0.000000,  0.000000,  0.000000,  0.000000,  0.000000,  0.000000,  0.000000,  0.000000,  0.000000,  0.000000,  0.000000,  0.000000,  0.000000,  0.000000,  0.000000,  0.000000,  0.000000,  0.000000,  0.000000,  0.000000,  0.000000,  0.000000,  0.000000,  0.000000,  0.000000,  0.000000,  0.000000,  0.000000,  0.000000,  0.000000,  0.000000,  0.000000,  0.000000,  0.000000,  0.000000,  0.000000,  0.000000,  0.000000,  0.000000,  0.000000,  0.000000,  0.000000,  0.000000,  0.000000,  0.000000,  0.000000,  0.000000,  0.000000,  0.000000,  0.000000,  0.000000,  0.000000,  0.000000,  0.000000,  0.000000,  0.000000,  0.000000,  0.000000,  0.000000,  0.000000,  0.000000,  0.000000,  0.000000,  0.000000,  0.000000,  0.000000,  0.000000,  0.000000,  0.000000,  0.000000,  0.000000,  0.000000,  0.000000,  0.000000,  0.000000,  0.000000,  0.000000,  0.000000,  0.000000,  0.000000,  0.000000,  0.000000,  0.000000,  0.000000,  0.000000,  0.000000,  0.000000,  0.000000,  0.000000,  0.000000,  0.000000,  0.000000,  0.000000,  0.000000,  0.000000,  0.000000,  0.000000,  0.000000,  0.000000,  0.000000,  0.000000,  0.000000,  0.000000,  0.000000,  0.000000,  0.000000,  0.000000,  0.000000,  0.000000,  0.000000,  0.000000,  0.000000,  0.000000,  0.000000,  0.000000,  0.000000,  0.000000,  0.000000,  0.000000,  0.000000,  0.000000,  0.000000,  0.000000,  0.000000,  0.000000,  0.000000,  0.000000,  0.000000,  0.000000,  0.000000,  0.000000,  0.000000,  0.000000,  0.000000,  0.000000,  0.000000,  0.000000,  0.000000,  0.000000,  0.000000,  0.000000,  0.000000,  0.000000,  0.000000,  0.000000,  0.000000,  0.000000,  0.000000,  0.000000,  0.000000,  0.000000,  0.000000,  0.000000,  0.000000,  0.000000,  0.000000,  0.000000,  0.000000,  0.000000,  0.000000,  0.000000,  0.000000,  0.000000,  0.000000,  0.000000,  0.000000,  0.000000,  0.000000,  0.000000,  0.000000,  0.000000,  0.000000,  0.000000,  0.000000,  0.000000,  0.000000,  0.000000,  0.000000,  0.000000,  0.000000,  0.000000,  0.000000,  0.000000,  0.000000,  0.000000,  0.000000,  0.000000,  0.000000,  0.000000,  0.000000,  0.000000,  0.000000,  0.000000,  0.000000,  0.000000,  0.000000,  0.000000,  0.000000,  0.000000,  0.000000,  0.000000,  0.000000,  0.000000,  0.000000,  0.000000,  0.000000,  0.000000,  0.000000,  0.000000,  0.000000,  0.000000,  0.000000,  0.000000,  0.000000,  0.000000,  0.000000,  0.000000,  0.000000,  0.000000,  0.000000,  0.000000,  0.000000,  0.000000,  0.000000,  0.000000,  0.000000,  0.000000,  0.000000,  0.000000,  0.000000,  0.000000,  0.000000,  0.000000,  0.000000,  0.000000,  0.000000,  0.000000,  0.000000,  0.000000,  0.000000,  0.000000,  0.000000,  0.000000,  0.000000,  0.000000,  0.000000,  0.000000,  0.000000,  0.000000,  0.000000,  0.000000,  0.000000,  0.000000,  0.000000,  0.000000,  0.000000,  0.000000,  0.000000,  0.000000,  0.000000,  0.000000,  0.000000,  0.000000,  0.000000,  0.000000,  0.000000,  0.000000,  0.000000,  0.000000,  0.000000,  0.000000,  0.000000,  0.000000,  0.000000,  0.000000,  0.000000,  0.000000,  0.000000,  0.000000,  0.000000,  0.000000,  0.000000,  0.000000,  0.000000,  0.000000,  0.000000,  0.000000,  0.000000,  0.000000,  0.000000,  0.000000,  0.000000,  0.000000,  0.000000,  0.000000,  0.000000,  0.000000,  0.000000,  0.000000,  0.000000,  0.000000,  0.000000,  0.000000,  0.000000,  0.000000,  0.000000,  0.000000,  0.000000,  0.000000,  0.000000,  0.000000 ]
checksum = 1.000000
Repeated 8 time
f2=0.556825 a2=0.443175
f3=0.186326 a3=0.256849
f4=0.085692 a4=0.171158
f5=0.046912 a5=0.124246
f6=0.028674 a6=0.095572
f7=0.018912 a7=0.076660
f8=0.013187 a8=0.063472
f9=0.009595 a9=0.053877
f10=0.007219 a10=0.046658
f11=0.005581 a11=0.041077
f12=0.004413 a12=0.036664
f13=0.003555 a13=0.033109
f14=0.002910 a14=0.030198
f15=0.002416 a15=0.027783
f16=0.002029 a16=0.025753
f17=0.001723 a17=0.024030
f18=0.001477 a18=0.022554
f19=0.001276 a19=0.021278
f20=0.001111 a20=0.020167
f21=0.000974 a21=0.019193
f22=0.000859 a22=0.018334
f23=0.000762 a23=0.017572
f24=0.000679 a24=0.016893
f25=0.000608 a25=0.016285
f26=0.000547 a26=0.015738
f27=0.000494 a27=0.015243
f28=0.000448 a28=0.014796
f29=0.000407 a29=0.014388
f30=0.000372 a30=0.014016
f31=0.000340 a31=0.013676
f32=0.000312 a32=0.013364
f33=0.000287 a33=0.013076
f34=0.000265 a34=0.012811
f35=0.000245 a35=0.012566
f36=0.000227 a36=0.012339
f37=0.000211 a37=0.012128
f38=0.000196 a38=0.011931
f39=0.000183 a39=0.011748
f40=0.000171 a40=0.011577
f41=0.000160 a41=0.011417
f42=0.000150 a42=0.011267
f43=0.000141 a43=0.011127
f44=0.000132 a44=0.010995
f45=0.000124 a45=0.010870
f46=0.000117 a46=0.010753
f47=0.000111 a47=0.010642
f48=0.000105 a48=0.010538
f49=0.000099 a49=0.010439
f50=0.010439
[ 0.556825,  0.186326,  0.085692,  0.046912,  0.028674,  0.018912,  0.013187,  0.009595,  0.007219,  0.005581,  0.004413,  0.003555,  0.002910,  0.002416,  0.002029,  0.001723,  0.001477,  0.001276,  0.001111,  0.000974,  0.000859,  0.000762,  0.000679,  0.000608,  0.000547,  0.000494,  0.000448,  0.000407,  0.000372,  0.000340,  0.000312,  0.000287,  0.000265,  0.000245,  0.000227,  0.000211,  0.000196,  0.000183,  0.000171,  0.000160,  0.000150,  0.000141,  0.000132,  0.000124,  0.000117,  0.000111,  0.000105,  0.000099, 0.010439]
0.010439 == 0.010439

total 92456 nodes
[ 0.019804,  0.552209,  0.169789,  0.090865,  0.045254,  0.025839,  0.019999,  0.013347,  0.008902,  0.008610,  0.005689,  0.004034,  0.004218,  0.001914,  0.003050,  0.001525,  0.001363,  0.000833,  0.003126,  0.000671,  0.000443,  0.000443,  0.001525,  0.000292,  0.001114,  0.000779,  0.000151,  0.000811,  0.000011,  0.000725,  0.000389,  0.000076,  0.000000,  0.000627,  0.000206,  0.000562,  0.000206,  0.000368,  0.000022,  0.000314,  0.000292,  0.000011,  0.000335,  0.000173,  0.000022,  0.000054,  0.000260,  0.000379,  0.000973,  0.007398,  0.000000,  0.000000,  0.000000,  0.000000,  0.000000,  0.000000,  0.000000,  0.000000,  0.000000,  0.000000,  0.000000,  0.000000,  0.000000,  0.000000,  0.000000,  0.000000,  0.000000,  0.000000,  0.000000,  0.000000,  0.000000,  0.000000,  0.000000,  0.000000,  0.000000,  0.000000,  0.000000,  0.000000,  0.000000,  0.000000,  0.000000,  0.000000,  0.000000,  0.000000,  0.000000,  0.000000,  0.000000,  0.000000,  0.000000,  0.000000,  0.000000,  0.000000,  0.000000,  0.000000,  0.000000,  0.000000,  0.000000,  0.000000,  0.000000,  0.000000,  0.000000,  0.000000,  0.000000,  0.000000,  0.000000,  0.000000,  0.000000,  0.000000,  0.000000,  0.000000,  0.000000,  0.000000,  0.000000,  0.000000,  0.000000,  0.000000,  0.000000,  0.000000,  0.000000,  0.000000,  0.000000,  0.000000,  0.000000,  0.000000,  0.000000,  0.000000,  0.000000,  0.000000,  0.000000,  0.000000,  0.000000,  0.000000,  0.000000,  0.000000,  0.000000,  0.000000,  0.000000,  0.000000,  0.000000,  0.000000,  0.000000,  0.000000,  0.000000,  0.000000,  0.000000,  0.000000,  0.000000,  0.000000,  0.000000,  0.000000,  0.000000,  0.000000,  0.000000,  0.000000,  0.000000,  0.000000,  0.000000,  0.000000,  0.000000,  0.000000,  0.000000,  0.000000,  0.000000,  0.000000,  0.000000,  0.000000,  0.000000,  0.000000,  0.000000,  0.000000,  0.000000,  0.000000,  0.000000,  0.000000,  0.000000,  0.000000,  0.000000,  0.000000,  0.000000,  0.000000,  0.000000,  0.000000,  0.000000,  0.000000,  0.000000,  0.000000,  0.000000,  0.000000,  0.000000,  0.000000,  0.000000,  0.000000,  0.000000,  0.000000,  0.000000,  0.000000,  0.000000,  0.000000,  0.000000,  0.000000,  0.000000,  0.000000,  0.000000,  0.000000,  0.000000,  0.000000,  0.000000,  0.000000,  0.000000,  0.000000,  0.000000,  0.000000,  0.000000,  0.000000,  0.000000,  0.000000,  0.000000,  0.000000,  0.000000,  0.000000,  0.000000,  0.000000,  0.000000,  0.000000,  0.000000,  0.000000,  0.000000,  0.000000,  0.000000,  0.000000,  0.000000,  0.000000,  0.000000,  0.000000,  0.000000,  0.000000,  0.000000,  0.000000,  0.000000,  0.000000,  0.000000,  0.000000,  0.000000,  0.000000,  0.000000,  0.000000,  0.000000,  0.000000,  0.000000,  0.000000,  0.000000,  0.000000,  0.000000,  0.000000,  0.000000,  0.000000,  0.000000,  0.000000,  0.000000,  0.000000,  0.000000,  0.000000,  0.000000,  0.000000,  0.000000,  0.000000,  0.000000,  0.000000,  0.000000,  0.000000,  0.000000,  0.000000,  0.000000,  0.000000,  0.000000,  0.000000,  0.000000,  0.000000,  0.000000,  0.000000,  0.000000,  0.000000,  0.000000,  0.000000,  0.000000,  0.000000,  0.000000,  0.000000,  0.000000,  0.000000,  0.000000,  0.000000,  0.000000,  0.000000,  0.000000,  0.000000,  0.000000,  0.000000,  0.000000,  0.000000,  0.000000,  0.000000,  0.000000,  0.000000,  0.000000,  0.000000,  0.000000,  0.000000,  0.000000,  0.000000,  0.000000,  0.000000,  0.000000,  0.000000,  0.000000,  0.000000,  0.000000,  0.000000,  0.000000,  0.000000,  0.000000,  0.000000,  0.000000,  0.000000,  0.000000,  0.000000,  0.000000,  0.000000,  0.000000,  0.000000,  0.000000,  0.000000,  0.000000,  0.000000,  0.000000,  0.000000,  0.000000,  0.000000,  0.000000,  0.000000,  0.000000,  0.000000,  0.000000,  0.000000,  0.000000,  0.000000,  0.000000,  0.000000,  0.000000,  0.000000,  0.000000,  0.000000,  0.000000,  0.000000,  0.000000,  0.000000,  0.000000,  0.000000,  0.000000,  0.000000,  0.000000,  0.000000,  0.000000,  0.000000,  0.000000,  0.000000,  0.000000,  0.000000,  0.000000,  0.000000,  0.000000,  0.000000,  0.000000,  0.000000,  0.000000,  0.000000,  0.000000,  0.000000,  0.000000,  0.000000,  0.000000,  0.000000,  0.000000,  0.000000,  0.000000,  0.000000,  0.000000,  0.000000,  0.000000,  0.000000,  0.000000,  0.000000,  0.000000,  0.000000,  0.000000,  0.000000,  0.000000,  0.000000,  0.000000,  0.000000,  0.000000,  0.000000,  0.000000,  0.000000,  0.000000,  0.000000,  0.000000,  0.000000,  0.000000,  0.000000,  0.000000,  0.000000,  0.000000,  0.000000,  0.000000,  0.000000,  0.000000,  0.000000,  0.000000,  0.000000,  0.000000,  0.000000,  0.000000,  0.000000,  0.000000,  0.000000,  0.000000,  0.000000,  0.000000,  0.000000,  0.000000,  0.000000,  0.000000,  0.000000,  0.000000,  0.000000,  0.000000,  0.000000,  0.000000,  0.000000,  0.000000,  0.000000,  0.000000,  0.000000,  0.000000,  0.000000,  0.000000,  0.000000,  0.000000,  0.000000,  0.000000,  0.000000,  0.000000,  0.000000,  0.000000,  0.000000,  0.000000,  0.000000,  0.000000,  0.000000,  0.000000,  0.000000,  0.000000,  0.000000,  0.000000,  0.000000,  0.000000,  0.000000,  0.000000,  0.000000,  0.000000,  0.000000,  0.000000,  0.000000,  0.000000,  0.000000,  0.000000,  0.000000,  0.000000,  0.000000,  0.000000,  0.000000,  0.000000,  0.000000,  0.000000,  0.000000,  0.000000,  0.000000,  0.000000,  0.000000,  0.000000,  0.000000,  0.000000,  0.000000,  0.000000,  0.000000,  0.000000,  0.000000,  0.000000,  0.000000 ]
checksum = 1.000000
Repeated 9 time
f2=0.556825 a2=0.443175
f3=0.186326 a3=0.256849
f4=0.085692 a4=0.171158
f5=0.046912 a5=0.124246
f6=0.028674 a6=0.095572
f7=0.018912 a7=0.076660
f8=0.013187 a8=0.063472
f9=0.009595 a9=0.053877
f10=0.007219 a10=0.046658
f11=0.005581 a11=0.041077
f12=0.004413 a12=0.036664
f13=0.003555 a13=0.033109
f14=0.002910 a14=0.030198
f15=0.002416 a15=0.027783
f16=0.002029 a16=0.025753
f17=0.001723 a17=0.024030
f18=0.001477 a18=0.022554
f19=0.001276 a19=0.021278
f20=0.001111 a20=0.020167
f21=0.000974 a21=0.019193
f22=0.000859 a22=0.018334
f23=0.000762 a23=0.017572
f24=0.000679 a24=0.016893
f25=0.000608 a25=0.016285
f26=0.000547 a26=0.015738
f27=0.000494 a27=0.015243
f28=0.000448 a28=0.014796
f29=0.000407 a29=0.014388
f30=0.000372 a30=0.014016
f31=0.000340 a31=0.013676
f32=0.000312 a32=0.013364
f33=0.000287 a33=0.013076
f34=0.000265 a34=0.012811
f35=0.000245 a35=0.012566
f36=0.000227 a36=0.012339
f37=0.000211 a37=0.012128
f38=0.000196 a38=0.011931
f39=0.000183 a39=0.011748
f40=0.000171 a40=0.011577
f41=0.000160 a41=0.011417
f42=0.000150 a42=0.011267
f43=0.000141 a43=0.011127
f44=0.000132 a44=0.010995
f45=0.000124 a45=0.010870
f46=0.000117 a46=0.010753
f47=0.000111 a47=0.010642
f48=0.000105 a48=0.010538
f49=0.000099 a49=0.010439
f50=0.010439
[ 0.556825,  0.186326,  0.085692,  0.046912,  0.028674,  0.018912,  0.013187,  0.009595,  0.007219,  0.005581,  0.004413,  0.003555,  0.002910,  0.002416,  0.002029,  0.001723,  0.001477,  0.001276,  0.001111,  0.000974,  0.000859,  0.000762,  0.000679,  0.000608,  0.000547,  0.000494,  0.000448,  0.000407,  0.000372,  0.000340,  0.000312,  0.000287,  0.000265,  0.000245,  0.000227,  0.000211,  0.000196,  0.000183,  0.000171,  0.000160,  0.000150,  0.000141,  0.000132,  0.000124,  0.000117,  0.000111,  0.000105,  0.000099, 0.010439]
0.010439 == 0.010439

total 92079 nodes
[ 0.021275,  0.539776,  0.184852,  0.084493,  0.047492,  0.028953,  0.017930,  0.012989,  0.009068,  0.007743,  0.004105,  0.004322,  0.006462,  0.000738,  0.001553,  0.004507,  0.000738,  0.001825,  0.000630,  0.001032,  0.000608,  0.002726,  0.000858,  0.000087,  0.000065,  0.000065,  0.000858,  0.000597,  0.000880,  0.000402,  0.000011,  0.000250,  0.000174,  0.000391,  0.000152,  0.000358,  0.000424,  0.000402,  0.000250,  0.000348,  0.000130,  0.000000,  0.000000,  0.000033,  0.000402,  0.000130,  0.000228,  0.000304,  0.000510,  0.007874,  0.000000,  0.000000,  0.000000,  0.000000,  0.000000,  0.000000,  0.000000,  0.000000,  0.000000,  0.000000,  0.000000,  0.000000,  0.000000,  0.000000,  0.000000,  0.000000,  0.000000,  0.000000,  0.000000,  0.000000,  0.000000,  0.000000,  0.000000,  0.000000,  0.000000,  0.000000,  0.000000,  0.000000,  0.000000,  0.000000,  0.000000,  0.000000,  0.000000,  0.000000,  0.000000,  0.000000,  0.000000,  0.000000,  0.000000,  0.000000,  0.000000,  0.000000,  0.000000,  0.000000,  0.000000,  0.000000,  0.000000,  0.000000,  0.000000,  0.000000,  0.000000,  0.000000,  0.000000,  0.000000,  0.000000,  0.000000,  0.000000,  0.000000,  0.000000,  0.000000,  0.000000,  0.000000,  0.000000,  0.000000,  0.000000,  0.000000,  0.000000,  0.000000,  0.000000,  0.000000,  0.000000,  0.000000,  0.000000,  0.000000,  0.000000,  0.000000,  0.000000,  0.000000,  0.000000,  0.000000,  0.000000,  0.000000,  0.000000,  0.000000,  0.000000,  0.000000,  0.000000,  0.000000,  0.000000,  0.000000,  0.000000,  0.000000,  0.000000,  0.000000,  0.000000,  0.000000,  0.000000,  0.000000,  0.000000,  0.000000,  0.000000,  0.000000,  0.000000,  0.000000,  0.000000,  0.000000,  0.000000,  0.000000,  0.000000,  0.000000,  0.000000,  0.000000,  0.000000,  0.000000,  0.000000,  0.000000,  0.000000,  0.000000,  0.000000,  0.000000,  0.000000,  0.000000,  0.000000,  0.000000,  0.000000,  0.000000,  0.000000,  0.000000,  0.000000,  0.000000,  0.000000,  0.000000,  0.000000,  0.000000,  0.000000,  0.000000,  0.000000,  0.000000,  0.000000,  0.000000,  0.000000,  0.000000,  0.000000,  0.000000,  0.000000,  0.000000,  0.000000,  0.000000,  0.000000,  0.000000,  0.000000,  0.000000,  0.000000,  0.000000,  0.000000,  0.000000,  0.000000,  0.000000,  0.000000,  0.000000,  0.000000,  0.000000,  0.000000,  0.000000,  0.000000,  0.000000,  0.000000,  0.000000,  0.000000,  0.000000,  0.000000,  0.000000,  0.000000,  0.000000,  0.000000,  0.000000,  0.000000,  0.000000,  0.000000,  0.000000,  0.000000,  0.000000,  0.000000,  0.000000,  0.000000,  0.000000,  0.000000,  0.000000,  0.000000,  0.000000,  0.000000,  0.000000,  0.000000,  0.000000,  0.000000,  0.000000,  0.000000,  0.000000,  0.000000,  0.000000,  0.000000,  0.000000,  0.000000,  0.000000,  0.000000,  0.000000,  0.000000,  0.000000,  0.000000,  0.000000,  0.000000,  0.000000,  0.000000,  0.000000,  0.000000,  0.000000,  0.000000,  0.000000,  0.000000,  0.000000,  0.000000,  0.000000,  0.000000,  0.000000,  0.000000,  0.000000,  0.000000,  0.000000,  0.000000,  0.000000,  0.000000,  0.000000,  0.000000,  0.000000,  0.000000,  0.000000,  0.000000,  0.000000,  0.000000,  0.000000,  0.000000,  0.000000,  0.000000,  0.000000,  0.000000,  0.000000,  0.000000,  0.000000,  0.000000,  0.000000,  0.000000,  0.000000,  0.000000,  0.000000,  0.000000,  0.000000,  0.000000,  0.000000,  0.000000,  0.000000,  0.000000,  0.000000,  0.000000,  0.000000,  0.000000,  0.000000,  0.000000,  0.000000,  0.000000,  0.000000,  0.000000,  0.000000,  0.000000,  0.000000,  0.000000,  0.000000,  0.000000,  0.000000,  0.000000,  0.000000,  0.000000,  0.000000,  0.000000,  0.000000,  0.000000,  0.000000,  0.000000,  0.000000,  0.000000,  0.000000,  0.000000,  0.000000,  0.000000,  0.000000,  0.000000,  0.000000,  0.000000,  0.000000,  0.000000,  0.000000,  0.000000,  0.000000,  0.000000,  0.000000,  0.000000,  0.000000,  0.000000,  0.000000,  0.000000,  0.000000,  0.000000,  0.000000,  0.000000,  0.000000,  0.000000,  0.000000,  0.000000,  0.000000,  0.000000,  0.000000,  0.000000,  0.000000,  0.000000,  0.000000,  0.000000,  0.000000,  0.000000,  0.000000,  0.000000,  0.000000,  0.000000,  0.000000,  0.000000,  0.000000,  0.000000,  0.000000,  0.000000,  0.000000,  0.000000,  0.000000,  0.000000,  0.000000,  0.000000,  0.000000,  0.000000,  0.000000,  0.000000,  0.000000,  0.000000,  0.000000,  0.000000,  0.000000,  0.000000,  0.000000,  0.000000,  0.000000,  0.000000,  0.000000,  0.000000,  0.000000,  0.000000,  0.000000,  0.000000,  0.000000,  0.000000,  0.000000,  0.000000,  0.000000,  0.000000,  0.000000,  0.000000,  0.000000,  0.000000,  0.000000,  0.000000,  0.000000,  0.000000,  0.000000,  0.000000,  0.000000,  0.000000,  0.000000,  0.000000,  0.000000,  0.000000,  0.000000,  0.000000,  0.000000,  0.000000,  0.000000,  0.000000,  0.000000,  0.000000,  0.000000,  0.000000,  0.000000,  0.000000,  0.000000,  0.000000,  0.000000,  0.000000,  0.000000,  0.000000,  0.000000,  0.000000,  0.000000,  0.000000,  0.000000,  0.000000,  0.000000,  0.000000,  0.000000,  0.000000,  0.000000,  0.000000,  0.000000,  0.000000,  0.000000,  0.000000,  0.000000,  0.000000,  0.000000,  0.000000,  0.000000,  0.000000,  0.000000,  0.000000,  0.000000,  0.000000,  0.000000,  0.000000,  0.000000,  0.000000,  0.000000,  0.000000,  0.000000,  0.000000,  0.000000,  0.000000,  0.000000,  0.000000,  0.000000,  0.000000,  0.000000,  0.000000,  0.000000,  0.000000,  0.000000,  0.000000,  0.000000 ]
checksum = 1.000000
====================
[ 0.000000,  0.020077,  0.544938,  0.181190,  0.085619,  0.045271,  0.029027,  0.018112,  0.013492,  0.009135,  0.007008,  0.005374,  0.004475,  0.003811,  0.003273,  0.002285,  0.001691,  0.001129,  0.002176,  0.001281,  0.001382,  0.000661,  0.001375,  0.000836,  0.000652,  0.000608,  0.000403,  0.000398,  0.000835,  0.000569,  0.000184,  0.000296,  0.000313,  0.000226,  0.000292,  0.000352,  0.000273,  0.000338,  0.000303,  0.000196,  0.000327,  0.000180,  0.000080,  0.000265,  0.000251,  0.000193,  0.000178,  0.000169,  0.000221,  0.000661,  0.007619,  0.000000,  0.000000,  0.000000,  0.000000,  0.000000,  0.000000,  0.000000,  0.000000,  0.000000,  0.000000,  0.000000,  0.000000,  0.000000,  0.000000,  0.000000,  0.000000,  0.000000,  0.000000,  0.000000,  0.000000,  0.000000,  0.000000,  0.000000,  0.000000,  0.000000,  0.000000,  0.000000,  0.000000,  0.000000,  0.000000,  0.000000,  0.000000,  0.000000,  0.000000,  0.000000,  0.000000,  0.000000,  0.000000,  0.000000,  0.000000,  0.000000,  0.000000,  0.000000,  0.000000,  0.000000,  0.000000,  0.000000,  0.000000,  0.000000,  0.000000 ]
f2=0.556825 a2=0.443175
f3=0.186326 a3=0.256849
f4=0.085692 a4=0.171158
f5=0.046912 a5=0.124246
f6=0.028674 a6=0.095572
f7=0.018912 a7=0.076660
f8=0.013187 a8=0.063472
f9=0.009595 a9=0.053877
f10=0.007219 a10=0.046658
f11=0.005581 a11=0.041077
f12=0.004413 a12=0.036664
f13=0.003555 a13=0.033109
f14=0.002910 a14=0.030198
f15=0.002416 a15=0.027783
f16=0.002029 a16=0.025753
f17=0.001723 a17=0.024030
f18=0.001477 a18=0.022554
f19=0.001276 a19=0.021278
f20=0.001111 a20=0.020167
f21=0.000974 a21=0.019193
f22=0.000859 a22=0.018334
f23=0.000762 a23=0.017572
f24=0.000679 a24=0.016893
f25=0.000608 a25=0.016285
f26=0.000547 a26=0.015738
f27=0.000494 a27=0.015243
f28=0.000448 a28=0.014796
f29=0.000407 a29=0.014388
f30=0.000372 a30=0.014016
f31=0.000340 a31=0.013676
f32=0.000312 a32=0.013364
f33=0.000287 a33=0.013076
f34=0.000265 a34=0.012811
f35=0.000245 a35=0.012566
f36=0.000227 a36=0.012339
f37=0.000211 a37=0.012128
f38=0.000196 a38=0.011931
f39=0.000183 a39=0.011748
f40=0.000171 a40=0.011577
f41=0.000160 a41=0.011417
f42=0.000150 a42=0.011267
f43=0.000141 a43=0.011127
f44=0.000132 a44=0.010995
f45=0.000124 a45=0.010870
f46=0.000117 a46=0.010753
f47=0.000111 a47=0.010642
f48=0.000105 a48=0.010538
f49=0.000099 a49=0.010439
f50=0.010439
[ 0.556825,  0.186326,  0.085692,  0.046912,  0.028674,  0.018912,  0.013187,  0.009595,  0.007219,  0.005581,  0.004413,  0.003555,  0.002910,  0.002416,  0.002029,  0.001723,  0.001477,  0.001276,  0.001111,  0.000974,  0.000859,  0.000762,  0.000679,  0.000608,  0.000547,  0.000494,  0.000448,  0.000407,  0.000372,  0.000340,  0.000312,  0.000287,  0.000265,  0.000245,  0.000227,  0.000211,  0.000196,  0.000183,  0.000171,  0.000160,  0.000150,  0.000141,  0.000132,  0.000124,  0.000117,  0.000111,  0.000105,  0.000099, 0.010439]
0.010439 == 0.010439
