Repeated 0 time
f3=0.329723 a3=0.670277
f4=0.151640 a4=0.518637
f5=0.083015 a5=0.435621
f6=0.050742 a6=0.384879
f7=0.033467 a7=0.351413
f8=0.023336 a8=0.328076
f9=0.016979 a9=0.311097
f10=0.311097
[ 0.329723,  0.151640,  0.083015,  0.050742,  0.033467,  0.023336,  0.016979, 0.311097]
0.311097 == 0.311097

total 92060 nodes
[ 0.000000,  0.000065,  0.333522,  0.146448,  0.084716,  0.053519,  0.028362,  0.027765,  0.014512,  0.311091,  0.000000,  0.000000,  0.000000,  0.000000,  0.000000,  0.000000,  0.000000,  0.000000,  0.000000,  0.000000,  0.000000,  0.000000,  0.000000,  0.000000,  0.000000,  0.000000,  0.000000,  0.000000,  0.000000,  0.000000,  0.000000,  0.000000,  0.000000,  0.000000,  0.000000,  0.000000,  0.000000,  0.000000,  0.000000,  0.000000,  0.000000,  0.000000,  0.000000,  0.000000,  0.000000,  0.000000,  0.000000,  0.000000,  0.000000,  0.000000,  0.000000,  0.000000,  0.000000,  0.000000,  0.000000,  0.000000,  0.000000,  0.000000,  0.000000,  0.000000,  0.000000,  0.000000,  0.000000,  0.000000,  0.000000,  0.000000,  0.000000,  0.000000,  0.000000,  0.000000,  0.000000,  0.000000,  0.000000,  0.000000,  0.000000,  0.000000,  0.000000,  0.000000,  0.000000,  0.000000,  0.000000,  0.000000,  0.000000,  0.000000,  0.000000,  0.000000,  0.000000,  0.000000,  0.000000,  0.000000,  0.000000,  0.000000,  0.000000,  0.000000,  0.000000,  0.000000,  0.000000,  0.000000,  0.000000,  0.000000 ]
checksum = 1.000000
Repeated 1 time
f3=0.329723 a3=0.670277
f4=0.151640 a4=0.518637
f5=0.083015 a5=0.435621
f6=0.050742 a6=0.384879
f7=0.033467 a7=0.351413
f8=0.023336 a8=0.328076
f9=0.016979 a9=0.311097
f10=0.311097
[ 0.329723,  0.151640,  0.083015,  0.050742,  0.033467,  0.023336,  0.016979, 0.311097]
0.311097 == 0.311097

total 91608 nodes
[ 0.000000,  0.000098,  0.330790,  0.151264,  0.081489,  0.051131,  0.037158,  0.020195,  0.019169,  0.308707,  0.000000,  0.000000,  0.000000,  0.000000,  0.000000,  0.000000,  0.000000,  0.000000,  0.000000,  0.000000,  0.000000,  0.000000,  0.000000,  0.000000,  0.000000,  0.000000,  0.000000,  0.000000,  0.000000,  0.000000,  0.000000,  0.000000,  0.000000,  0.000000,  0.000000,  0.000000,  0.000000,  0.000000,  0.000000,  0.000000,  0.000000,  0.000000,  0.000000,  0.000000,  0.000000,  0.000000,  0.000000,  0.000000,  0.000000,  0.000000,  0.000000,  0.000000,  0.000000,  0.000000,  0.000000,  0.000000,  0.000000,  0.000000,  0.000000,  0.000000,  0.000000,  0.000000,  0.000000,  0.000000,  0.000000,  0.000000,  0.000000,  0.000000,  0.000000,  0.000000,  0.000000,  0.000000,  0.000000,  0.000000,  0.000000,  0.000000,  0.000000,  0.000000,  0.000000,  0.000000,  0.000000,  0.000000,  0.000000,  0.000000,  0.000000,  0.000000,  0.000000,  0.000000,  0.000000,  0.000000,  0.000000,  0.000000,  0.000000,  0.000000,  0.000000,  0.000000,  0.000000,  0.000000,  0.000000,  0.000000 ]
checksum = 1.000000
Repeated 2 time
f3=0.329723 a3=0.670277
f4=0.151640 a4=0.518637
f5=0.083015 a5=0.435621
f6=0.050742 a6=0.384879
f7=0.033467 a7=0.351413
f8=0.023336 a8=0.328076
f9=0.016979 a9=0.311097
f10=0.311097
[ 0.329723,  0.151640,  0.083015,  0.050742,  0.033467,  0.023336,  0.016979, 0.311097]
0.311097 == 0.311097

total 91632 nodes
[ 0.000000,  0.000022,  0.333715,  0.153494,  0.080212,  0.051423,  0.028953,  0.019938,  0.017679,  0.314563,  0.000000,  0.000000,  0.000000,  0.000000,  0.000000,  0.000000,  0.000000,  0.000000,  0.000000,  0.000000,  0.000000,  0.000000,  0.000000,  0.000000,  0.000000,  0.000000,  0.000000,  0.000000,  0.000000,  0.000000,  0.000000,  0.000000,  0.000000,  0.000000,  0.000000,  0.000000,  0.000000,  0.000000,  0.000000,  0.000000,  0.000000,  0.000000,  0.000000,  0.000000,  0.000000,  0.000000,  0.000000,  0.000000,  0.000000,  0.000000,  0.000000,  0.000000,  0.000000,  0.000000,  0.000000,  0.000000,  0.000000,  0.000000,  0.000000,  0.000000,  0.000000,  0.000000,  0.000000,  0.000000,  0.000000,  0.000000,  0.000000,  0.000000,  0.000000,  0.000000,  0.000000,  0.000000,  0.000000,  0.000000,  0.000000,  0.000000,  0.000000,  0.000000,  0.000000,  0.000000,  0.000000,  0.000000,  0.000000,  0.000000,  0.000000,  0.000000,  0.000000,  0.000000,  0.000000,  0.000000,  0.000000,  0.000000,  0.000000,  0.000000,  0.000000,  0.000000,  0.000000,  0.000000,  0.000000,  0.000000 ]
checksum = 1.000000
Repeated 3 time
f3=0.329723 a3=0.670277
f4=0.151640 a4=0.518637
f5=0.083015 a5=0.435621
f6=0.050742 a6=0.384879
f7=0.033467 a7=0.351413
f8=0.023336 a8=0.328076
f9=0.016979 a9=0.311097
f10=0.311097
[ 0.329723,  0.151640,  0.083015,  0.050742,  0.033467,  0.023336,  0.016979, 0.311097]
0.311097 == 0.311097

total 91848 nodes
[ 0.000000,  0.000087,  0.328096,  0.149965,  0.092076,  0.047905,  0.028123,  0.028765,  0.012401,  0.312582,  0.000000,  0.000000,  0.000000,  0.000000,  0.000000,  0.000000,  0.000000,  0.000000,  0.000000,  0.000000,  0.000000,  0.000000,  0.000000,  0.000000,  0.000000,  0.000000,  0.000000,  0.000000,  0.000000,  0.000000,  0.000000,  0.000000,  0.000000,  0.000000,  0.000000,  0.000000,  0.000000,  0.000000,  0.000000,  0.000000,  0.000000,  0.000000,  0.000000,  0.000000,  0.000000,  0.000000,  0.000000,  0.000000,  0.000000,  0.000000,  0.000000,  0.000000,  0.000000,  0.000000,  0.000000,  0.000000,  0.000000,  0.000000,  0.000000,  0.000000,  0.000000,  0.000000,  0.000000,  0.000000,  0.000000,  0.000000,  0.000000,  0.000000,  0.000000,  0.000000,  0.000000,  0.000000,  0.000000,  0.000000,  0.000000,  0.000000,  0.000000,  0.000000,  0.000000,  0.000000,  0.000000,  0.000000,  0.000000,  0.000000,  0.000000,  0.000000,  0.000000,  0.000000,  0.000000,  0.000000,  0.000000,  0.000000,  0.000000,  0.000000,  0.000000,  0.000000,  0.000000,  0.000000,  0.000000,  0.000000 ]
checksum = 1.000000
Repeated 4 time
f3=0.329723 a3=0.670277
f4=0.151640 a4=0.518637
f5=0.083015 a5=0.435621
f6=0.050742 a6=0.384879
f7=0.033467 a7=0.351413
f8=0.023336 a8=0.328076
f9=0.016979 a9=0.311097
f10=0.311097
[ 0.329723,  0.151640,  0.083015,  0.050742,  0.033467,  0.023336,  0.016979, 0.311097]
0.311097 == 0.311097

total 91844 nodes
[ 0.000000,  0.000044,  0.327686,  0.150353,  0.085678,  0.053068,  0.029006,  0.024650,  0.020023,  0.309492,  0.000000,  0.000000,  0.000000,  0.000000,  0.000000,  0.000000,  0.000000,  0.000000,  0.000000,  0.000000,  0.000000,  0.000000,  0.000000,  0.000000,  0.000000,  0.000000,  0.000000,  0.000000,  0.000000,  0.000000,  0.000000,  0.000000,  0.000000,  0.000000,  0.000000,  0.000000,  0.000000,  0.000000,  0.000000,  0.000000,  0.000000,  0.000000,  0.000000,  0.000000,  0.000000,  0.000000,  0.000000,  0.000000,  0.000000,  0.000000,  0.000000,  0.000000,  0.000000,  0.000000,  0.000000,  0.000000,  0.000000,  0.000000,  0.000000,  0.000000,  0.000000,  0.000000,  0.000000,  0.000000,  0.000000,  0.000000,  0.000000,  0.000000,  0.000000,  0.000000,  0.000000,  0.000000,  0.000000,  0.000000,  0.000000,  0.000000,  0.000000,  0.000000,  0.000000,  0.000000,  0.000000,  0.000000,  0.000000,  0.000000,  0.000000,  0.000000,  0.000000,  0.000000,  0.000000,  0.000000,  0.000000,  0.000000,  0.000000,  0.000000,  0.000000,  0.000000,  0.000000,  0.000000,  0.000000,  0.000000 ]
checksum = 1.000000
Repeated 5 time
f3=0.329723 a3=0.670277
f4=0.151640 a4=0.518637
f5=0.083015 a5=0.435621
f6=0.050742 a6=0.384879
f7=0.033467 a7=0.351413
f8=0.023336 a8=0.328076
f9=0.016979 a9=0.311097
f10=0.311097
[ 0.329723,  0.151640,  0.083015,  0.050742,  0.033467,  0.023336,  0.016979, 0.311097]
0.311097 == 0.311097

total 91794 nodes
[ 0.000000,  0.000011,  0.334586,  0.140249,  0.086672,  0.056442,  0.027714,  0.027790,  0.016178,  0.310358,  0.000000,  0.000000,  0.000000,  0.000000,  0.000000,  0.000000,  0.000000,  0.000000,  0.000000,  0.000000,  0.000000,  0.000000,  0.000000,  0.000000,  0.000000,  0.000000,  0.000000,  0.000000,  0.000000,  0.000000,  0.000000,  0.000000,  0.000000,  0.000000,  0.000000,  0.000000,  0.000000,  0.000000,  0.000000,  0.000000,  0.000000,  0.000000,  0.000000,  0.000000,  0.000000,  0.000000,  0.000000,  0.000000,  0.000000,  0.000000,  0.000000,  0.000000,  0.000000,  0.000000,  0.000000,  0.000000,  0.000000,  0.000000,  0.000000,  0.000000,  0.000000,  0.000000,  0.000000,  0.000000,  0.000000,  0.000000,  0.000000,  0.000000,  0.000000,  0.000000,  0.000000,  0.000000,  0.000000,  0.000000,  0.000000,  0.000000,  0.000000,  0.000000,  0.000000,  0.000000,  0.000000,  0.000000,  0.000000,  0.000000,  0.000000,  0.000000,  0.000000,  0.000000,  0.000000,  0.000000,  0.000000,  0.000000,  0.000000,  0.000000,  0.000000,  0.000000,  0.000000,  0.000000,  0.000000,  0.000000 ]
checksum = 1.000000
Repeated 6 time
f3=0.329723 a3=0.670277
f4=0.151640 a4=0.518637
f5=0.083015 a5=0.435621
f6=0.050742 a6=0.384879
f7=0.033467 a7=0.351413
f8=0.023336 a8=0.328076
f9=0.016979 a9=0.311097
f10=0.311097
[ 0.329723,  0.151640,  0.083015,  0.050742,  0.033467,  0.023336,  0.016979, 0.311097]
0.311097 == 0.311097

total 92392 nodes
[ 0.000000,  0.000043,  0.327896,  0.145619,  0.090224,  0.052375,  0.032016,  0.023649,  0.021593,  0.306585,  0.000000,  0.000000,  0.000000,  0.000000,  0.000000,  0.000000,  0.000000,  0.000000,  0.000000,  0.000000,  0.000000,  0.000000,  0.000000,  0.000000,  0.000000,  0.000000,  0.000000,  0.000000,  0.000000,  0.000000,  0.000000,  0.000000,  0.000000,  0.000000,  0.000000,  0.000000,  0.000000,  0.000000,  0.000000,  0.000000,  0.000000,  0.000000,  0.000000,  0.000000,  0.000000,  0.000000,  0.000000,  0.000000,  0.000000,  0.000000,  0.000000,  0.000000,  0.000000,  0.000000,  0.000000,  0.000000,  0.000000,  0.000000,  0.000000,  0.000000,  0.000000,  0.000000,  0.000000,  0.000000,  0.000000,  0.000000,  0.000000,  0.000000,  0.000000,  0.000000,  0.000000,  0.000000,  0.000000,  0.000000,  0.000000,  0.000000,  0.000000,  0.000000,  0.000000,  0.000000,  0.000000,  0.000000,  0.000000,  0.000000,  0.000000,  0.000000,  0.000000,  0.000000,  0.000000,  0.000000,  0.000000,  0.000000,  0.000000,  0.000000,  0.000000,  0.000000,  0.000000,  0.000000,  0.000000,  0.000000 ]
checksum = 1.000000
Repeated 7 time
f3=0.329723 a3=0.670277
f4=0.151640 a4=0.518637
f5=0.083015 a5=0.435621
f6=0.050742 a6=0.384879
f7=0.033467 a7=0.351413
f8=0.023336 a8=0.328076
f9=0.016979 a9=0.311097
f10=0.311097
[ 0.329723,  0.151640,  0.083015,  0.050742,  0.033467,  0.023336,  0.016979, 0.311097]
0.311097 == 0.311097

total 91874 nodes
[ 0.000000,  0.000054,  0.326687,  0.159512,  0.082559,  0.046781,  0.027538,  0.028746,  0.016991,  0.311133,  0.000000,  0.000000,  0.000000,  0.000000,  0.000000,  0.000000,  0.000000,  0.000000,  0.000000,  0.000000,  0.000000,  0.000000,  0.000000,  0.000000,  0.000000,  0.000000,  0.000000,  0.000000,  0.000000,  0.000000,  0.000000,  0.000000,  0.000000,  0.000000,  0.000000,  0.000000,  0.000000,  0.000000,  0.000000,  0.000000,  0.000000,  0.000000,  0.000000,  0.000000,  0.000000,  0.000000,  0.000000,  0.000000,  0.000000,  0.000000,  0.000000,  0.000000,  0.000000,  0.000000,  0.000000,  0.000000,  0.000000,  0.000000,  0.000000,  0.000000,  0.000000,  0.000000,  0.000000,  0.000000,  0.000000,  0.000000,  0.000000,  0.000000,  0.000000,  0.000000,  0.000000,  0.000000,  0.000000,  0.000000,  0.000000,  0.000000,  0.000000,  0.000000,  0.000000,  0.000000,  0.000000,  0.000000,  0.000000,  0.000000,  0.000000,  0.000000,  0.000000,  0.000000,  0.000000,  0.000000,  0.000000,  0.000000,  0.000000,  0.000000,  0.000000,  0.000000,  0.000000,  0.000000,  0.000000,  0.000000 ]
checksum = 1.000000
Repeated 8 time
f3=0.329723 a3=0.670277
f4=0.151640 a4=0.518637
f5=0.083015 a5=0.435621
f6=0.050742 a6=0.384879
f7=0.033467 a7=0.351413
f8=0.023336 a8=0.328076
f9=0.016979 a9=0.311097
f10=0.311097
[ 0.329723,  0.151640,  0.083015,  0.050742,  0.033467,  0.023336,  0.016979, 0.311097]
0.311097 == 0.311097

total 92332 nodes
[ 0.000000,  0.000065,  0.321979,  0.163540,  0.077904,  0.053752,  0.031408,  0.020058,  0.023199,  0.308095,  0.000000,  0.000000,  0.000000,  0.000000,  0.000000,  0.000000,  0.000000,  0.000000,  0.000000,  0.000000,  0.000000,  0.000000,  0.000000,  0.000000,  0.000000,  0.000000,  0.000000,  0.000000,  0.000000,  0.000000,  0.000000,  0.000000,  0.000000,  0.000000,  0.000000,  0.000000,  0.000000,  0.000000,  0.000000,  0.000000,  0.000000,  0.000000,  0.000000,  0.000000,  0.000000,  0.000000,  0.000000,  0.000000,  0.000000,  0.000000,  0.000000,  0.000000,  0.000000,  0.000000,  0.000000,  0.000000,  0.000000,  0.000000,  0.000000,  0.000000,  0.000000,  0.000000,  0.000000,  0.000000,  0.000000,  0.000000,  0.000000,  0.000000,  0.000000,  0.000000,  0.000000,  0.000000,  0.000000,  0.000000,  0.000000,  0.000000,  0.000000,  0.000000,  0.000000,  0.000000,  0.000000,  0.000000,  0.000000,  0.000000,  0.000000,  0.000000,  0.000000,  0.000000,  0.000000,  0.000000,  0.000000,  0.000000,  0.000000,  0.000000,  0.000000,  0.000000,  0.000000,  0.000000,  0.000000,  0.000000 ]
checksum = 1.000000
Repeated 9 time
f3=0.329723 a3=0.670277
f4=0.151640 a4=0.518637
f5=0.083015 a5=0.435621
f6=0.050742 a6=0.384879
f7=0.033467 a7=0.351413
f8=0.023336 a8=0.328076
f9=0.016979 a9=0.311097
f10=0.311097
[ 0.329723,  0.151640,  0.083015,  0.050742,  0.033467,  0.023336,  0.016979, 0.311097]
0.311097 == 0.311097

total 91684 nodes
[ 0.000000,  0.000076,  0.328334,  0.146492,  0.092666,  0.047522,  0.029907,  0.027289,  0.021127,  0.306586,  0.000000,  0.000000,  0.000000,  0.000000,  0.000000,  0.000000,  0.000000,  0.000000,  0.000000,  0.000000,  0.000000,  0.000000,  0.000000,  0.000000,  0.000000,  0.000000,  0.000000,  0.000000,  0.000000,  0.000000,  0.000000,  0.000000,  0.000000,  0.000000,  0.000000,  0.000000,  0.000000,  0.000000,  0.000000,  0.000000,  0.000000,  0.000000,  0.000000,  0.000000,  0.000000,  0.000000,  0.000000,  0.000000,  0.000000,  0.000000,  0.000000,  0.000000,  0.000000,  0.000000,  0.000000,  0.000000,  0.000000,  0.000000,  0.000000,  0.000000,  0.000000,  0.000000,  0.000000,  0.000000,  0.000000,  0.000000,  0.000000,  0.000000,  0.000000,  0.000000,  0.000000,  0.000000,  0.000000,  0.000000,  0.000000,  0.000000,  0.000000,  0.000000,  0.000000,  0.000000,  0.000000,  0.000000,  0.000000,  0.000000,  0.000000,  0.000000,  0.000000,  0.000000,  0.000000,  0.000000,  0.000000,  0.000000,  0.000000,  0.000000,  0.000000,  0.000000,  0.000000,  0.000000,  0.000000,  0.000000 ]
checksum = 1.000000
====================
[ 0.000000,  0.000000,  0.000057,  0.329329,  0.150694,  0.085420,  0.051392,  0.030018,  0.024885,  0.018287,  0.309919,  0.000000,  0.000000,  0.000000,  0.000000,  0.000000,  0.000000,  0.000000,  0.000000,  0.000000,  0.000000,  0.000000,  0.000000,  0.000000,  0.000000,  0.000000,  0.000000,  0.000000,  0.000000,  0.000000,  0.000000,  0.000000,  0.000000,  0.000000,  0.000000,  0.000000,  0.000000,  0.000000,  0.000000,  0.000000,  0.000000,  0.000000,  0.000000,  0.000000,  0.000000,  0.000000,  0.000000,  0.000000,  0.000000,  0.000000,  0.000000,  0.000000,  0.000000,  0.000000,  0.000000,  0.000000,  0.000000,  0.000000,  0.000000,  0.000000,  0.000000,  0.000000,  0.000000,  0.000000,  0.000000,  0.000000,  0.000000,  0.000000,  0.000000,  0.000000,  0.000000,  0.000000,  0.000000,  0.000000,  0.000000,  0.000000,  0.000000,  0.000000,  0.000000,  0.000000,  0.000000,  0.000000,  0.000000,  0.000000,  0.000000,  0.000000,  0.000000,  0.000000,  0.000000,  0.000000,  0.000000,  0.000000,  0.000000,  0.000000,  0.000000,  0.000000,  0.000000,  0.000000,  0.000000,  0.000000,  0.000000 ]
f3=0.329723 a3=0.670277
f4=0.151640 a4=0.518637
f5=0.083015 a5=0.435621
f6=0.050742 a6=0.384879
f7=0.033467 a7=0.351413
f8=0.023336 a8=0.328076
f9=0.016979 a9=0.311097
f10=0.311097
[ 0.329723,  0.151640,  0.083015,  0.050742,  0.033467,  0.023336,  0.016979, 0.311097]
0.311097 == 0.311097
